# Postprocessed results of turbulent pipe flow 
# Velocity fluctuations 
# ------------------------------------------------------------------
# uTau = 0.0264811 
# nu = 2.65252e-05 
# ------------------------------------------------------------------
# r	 1-r	 y+	 urur	 utut	 uzuz	 urut	 uruz	 utuz	 
# ------------------------------------------------------------------
1	0	0	4.26088e-11	 1.27713e-06	3.92624e-06	4.84086e-10	 1.56796e-09	  6.27227e-07	 
0.999903	9.7e-05	0.0968387	4.26088e-11	 1.27713e-06	3.92624e-06	4.84086e-10	 1.56796e-09	  6.27227e-07	 
0.999776	0.0002245	0.224127	1.16425e-09	 6.5298e-06	2.11624e-05	6.04571e-09	 1.99552e-08	  3.409e-06	 
0.999618	0.0003823	0.381664	9.15172e-09	 1.77699e-05	6.10706e-05	2.9992e-08	 1.01606e-07	  9.97499e-06	 
0.999429	0.0005705	0.569552	4.24834e-08	 3.80397e-05	0.000134813	1.00639e-07	 3.51061e-07	  2.22037e-05	 
0.999211	0.0007891	0.787788	1.43162e-07	 6.83012e-05	0.000259113	2.7445e-07	 9.52393e-07	  4.30854e-05	 
0.998962	0.001038	1.03627	3.84693e-07	 0.000110485	0.000445273	6.2306e-07	 2.24833e-06	  7.45413e-05	 
0.998683	0.0013172	1.31501	9.0706e-07	 0.000164533	0.000704603	1.29472e-06	 4.6703e-06	  0.000121596	 
0.998373	0.0016268	1.6241	1.89671e-06	 0.000230237	0.00108637	2.47789e-06	 9.13283e-06	  0.000189983	 
0.998034	0.0019665	1.96323	3.58781e-06	 0.000305123	0.00155498	4.40181e-06	 1.61082e-05	  0.000284183	 
0.997663	0.0023366	2.33272	6.30169e-06	 0.000390233	0.00219289	7.46239e-06	 2.68685e-05	  0.000412462	 
0.997263	0.0027368	2.73225	1.037e-05	 0.000490629	0.00292509	1.17245e-05	 4.26921e-05	  0.000570773	 
0.996833	0.0031672	3.16193	1.61439e-05	 0.000592278	0.0037817	1.79931e-05	 6.40067e-05	  0.000777578	 
0.996372	0.0036278	3.62177	2.38129e-05	 0.000700263	0.0047622	2.71292e-05	 9.05267e-05	  0.00103275	 
0.995882	0.0041184	4.11155	3.40533e-05	 0.000815059	0.00584608	3.81813e-05	 0.000123811	  0.00130479	 
0.995361	0.0046391	4.63139	4.67444e-05	 0.000930073	0.00691963	5.22708e-05	 0.000159006	  0.00167641	 
0.99481	0.0051899	5.18127	6.30119e-05	 0.0010373	0.00792207	6.96405e-05	 0.00020009	  0.00206235	 
0.994229	0.0057706	5.76101	8.20499e-05	 0.00114827	0.00890704	8.89479e-05	 0.000239938	  0.00250623	 
0.993619	0.0063813	6.37069	0.00010359	 0.00125213	0.00974096	0.000111623	 0.00028039	  0.00300918	 
0.992978	0.0070218	7.01013	0.000131107	 0.00135339	0.0105712	0.00013615	 0.000315613	  0.00350068	 
0.992308	0.0076923	7.67951	0.000160271	 0.00146919	0.0112454	0.000164564	 0.000344425	  0.0040152	 
0.991607	0.0083925	8.37855	0.000189763	 0.00156015	0.0119456	0.000190503	 0.000364732	  0.00456781	 
0.990877	0.0091225	9.10733	0.000224319	 0.00167439	0.0125306	0.000219112	 0.000384054	  0.00509846	 
0.990118	0.0098822	9.86577	0.000259582	 0.00179942	0.0132947	0.000247368	 0.000389505	  0.00554368	 
0.989329	0.0106715	10.6538	0.000301997	 0.00192	0.0141093	0.000275773	 0.000394227	  0.00591587	 
0.98851	0.0114905	11.4714	0.000346691	 0.0020509	0.0147111	0.000299747	 0.000397689	  0.00639306	 
0.987661	0.0123389	12.3184	0.000386726	 0.00217638	0.0157573	0.000326589	 0.000388998	  0.00678738	 
0.986783	0.0132169	13.1949	0.000435016	 0.00228102	0.0167398	0.000345549	 0.000390916	  0.00695522	 
0.985876	0.0141243	14.1008	0.000470079	 0.00235338	0.017683	0.000363124	 0.000387818	  0.00732144	 
0.984939	0.015061	15.036	0.000515225	 0.00244093	0.0184111	0.000387365	 0.000400775	  0.00764826	 
0.983973	0.016027	16.0004	0.000564672	 0.00245797	0.0198468	0.000400595	 0.000412613	  0.00787574	 
0.982978	0.0170223	16.994	0.000603431	 0.00250835	0.0206319	0.000411799	 0.000440291	  0.00805168	 
0.981953	0.0180467	18.0167	0.000642407	 0.00258803	0.0215644	0.00043218	 0.000457033	  0.00828746	 
0.9809	0.0191002	19.0684	0.000670776	 0.0026098	0.0218227	0.000437625	 0.000493048	  0.00842023	 
0.979817	0.0201827	20.1491	0.000715638	 0.00275174	0.0224875	0.000456328	 0.000522616	  0.00867734	 
0.978706	0.0212941	21.2587	0.000755277	 0.00281327	0.0225667	0.000462109	 0.000553607	  0.00878456	 
0.977565	0.0224345	22.3972	0.000798249	 0.00292488	0.0226693	0.00046867	 0.000582521	  0.00900278	 
0.976396	0.0236036	23.5644	0.000823397	 0.00304048	0.0231111	0.000488474	 0.000623982	  0.00903638	 
0.975198	0.0248015	24.7603	0.000846504	 0.00315203	0.0229825	0.000495592	 0.00065374	  0.00907456	 
0.973972	0.026028	25.9847	0.000878344	 0.00322079	0.0228612	0.000508345	 0.000687415	  0.00902912	 
0.972717	0.027283	27.2376	0.000893931	 0.00335113	0.0225105	0.000524328	 0.000724529	  0.0090799	 
0.971433	0.0285666	28.5191	0.000925184	 0.00333094	0.0226291	0.00053502	 0.000748658	  0.00896409	 
0.970121	0.0298785	29.8288	0.000953769	 0.00343553	0.0223227	0.000547287	 0.000778145	  0.0091189	 
0.968781	0.0312187	31.1668	0.00097157	 0.00345947	0.0217173	0.000560316	 0.000809927	  0.00889723	 
0.967413	0.0325872	32.533	0.00100447	 0.00355894	0.0218517	0.000585139	 0.000825769	  0.00887683	 
0.966016	0.0339838	33.9273	0.00105027	 0.00355864	0.0217765	0.000593581	 0.000856271	  0.00871925	 
0.964592	0.0354084	35.3495	0.00109136	 0.00355951	0.0216799	0.000605242	 0.000887071	  0.00860929	 
0.963139	0.036861	36.7997	0.00113977	 0.00370931	0.0219651	0.000625931	 0.00090963	  0.0085584	 
0.961658	0.0383415	38.2778	0.00116658	 0.00369314	0.022123	0.000628491	 0.000928549	  0.00849148	 
0.96015	0.0398497	39.7834	0.00121473	 0.00374132	0.0218675	0.000654412	 0.000951751	  0.00845036	 
0.958614	0.0413856	41.3168	0.00127963	 0.00381711	0.021541	0.000656804	 0.000975938	  0.00837679	 
0.957051	0.042949	42.8776	0.00132806	 0.00390629	0.0216944	0.000673978	 0.000992985	  0.00837786	 
0.95546	0.0445399	44.4659	0.00139301	 0.00389863	0.0209866	0.000690627	 0.00100679	  0.00834503	 
0.953842	0.0461581	46.0814	0.00145936	 0.00392064	0.0214803	0.000705616	 0.00104435	  0.0082564	 
0.952196	0.0478037	47.7242	0.0015351	 0.00401284	0.0213318	0.000710569	 0.00107693	  0.00803572	 
0.950524	0.0494763	49.394	0.00156836	 0.00402716	0.0213244	0.000728272	 0.00110465	  0.00798047	 
0.948824	0.0511761	51.091	0.00162076	 0.00408108	0.0211835	0.000739989	 0.00111486	  0.00793881	 
0.947097	0.0529027	52.8147	0.001722	 0.00413853	0.0216539	0.000746457	 0.00116336	  0.00789841	 
0.945344	0.0546562	54.5653	0.0017516	 0.00424794	0.0215254	0.000751368	 0.00119033	  0.00781088	 
0.943563	0.0564365	56.3427	0.00182406	 0.00448879	0.0215911	0.000774565	 0.00122531	  0.00791011	 
0.941757	0.0582433	58.1465	0.00191451	 0.00469294	0.0221117	0.000791834	 0.00126361	  0.00786391	 
0.939923	0.0600766	59.9767	0.00198227	 0.00497224	0.0222549	0.000810451	 0.00128136	  0.0079197	 
0.938064	0.0619363	61.8333	0.00207437	 0.00528738	0.0230078	0.000835968	 0.00131737	  0.00799197	 
0.936178	0.0638223	63.7162	0.00217027	 0.00543646	0.0233787	0.000841525	 0.00133784	  0.00790961	 
0.934266	0.0657344	65.6251	0.00220875	 0.00565571	0.0240745	0.000851678	 0.00137469	  0.00813312	 
0.932327	0.0676725	67.56	0.00226706	 0.00576041	0.0244739	0.000855947	 0.00137568	  0.00817241	 
0.930363	0.0696366	69.5208	0.00231506	 0.00593414	0.0250217	0.000878689	 0.00140526	  0.00808526	 
0.928374	0.0716264	71.5073	0.00239704	 0.00600009	0.025164	0.000897399	 0.00143318	  0.00789695	 
0.926358	0.0736418	73.5194	0.00240853	 0.0061079	0.0253792	0.000909874	 0.00143178	  0.00772185	 
0.924317	0.0756828	75.557	0.00247138	 0.00622982	0.025599	0.00094151	 0.00143788	  0.00759071	 
0.922251	0.0777492	77.6199	0.00255253	 0.00642787	0.0273615	0.000972636	 0.00146172	  0.0075277	 
0.920159	0.0798409	79.7082	0.00260229	 0.00648985	0.0276788	0.00100678	 0.00147424	  0.00755032	 
0.918042	0.0819577	81.8214	0.0026533	 0.00661416	0.028216	0.00101199	 0.00150506	  0.00766819	 
0.915901	0.0840995	83.9597	0.00269764	 0.00665637	0.0291793	0.00104488	 0.0015315	  0.00775775	 
0.913734	0.0862663	86.1229	0.00277053	 0.00680848	0.0293436	0.00105152	 0.00152314	  0.00777412	 
0.911542	0.0884577	88.3106	0.00281598	 0.00696771	0.0293299	0.00109112	 0.00157037	  0.00801737	 
0.909326	0.0906738	90.5231	0.0027997	 0.00714135	0.0300062	0.00111968	 0.0015402	  0.0080229	 
0.907086	0.0929143	92.7598	0.00283957	 0.00738309	0.0302868	0.00114833	 0.00156878	  0.00793251	 
0.904821	0.0951792	95.021	0.00285612	 0.0075477	0.0308557	0.00115919	 0.00157167	  0.00803818	 
0.902532	0.0974682	97.3062	0.00289301	 0.00773404	0.030988	0.00118978	 0.0015871	  0.00799894	 
0.900219	0.0997814	99.6155	0.00291281	 0.00780331	0.0309553	0.00123971	 0.00159562	  0.00802425	 
0.897882	0.102118	101.949	0.0029764	 0.00807118	0.030879	0.00125428	 0.00161461	  0.00817877	 
0.895521	0.104479	104.306	0.00308352	 0.00803044	0.0303864	0.00129469	 0.00166898	  0.00837289	 
0.893136	0.106864	106.686	0.0031226	 0.00817576	0.0304456	0.00134439	 0.00169046	  0.00847762	 
0.890729	0.109271	109.09	0.00318347	 0.00820031	0.0307714	0.00135848	 0.00169239	  0.00883551	 
0.888297	0.111703	111.517	0.0032255	 0.00820014	0.0311935	0.00142567	 0.00172963	  0.00891082	 
0.885843	0.114157	113.967	0.00325712	 0.00830143	0.0316577	0.0014093	 0.00176704	  0.00897407	 
0.883365	0.116635	116.441	0.00330309	 0.00835489	0.0316444	0.00145356	 0.00175794	  0.00897807	 
0.880865	0.119135	118.937	0.00332862	 0.00865429	0.0318552	0.0014945	 0.0017756	  0.00904594	 
0.878342	0.121658	121.456	0.00340529	 0.0089801	0.0325848	0.00148045	 0.00178495	  0.00933634	 
0.875796	0.124204	123.997	0.00340353	 0.00915138	0.0321482	0.00150841	 0.00177275	  0.00949103	 
0.873228	0.126772	126.561	0.00347324	 0.00916748	0.0318808	0.00151323	 0.00173047	  0.00970174	 
0.870638	0.129362	129.147	0.00346513	 0.00928837	0.0326002	0.0015336	 0.00174274	  0.00983792	 
0.868026	0.131974	131.755	0.00345931	 0.00949709	0.0325984	0.00152961	 0.00172367	  0.00974041	 
0.865391	0.134609	134.385	0.00352987	 0.00936794	0.0333334	0.00154324	 0.0017473	  0.0094516	 
0.862735	0.137265	137.036	0.00347971	 0.00958284	0.0339407	0.00153919	 0.00172776	  0.00943644	 
0.860058	0.139942	139.71	0.00354622	 0.0095189	0.0353057	0.00156491	 0.00178395	  0.0094468	 
0.857358	0.142642	142.404	0.00355914	 0.00952211	0.0359504	0.00157791	 0.00178726	  0.00947754	 
0.854638	0.145362	145.12	0.00360717	 0.00950458	0.0362843	0.00161299	 0.0018199	  0.00986325	 
0.851896	0.148104	147.858	0.00357869	 0.00968933	0.0365319	0.00166194	 0.0018347	  0.0100116	 
0.849134	0.150866	150.615	0.00363621	 0.00946232	0.0368668	0.00168863	 0.00181597	  0.0102218	 
0.84635	0.15365	153.394	0.00366775	 0.00942312	0.0366192	0.00167956	 0.00180703	  0.010275	 
0.843546	0.156454	156.194	0.00368961	 0.00926876	0.036543	0.00166738	 0.00181556	  0.0103615	 
0.840722	0.159278	159.013	0.00372375	 0.0092603	0.0366845	0.00165835	 0.00180415	  0.010476	 
0.837877	0.162123	161.853	0.00375622	 0.00916531	0.0364305	0.00164668	 0.00180085	  0.0105346	 
0.835012	0.164988	164.714	0.00381789	 0.00919006	0.0364736	0.00164085	 0.00177761	  0.0104412	 
0.832127	0.167873	167.594	0.00390881	 0.00925558	0.0360767	0.00167717	 0.00175636	  0.0104083	 
0.829223	0.170777	170.493	0.00393826	 0.00918253	0.0354103	0.00171074	 0.00176724	  0.0104056	 
0.826298	0.173702	173.413	0.00401172	 0.00923127	0.0360011	0.00172127	 0.0017876	  0.0105124	 
0.823355	0.176645	176.352	0.00399693	 0.00902211	0.0368375	0.00172935	 0.00179918	  0.0101873	 
0.820392	0.179608	179.309	0.00411526	 0.00912831	0.0376675	0.00174382	 0.00180353	  0.0100618	 
0.81741	0.18259	182.287	0.00418171	 0.00916023	0.039297	0.00173644	 0.00183216	  0.00989409	 
0.814409	0.185591	185.282	0.00423001	 0.00923626	0.0404037	0.00174418	 0.0018709	  0.00990259	 
0.81139	0.18861	188.297	0.00422183	 0.00956409	0.0412575	0.00176548	 0.00191547	  0.00979364	 
0.808352	0.191648	191.33	0.0041513	 0.0096631	0.0419157	0.0017673	 0.00194184	  0.00983134	 
0.805295	0.194705	194.381	0.00405557	 0.0100126	0.0430048	0.00182873	 0.00199572	  0.00978218	 
0.802221	0.197779	197.451	0.00397096	 0.0102511	0.0435648	0.00189129	 0.00202962	  0.0100825	 
0.799128	0.200872	200.538	0.00394172	 0.0103917	0.0434213	0.00190876	 0.00205337	  0.0101819	 
0.796018	0.203982	203.643	0.00395235	 0.0105241	0.0444746	0.00195123	 0.00208455	  0.0104418	 
0.79289	0.20711	206.766	0.003909	 0.0108303	0.0442772	0.00196572	 0.00210675	  0.0107729	 
0.789744	0.210256	209.906	0.00385746	 0.0111577	0.0441606	0.00201371	 0.0021209	  0.0112751	 
0.786582	0.213418	213.064	0.00388468	 0.0112113	0.0443793	0.00201365	 0.00216692	  0.0115605	 
0.783402	0.216598	216.238	0.00386271	 0.0111475	0.0455358	0.00206824	 0.00227515	  0.0117193	 
0.780205	0.219795	219.429	0.00388065	 0.0110938	0.0465172	0.00211174	 0.00231506	  0.0121266	 
0.776992	0.223008	222.637	0.00379465	 0.0110238	0.0473558	0.0021416	 0.00236751	  0.0120489	 
0.773763	0.226237	225.861	0.00387995	 0.010908	0.0464191	0.00212951	 0.00244748	  0.0122298	 
0.770517	0.229483	229.102	0.00380638	 0.010964	0.046146	0.00211032	 0.0024943	  0.0123151	 
0.767255	0.232745	232.358	0.00381624	 0.0111027	0.0452347	0.00210836	 0.00252121	  0.012674	 
0.763977	0.236023	235.631	0.0038513	 0.011053	0.0435174	0.00209517	 0.00254632	  0.0126552	 
0.760683	0.239317	238.919	0.00391778	 0.0110295	0.0433138	0.00209138	 0.00257742	  0.0127215	 
0.757374	0.242626	242.223	0.0039231	 0.0109391	0.0414278	0.00211896	 0.00260963	  0.0123826	 
0.754049	0.245951	245.542	0.00403089	 0.0107514	0.03995	0.00213246	 0.00260363	  0.0120997	 
0.75071	0.24929	248.876	0.00403898	 0.0109579	0.0383115	0.00218808	 0.00260657	  0.0118702	 
0.747355	0.252645	252.225	0.00405825	 0.0109263	0.0380279	0.00218161	 0.00262789	  0.0115336	 
0.743986	0.256014	255.588	0.0041356	 0.0108666	0.037548	0.00218248	 0.00260689	  0.0115076	 
0.740603	0.259397	258.966	0.00409657	 0.0108077	0.0365275	0.0022323	 0.00261293	  0.0113458	 
0.737205	0.262795	262.359	0.00415648	 0.0104557	0.0353612	0.00217628	 0.00259749	  0.0113028	 
0.733792	0.266208	265.765	0.00412641	 0.0103065	0.0349066	0.00219359	 0.00264485	  0.0113435	 
0.730366	0.269634	269.185	0.00420067	 0.0101031	0.0356425	0.00219034	 0.0026853	  0.0111521	 
0.726927	0.273073	272.619	0.00417452	 0.0101484	0.0364808	0.00222782	 0.00274345	  0.0108617	 
0.723473	0.276527	276.067	0.00428849	 0.00994998	0.0373319	0.0022658	 0.00283051	  0.0109469	 
0.720007	0.279993	279.528	0.00427993	 0.00969873	0.0367281	0.00232478	 0.00284137	  0.0108873	 
0.716527	0.283473	283.001	0.00431525	 0.00941789	0.0364314	0.00241705	 0.00290962	  0.0108737	 
0.713035	0.286965	286.488	0.00444372	 0.00939918	0.0368759	0.00242063	 0.00291885	  0.0108379	 
0.70953	0.29047	289.988	0.00448149	 0.00925489	0.0369201	0.00244794	 0.00298507	  0.010601	 
0.706012	0.293988	293.499	0.00451323	 0.00911341	0.0376907	0.00240357	 0.00302433	  0.0108238	 
0.702482	0.297518	297.023	0.00456407	 0.00869818	0.0379439	0.00238534	 0.00303496	  0.010803	 
0.69894	0.30106	300.56	0.00462653	 0.0085315	0.0378132	0.00237731	 0.00303077	  0.0107611	 
0.695386	0.304614	304.108	0.00471025	 0.00834222	0.0383719	0.00238835	 0.00305558	  0.0108159	 
0.69182	0.30818	307.667	0.00480047	 0.00817975	0.0385935	0.00235299	 0.00305328	  0.0106931	 
0.688244	0.311756	311.238	0.00484344	 0.00832243	0.0398194	0.00234686	 0.00309054	  0.0108456	 
0.684655	0.315345	314.82	0.00496006	 0.00837688	0.0405549	0.00230504	 0.00310737	  0.0109215	 
0.681056	0.318944	318.414	0.00499426	 0.00848434	0.0409499	0.00230419	 0.00313212	  0.0110381	 
0.677446	0.322554	322.018	0.00504282	 0.00867437	0.0408403	0.00228082	 0.00320569	  0.0108657	 
0.673826	0.326174	325.632	0.00494713	 0.00866693	0.0421866	0.0023048	 0.00319898	  0.0108253	 
0.670195	0.329805	329.257	0.00503909	 0.00859149	0.0433337	0.00233738	 0.00324974	  0.0107158	 
0.666554	0.333446	332.892	0.00510389	 0.00862218	0.0434406	0.00232085	 0.00325004	  0.0105537	 
0.662903	0.337097	336.537	0.00512836	 0.00868608	0.0440015	0.00235203	 0.00328933	  0.0107379	 
0.659242	0.340758	340.192	0.00519526	 0.00871123	0.0432869	0.00231606	 0.00335016	  0.0108783	 
0.655571	0.344429	343.856	0.0052766	 0.00879998	0.0442671	0.00225401	 0.00331988	  0.010869	 
0.651892	0.348108	347.529	0.00529365	 0.00895738	0.0437849	0.00225534	 0.00338601	  0.0110772	 
0.648203	0.351797	351.212	0.00535286	 0.00912398	0.0429889	0.00223279	 0.00346453	  0.0112452	 
0.644506	0.355494	354.903	0.00535215	 0.00913404	0.0425715	0.00222582	 0.00348946	  0.011778	 
0.640799	0.359201	358.603	0.00535112	 0.00942284	0.0419116	0.00223929	 0.00359469	  0.0120817	 
0.637085	0.362915	362.312	0.00546009	 0.00935661	0.0408907	0.00217218	 0.0035313	  0.0122501	 
0.633362	0.366638	366.028	0.00557502	 0.00936968	0.0402748	0.00213791	 0.00357852	  0.0121982	 
0.629631	0.370369	369.753	0.00570926	 0.00918127	0.0387922	0.00214024	 0.00355413	  0.0120287	 
0.625893	0.374107	373.485	0.00578874	 0.00912233	0.0383231	0.00212534	 0.00362135	  0.0117275	 
0.622146	0.377854	377.225	0.00586189	 0.0088742	0.0381793	0.00207955	 0.00356999	  0.0117648	 
0.618393	0.381607	380.973	0.00577877	 0.00901982	0.0368536	0.00210508	 0.00357195	  0.0117839	 
0.614632	0.385368	384.727	0.00579901	 0.00890007	0.0359838	0.00208928	 0.00354691	  0.0119115	 
0.610865	0.389135	388.488	0.00577553	 0.00903259	0.0352052	0.00210368	 0.00364934	  0.0121838	 
0.60709	0.39291	392.256	0.00579556	 0.00903588	0.0337108	0.00207362	 0.00367118	  0.0121407	 
0.60331	0.39669	396.031	0.00580947	 0.00904682	0.033066	0.00206902	 0.00369911	  0.0120511	 
0.599523	0.400477	399.811	0.00593912	 0.00890773	0.0311066	0.00205336	 0.00361004	  0.0119654	 
0.59573	0.40427	403.598	0.00606957	 0.00885796	0.0302764	0.00206972	 0.00366099	  0.0117639	 
0.591931	0.408069	407.39	0.0061886	 0.00889623	0.0291927	0.0020971	 0.0037108	  0.0115574	 
0.588127	0.411873	411.188	0.00626849	 0.00880255	0.0291847	0.00209986	 0.00378153	  0.0114268	 
0.584317	0.415683	414.992	0.00620884	 0.0087543	0.0290608	0.00218418	 0.00387603	  0.0111755	 
0.580502	0.419498	418.8	0.00637517	 0.00877876	0.029276	0.00221018	 0.00398843	  0.0110969	 
0.576683	0.423317	422.613	0.00648588	 0.00911776	0.0290283	0.00224355	 0.00403087	  0.0108451	 
0.572858	0.427142	426.431	0.00652172	 0.00939452	0.0285338	0.00225683	 0.00405429	  0.0105523	 
0.56903	0.43097	430.254	0.00681593	 0.00952877	0.0282086	0.00228992	 0.00403304	  0.0100979	 
0.565197	0.434803	434.081	0.00698798	 0.00963382	0.0275874	0.00229092	 0.0040961	  0.00991147	 
0.56136	0.43864	437.911	0.00707688	 0.00998912	0.0275852	0.00230979	 0.00417735	  0.00967613	 
0.557519	0.442481	441.746	0.0070597	 0.0102652	0.0274907	0.00234987	 0.0043721	  0.00961076	 
0.553674	0.446326	445.584	0.00725975	 0.0105638	0.0273796	0.00238065	 0.00451127	  0.00935097	 
0.549827	0.450173	449.425	0.00705615	 0.0106917	0.0269367	0.00240216	 0.00467278	  0.00897569	 
0.545976	0.454024	453.269	0.00700223	 0.0109513	0.0278033	0.00237861	 0.0046237	  0.00853808	 
0.542122	0.457878	457.117	0.007075	 0.0113944	0.0277881	0.00237981	 0.00472989	  0.00846881	 
0.538266	0.461734	460.967	0.00711861	 0.011479	0.0274814	0.00234711	 0.00487571	  0.00839605	 
0.534407	0.465593	464.819	0.00725591	 0.0117549	0.0265639	0.00234697	 0.00494756	  0.0083157	 
0.530546	0.469454	468.674	0.00726269	 0.0120911	0.0258932	0.00237798	 0.00507708	  0.00813884	 
0.526683	0.473317	472.53	0.00736408	 0.0129014	0.0249943	0.0024352	 0.00520514	  0.00810191	 
0.522818	0.477182	476.389	0.00759305	 0.0132648	0.0246306	0.00243747	 0.00529974	  0.00800105	 
0.518952	0.481048	480.248	0.00760196	 0.0135812	0.0240905	0.00244219	 0.00536267	  0.00810285	 
0.515084	0.484916	484.11	0.00787131	 0.0134561	0.02303	0.00240548	 0.00527603	  0.00820975	 
0.511216	0.488784	487.972	0.00789236	 0.0134289	0.0219705	0.00237243	 0.00532334	  0.00817454	 
0.507346	0.492654	491.835	0.00816859	 0.0136454	0.0214084	0.00239218	 0.00530515	  0.00789237	 
0.503476	0.496524	495.699	0.00816955	 0.013747	0.0206673	0.00246503	 0.00527729	  0.00781142	 
0.499605	0.500395	499.563	0.00830678	 0.014324	0.0204355	0.00243556	 0.00538624	  0.00781852	 
0.495735	0.504265	503.427	0.00821687	 0.0144671	0.0202585	0.00244327	 0.00551647	  0.00778556	 
0.491864	0.508136	507.291	0.00821084	 0.0143723	0.0196214	0.00235581	 0.00543336	  0.0078401	 
0.487994	0.512006	511.155	0.00813908	 0.0143265	0.0193229	0.00232749	 0.00535174	  0.00780675	 
0.484124	0.515876	515.019	0.0079908	 0.01479	0.0195019	0.00229048	 0.00528077	  0.00759752	 
0.480255	0.519745	518.881	0.00799648	 0.0144856	0.0195572	0.00228843	 0.00521213	  0.00745985	 
0.476386	0.523613	522.743	0.00780992	 0.0145736	0.0197085	0.00229037	 0.00528913	  0.00729237	 
0.472519	0.527481	526.604	0.00779676	 0.0147008	0.0202774	0.00232204	 0.00517961	  0.00720314	 
0.468654	0.531346	530.463	0.00768248	 0.0147679	0.0206045	0.00231424	 0.00511809	  0.00713327	 
0.46479	0.53521	534.32	0.00767865	 0.014638	0.0216804	0.00234018	 0.00501933	  0.00717899	 
0.460928	0.539072	538.176	0.0075712	 0.0140151	0.0223008	0.0022742	 0.00503429	  0.00708751	 
0.457068	0.542932	542.029	0.00735751	 0.0140231	0.0230309	0.00225223	 0.00507497	  0.00705499	 
0.45321	0.54679	545.881	0.00706203	 0.013661	0.0240425	0.00227702	 0.00511719	  0.00707743	 
0.449355	0.550645	549.73	0.0069613	 0.0138074	0.0242519	0.00228201	 0.00517082	  0.00699345	 
0.445503	0.554497	553.575	0.00676837	 0.0136336	0.0245964	0.00225312	 0.00520284	  0.00689506	 
0.441653	0.558347	557.418	0.00672263	 0.013266	0.0259394	0.00228003	 0.00526854	  0.0068515	 
0.437807	0.562193	561.258	0.00669984	 0.0131165	0.0266556	0.00231759	 0.00520869	  0.00683066	 
0.433964	0.566036	565.095	0.00666596	 0.0131751	0.0270903	0.00236787	 0.0052984	  0.00679609	 
0.430125	0.569875	568.927	0.00662435	 0.0133708	0.0274981	0.00236072	 0.00528238	  0.00677263	 
0.42629	0.57371	572.756	0.00662462	 0.0132379	0.0276485	0.00235943	 0.00527845	  0.00682707	 
0.422459	0.577541	576.581	0.00650445	 0.013171	0.0281938	0.00243531	 0.0052172	  0.00665327	 
0.418632	0.581368	580.401	0.00640792	 0.013111	0.0282236	0.00239721	 0.00505216	  0.00652246	 
0.41481	0.58519	584.217	0.00649046	 0.0135077	0.0288127	0.0024387	 0.0049849	  0.00647443	 
0.410993	0.589007	588.028	0.00654402	 0.0142389	0.0287724	0.00245569	 0.00505811	  0.0063293	 
0.40718	0.59282	591.834	0.00641418	 0.0145542	0.0289826	0.00242785	 0.00498372	  0.00635711	 
0.403373	0.596627	595.635	0.00653309	 0.0144535	0.0297566	0.00240747	 0.00505354	  0.00648075	 
0.399572	0.600429	599.43	0.00639693	 0.0142635	0.0296322	0.0024434	 0.00498776	  0.00663743	 
0.395775	0.604225	603.22	0.00640555	 0.0141392	0.0303271	0.00246464	 0.00505127	  0.00661905	 
0.391985	0.608015	607.004	0.00624702	 0.0137977	0.0309251	0.00245333	 0.00509205	  0.00674571	 
0.388201	0.611799	610.782	0.00633302	 0.0136248	0.0309519	0.00240106	 0.0050741	  0.00677521	 
0.384424	0.615576	614.553	0.00643296	 0.0135394	0.0312591	0.00239342	 0.00514511	  0.00689399	 
0.380653	0.619347	618.318	0.0064802	 0.013278	0.0316174	0.00231022	 0.00519657	  0.00693432	 
0.376888	0.623112	622.076	0.00660558	 0.0130453	0.0327594	0.00229969	 0.00519165	  0.00698677	 
0.373131	0.626869	625.827	0.00663682	 0.0127898	0.0339101	0.0022508	 0.00517731	  0.00708404	 
0.369381	0.630619	629.571	0.00672479	 0.0127435	0.0336377	0.00227179	 0.00516208	  0.00707167	 
0.365638	0.634362	633.307	0.00676834	 0.0127776	0.0329368	0.00225012	 0.00512254	  0.00718561	 
0.361903	0.638097	637.036	0.00672627	 0.0125759	0.0330281	0.00224242	 0.0051242	  0.00720884	 
0.358176	0.641824	640.757	0.00676075	 0.0127395	0.0328487	0.00221306	 0.00524334	  0.00722124	 
0.354457	0.645543	644.469	0.00691052	 0.0128298	0.0332677	0.00217058	 0.00518966	  0.00724636	 
0.350747	0.649253	648.174	0.00690929	 0.012837	0.0336916	0.00212283	 0.00524513	  0.00722873	 
0.347045	0.652955	651.87	0.00707423	 0.0125812	0.0341192	0.0021214	 0.0053417	  0.00720048	 
0.343351	0.656649	655.557	0.00702424	 0.0125447	0.0333424	0.002131	 0.00548834	  0.00710602	 
0.339667	0.660333	659.235	0.00704087	 0.012843	0.0329124	0.00213251	 0.00544575	  0.00725171	 
0.335992	0.664008	662.904	0.00708652	 0.0128939	0.0322587	0.00214897	 0.0056007	  0.00729714	 
0.332326	0.667674	666.564	0.0072001	 0.0129837	0.0313821	0.0020997	 0.00555212	  0.00724401	 
0.32867	0.67133	670.214	0.0071645	 0.0131049	0.0315463	0.00205731	 0.00551898	  0.00737241	 
0.325024	0.674976	673.854	0.00711208	 0.0134559	0.0310898	0.00201274	 0.00557631	  0.00753056	 
0.321388	0.678612	677.484	0.0071927	 0.0132746	0.0309959	0.00198133	 0.00572123	  0.00762543	 
0.317762	0.682238	681.104	0.00731775	 0.0129766	0.0309327	0.00194483	 0.00574643	  0.0079621	 
0.314146	0.685854	684.713	0.00740571	 0.0125317	0.0306488	0.00193266	 0.00584705	  0.00789579	 
0.310542	0.689458	688.312	0.00758645	 0.0124463	0.0300367	0.00190702	 0.00580634	  0.00794746	 
0.306948	0.693052	691.9	0.00779043	 0.0125993	0.0290439	0.00193107	 0.00575595	  0.00797471	 
0.303365	0.696635	695.477	0.00784045	 0.0125544	0.0280807	0.00185843	 0.00556064	  0.00809071	 
0.299794	0.700206	699.042	0.00796813	 0.0124865	0.0286208	0.00184089	 0.00543716	  0.00833753	 
0.296234	0.703766	702.596	0.00811767	 0.0123788	0.0280013	0.00179674	 0.00553602	  0.00842241	 
0.292686	0.707314	706.138	0.00821425	 0.0119618	0.0278181	0.00176519	 0.00556047	  0.00870253	 
0.28915	0.71085	709.669	0.00837812	 0.011917	0.0282794	0.00175334	 0.00571863	  0.00874991	 
0.285626	0.714374	713.187	0.00858255	 0.0113966	0.0281053	0.00174533	 0.0057061	  0.0087623	 
0.282114	0.717886	716.692	0.00865647	 0.0111125	0.0278826	0.00172455	 0.00573549	  0.00865831	 
0.278615	0.721385	720.186	0.00885033	 0.0109254	0.0280024	0.00164938	 0.00565344	  0.00863767	 
0.275129	0.724871	723.666	0.00880684	 0.0108992	0.0275913	0.00158965	 0.00558302	  0.00871659	 
0.271656	0.728344	727.133	0.00887141	 0.0110616	0.0275182	0.0015463	 0.00555931	  0.00886482	 
0.268196	0.731804	730.587	0.008783	 0.0109892	0.0276742	0.00150418	 0.00567043	  0.00895479	 
0.264749	0.735251	734.028	0.00881304	 0.0108597	0.0276718	0.00146762	 0.00563472	  0.00882583	 
0.261316	0.738684	737.456	0.00904938	 0.0110215	0.0280534	0.00143476	 0.00552806	  0.00887105	 
0.257897	0.742103	740.869	0.00917743	 0.0112956	0.0285127	0.00144059	 0.00553274	  0.0089355	 
0.254492	0.745508	744.268	0.0093016	 0.011079	0.028134	0.00141751	 0.00537534	  0.00876794	 
0.251101	0.748899	747.654	0.00936987	 0.0110935	0.0274891	0.00140723	 0.0052238	  0.00880428	 
0.247725	0.752275	751.024	0.00935679	 0.0110709	0.0271025	0.00135556	 0.00500219	  0.00875656	 
0.244363	0.755637	754.381	0.00921573	 0.0111098	0.0268975	0.00132921	 0.00486228	  0.00869508	 
0.241016	0.758984	757.722	0.00918501	 0.0112758	0.0268874	0.00131329	 0.00476281	  0.00886906	 
0.237684	0.762316	761.048	0.00930291	 0.0113047	0.0270698	0.00130057	 0.00463598	  0.00898262	 
0.234368	0.765632	764.36	0.00953711	 0.0114215	0.0272459	0.00127949	 0.0044662	  0.00895123	 
0.231066	0.768934	767.655	0.00987845	 0.0115678	0.0269665	0.00126058	 0.00440945	  0.0089612	 
0.227781	0.772219	770.936	0.00992898	 0.0114383	0.0271582	0.00126733	 0.0043696	  0.009027	 
0.224511	0.775489	774.2	0.0102933	 0.0116812	0.0266907	0.00124469	 0.00426256	  0.00927061	 
0.221257	0.778743	777.448	0.0104851	 0.0117853	0.0273463	0.00123043	 0.00424983	  0.00936627	 
0.218019	0.781981	780.681	0.0105759	 0.012029	0.027302	0.00121026	 0.00417634	  0.00963529	 
0.214798	0.785202	783.897	0.0108179	 0.0124233	0.0271756	0.00119891	 0.00410022	  0.00981872	 
0.211593	0.788407	787.096	0.0108047	 0.012452	0.0272388	0.00117936	 0.00407701	  0.0099415	 
0.208405	0.791594	790.278	0.0106859	 0.012408	0.0273307	0.0011694	 0.00410084	  0.0100103	 
0.205235	0.794765	793.444	0.0107813	 0.0127769	0.0268008	0.00116067	 0.00405162	  0.00996377	 
0.202081	0.797919	796.593	0.0105266	 0.0127499	0.0267173	0.00115769	 0.00404808	  0.00983919	 
0.198945	0.801055	799.724	0.0105295	 0.0128921	0.0264527	0.00113608	 0.00393198	  0.00974073	 
0.195826	0.804174	802.837	0.0106631	 0.0128518	0.0258789	0.00112104	 0.00393038	  0.00949326	 
0.192725	0.807275	805.933	0.0105791	 0.0130887	0.0259298	0.00109669	 0.00383051	  0.00937539	 
0.189641	0.810359	809.011	0.0105391	 0.0130948	0.0258229	0.00106848	 0.00368404	  0.00928048	 
0.186576	0.813424	812.071	0.0105616	 0.013076	0.0258024	0.00105788	 0.00371606	  0.0090994	 
0.18353	0.81647	815.113	0.0105851	 0.0131337	0.0253813	0.00104276	 0.00353256	  0.00893747	 
0.180501	0.819499	818.136	0.0105745	 0.0131349	0.0243742	0.00104117	 0.00353962	  0.00883775	 
0.177491	0.822509	821.141	0.0107201	 0.0130464	0.0240822	0.00102468	 0.00356286	  0.00872521	 
0.174501	0.825499	824.127	0.0108748	 0.0127954	0.0241732	0.00100826	 0.00352236	  0.00867601	 
0.171529	0.828471	827.094	0.0107958	 0.0126259	0.0236589	0.000972254	 0.00347191	  0.00869622	 
0.168576	0.831424	830.042	0.011031	 0.012272	0.0240353	0.000964391	 0.00337138	  0.00870794	 
0.165643	0.834357	832.97	0.0111461	 0.0122598	0.0237115	0.000946796	 0.0033146	  0.0087855	 
0.162729	0.837271	835.879	0.0109974	 0.0124621	0.0236018	0.000951312	 0.00330319	  0.00868715	 
0.159835	0.840165	838.768	0.0109358	 0.0126642	0.0230958	0.000931438	 0.00323463	  0.00845369	 
0.156961	0.843039	841.638	0.0110454	 0.0128708	0.0229765	0.000932393	 0.00324174	  0.00810889	 
0.154107	0.845893	844.487	0.0110318	 0.013207	0.0230146	0.000932377	 0.003307	  0.00803105	 
0.151273	0.848727	847.316	0.0109772	 0.013455	0.0229424	0.000921856	 0.00325461	  0.00792706	 
0.148459	0.851541	850.125	0.0109351	 0.0138055	0.0223511	0.000907569	 0.00322652	  0.00790714	 
0.145666	0.854334	852.913	0.0112224	 0.0142814	0.0222236	0.000892785	 0.00314434	  0.00791392	 
0.142894	0.857106	855.681	0.0112385	 0.0140013	0.0212599	0.00089264	 0.00310763	  0.00784266	 
0.140143	0.859857	858.427	0.0114039	 0.0143577	0.020893	0.000871143	 0.00302291	  0.00776384	 
0.137413	0.862587	861.153	0.0116814	 0.013996	0.020702	0.000846683	 0.00296253	  0.00750464	 
0.134704	0.865296	863.857	0.0118154	 0.0141426	0.0208066	0.000842	 0.0028926	  0.00736732	 
0.132017	0.867984	866.54	0.0119228	 0.013908	0.0204916	0.000808712	 0.00288171	  0.00722349	 
0.129351	0.870649	869.202	0.0120145	 0.0139076	0.0202819	0.000782455	 0.00282858	  0.00703603	 
0.126706	0.873293	871.842	0.011976	 0.0139198	0.0205304	0.000778994	 0.00283745	  0.00684672	 
0.124084	0.875916	874.46	0.0117528	 0.0139966	0.0202632	0.000768363	 0.00286279	  0.00677938	 
0.121484	0.878516	877.055	0.0118596	 0.0138838	0.0199641	0.000765863	 0.00284436	  0.00658357	 
0.118906	0.881094	879.629	0.011671	 0.0138308	0.0198118	0.000750696	 0.00276302	  0.00651328	 
0.11635	0.883649	882.18	0.0116313	 0.0139188	0.0199986	0.000744337	 0.00275704	  0.00651333	 
0.113817	0.886183	884.709	0.0118504	 0.0137763	0.0195206	0.000730411	 0.00273027	  0.00647379	 
0.111307	0.888693	887.215	0.0118825	 0.0138885	0.020073	0.000717727	 0.0026953	  0.00652591	 
0.108819	0.891181	889.699	0.0118228	 0.0139409	0.0201784	0.000701881	 0.00267092	  0.00641929	 
0.106355	0.893645	892.159	0.0118649	 0.0140027	0.0203567	0.000677703	 0.00260088	  0.00630671	 
0.103914	0.896086	894.597	0.0117503	 0.0138037	0.0201703	0.00067326	 0.00257059	  0.00628603	 
0.101496	0.898504	897.011	0.0116964	 0.01363	0.0202569	0.000648834	 0.00248829	  0.00619174	 
0.0991009	0.900899	899.401	0.0114792	 0.0133183	0.0203345	0.000635866	 0.00250258	  0.00607475	 
0.0967299	0.90327	901.768	0.0114993	 0.0129539	0.020353	0.000619145	 0.00242737	  0.00604899	 
0.0943825	0.905617	904.112	0.0114653	 0.0125912	0.0203739	0.000597532	 0.00242212	  0.00606121	 
0.0920591	0.907941	906.431	0.0115806	 0.012569	0.0200971	0.000590242	 0.00236305	  0.00601285	 
0.0897597	0.91024	908.727	0.0116651	 0.0127014	0.0200045	0.000574586	 0.00231901	  0.00606938	 
0.0874845	0.912516	910.998	0.0118637	 0.0126718	0.0199131	0.000556892	 0.00227748	  0.00603424	 
0.0852336	0.914766	913.246	0.0117195	 0.013029	0.0200871	0.000532812	 0.00226512	  0.0062186	 
0.0830071	0.916993	915.468	0.0119595	 0.0130334	0.0203937	0.000525981	 0.00220481	  0.00625125	 
0.0808052	0.919195	917.667	0.0120128	 0.0130411	0.0204924	0.000509783	 0.00219029	  0.00621009	 
0.0786281	0.921372	919.84	0.011993	 0.0131023	0.0211626	0.000495788	 0.00218228	  0.00607366	 
0.0764757	0.923524	921.989	0.0121281	 0.0130006	0.0218324	0.00047496	 0.00214353	  0.00600551	 
0.0743484	0.925652	924.113	0.0119828	 0.0129028	0.0218556	0.000453861	 0.00210455	  0.00583516	 
0.0722462	0.927754	926.211	0.0122634	 0.013003	0.0222227	0.00043269	 0.0020844	  0.00559663	 
0.0701693	0.929831	928.285	0.0120593	 0.0129123	0.0225071	0.000418325	 0.00206816	  0.00543386	 
0.0681178	0.931882	930.333	0.0122063	 0.0128425	0.0227586	0.000403874	 0.00199506	  0.00528292	 
0.0660917	0.933908	932.356	0.0118961	 0.0130525	0.0228303	0.000387609	 0.0019414	  0.00516121	 
0.0640913	0.935909	934.353	0.0118644	 0.0128654	0.0230873	0.000371957	 0.00189361	  0.00501045	 
0.0621167	0.937883	936.324	0.0119422	 0.0128214	0.0232748	0.000361775	 0.00185245	  0.0050077	 
0.0601679	0.939832	938.27	0.0117612	 0.0126917	0.0232918	0.000346818	 0.00179206	  0.00486843	 
0.0582452	0.941755	940.189	0.0116228	 0.0126986	0.0238104	0.000335871	 0.00173756	  0.00481373	 
0.0563486	0.943651	942.083	0.0115752	 0.0126451	0.0239522	0.000325905	 0.00168899	  0.00468901	 
0.0544782	0.945522	943.95	0.0114641	 0.0125923	0.0242631	0.000320172	 0.00165507	  0.00448948	 
0.0526343	0.947366	945.791	0.0113505	 0.0127195	0.0248731	0.000312058	 0.00160063	  0.00441087	 
0.0508168	0.949183	947.605	0.0110826	 0.0128651	0.0249929	0.000296301	 0.00156189	  0.00420414	 
0.0490259	0.950974	949.393	0.0112578	 0.0126057	0.0243627	0.00028973	 0.00153338	  0.00409617	 
0.0472617	0.952738	951.154	0.0111359	 0.012896	0.0244075	0.000275962	 0.00149992	  0.00390177	 
0.0455243	0.954476	952.889	0.011426	 0.0127866	0.0245509	0.000263546	 0.00148643	  0.00370321	 
0.0438139	0.956186	954.596	0.0113935	 0.0129428	0.0245399	0.000249601	 0.00140704	  0.00353377	 
0.0421305	0.957869	956.277	0.0114863	 0.0130474	0.0247189	0.000236058	 0.00141536	  0.00342597	 
0.0404743	0.959526	957.93	0.0116769	 0.0129193	0.0252165	0.000219781	 0.00135956	  0.00328943	 
0.0388453	0.961155	959.557	0.0119663	 0.0128716	0.0250238	0.000204562	 0.00133303	  0.00319146	 
0.0372437	0.962756	961.156	0.0121383	 0.0129847	0.0256809	0.000191185	 0.00130561	  0.00311281	 
0.0356696	0.96433	962.727	0.0122125	 0.0129601	0.0258859	0.000177562	 0.00125658	  0.00301104	 
0.034123	0.965877	964.271	0.0122361	 0.0128263	0.0263244	0.000164411	 0.00122947	  0.00291768	 
0.0326041	0.967396	965.788	0.0125665	 0.0130182	0.0266268	0.000152423	 0.00116766	  0.00272266	 
0.0311129	0.968887	967.276	0.0125504	 0.0126051	0.0272	0.000139423	 0.00113025	  0.00264087	 
0.0296496	0.97035	968.737	0.0126249	 0.0126304	0.0274773	0.000129854	 0.00107861	  0.00255792	 
0.0282143	0.971786	970.17	0.012486	 0.0127685	0.0282001	0.000120977	 0.0010305	  0.00245304	 
0.0268069	0.973193	971.575	0.0123549	 0.0126061	0.0281401	0.000110508	 0.00099175	  0.00235608	 
0.0254278	0.974572	972.952	0.0122197	 0.0125837	0.0286089	0.000100169	 0.000942894	  0.00229635	 
0.0240768	0.975923	974.301	0.0120272	 0.012197	0.0287142	9.18324e-05	 0.000891274	  0.0021641	 
0.0227542	0.977246	975.621	0.011774	 0.0123807	0.0284817	8.28986e-05	 0.000850877	  0.00213154	 
0.02146	0.97854	976.913	0.0117936	 0.0121849	0.0280744	7.50561e-05	 0.000802129	  0.00203771	 
0.0201942	0.979806	978.177	0.0115805	 0.0123176	0.0283305	6.65807e-05	 0.000760668	  0.00195431	 
0.0189571	0.981043	979.412	0.0116091	 0.0122187	0.028601	6.00072e-05	 0.000718687	  0.00185335	 
0.0177485	0.982251	980.618	0.0114845	 0.012304	0.0282819	5.23835e-05	 0.000682404	  0.00172851	 
0.0165687	0.983431	981.796	0.0114372	 0.0124922	0.0274894	4.61185e-05	 0.000643935	  0.00163224	 
0.0154177	0.984582	982.945	0.0114386	 0.0122224	0.0284418	4.00461e-05	 0.000601646	  0.00153337	 
0.0142956	0.985704	984.066	0.0113866	 0.0122231	0.028313	3.49065e-05	 0.000560859	  0.00142258	 
0.0132025	0.986798	985.157	0.011443	 0.0119273	0.0283059	3.03561e-05	 0.000513876	  0.00133888	 
0.0121383	0.987862	986.219	0.0114279	 0.0118537	0.0279204	2.57252e-05	 0.000484625	  0.00123698	 
0.0111033	0.988897	987.253	0.0114949	 0.0117682	0.0289658	2.14766e-05	 0.000440949	  0.00112929	 
0.0100975	0.989903	988.257	0.0114583	 0.0112397	0.0286272	1.79092e-05	 0.000398202	  0.00103536	 
0.00912087	0.990879	989.232	0.0114789	 0.0113503	0.0290788	1.46883e-05	 0.0003616	  0.000930226	 
0.00817356	0.991826	990.177	0.011433	 0.0113464	0.0290819	1.2154e-05	 0.000325558	  0.000843657	 
0.00725563	0.992744	991.094	0.0116936	 0.0113166	0.0290095	9.63075e-06	 0.000290899	  0.000748905	 
0.00636712	0.993633	991.981	0.0115974	 0.0114034	0.0289642	7.39739e-06	 0.000256411	  0.00066304	 
0.00550811	0.994492	992.839	0.0116933	 0.0114512	0.0288191	5.57097e-06	 0.000221342	  0.000580574	 
0.00467865	0.995321	993.667	0.0116295	 0.0115893	0.0290449	3.99976e-06	 0.000190677	  0.000490652	 
0.00387879	0.996121	994.465	0.0116945	 0.0115372	0.0292261	2.75764e-06	 0.000159169	  0.000401013	 
0.0031086	0.996891	995.234	0.0117606	 0.0116316	0.0294206	1.75887e-06	 0.000126614	  0.000326542	 
0.00236813	0.997632	995.973	0.0114938	 0.0116211	0.0290011	1.04008e-06	 9.67986e-05	  0.000247743	 
0.00165743	0.998343	996.683	0.0115421	 0.0115188	0.0290276	5.13595e-07	 6.72656e-05	  0.000174624	 
0.000976555	0.999023	997.363	0.0115478	 0.0116364	0.0292364	1.73392e-07	 4.00135e-05	  0.000103483	 
0.000325545	0.999674	998.012	0.0117129	 0.0116782	0.029213	1.97744e-08	 1.31417e-05	  3.44379e-05	 
