# Postprocessed results of turbulent pipe flow 
# Reynolds stress transporation term: k 
# ------------------------------------------------------------------
# uTau = 0.0264811 
# nu = 2.65252e-05 
# ------------------------------------------------------------------
# r	 1-r	 y+	 production	 Turbulent_Transport	 Viscous_Transport	  Pressure_Strain	 Pressure_Transport	 Viscous_Dissipation	 
# ------------------------------------------------------------------
1	0	0	0	3.00101299755964e-10	7.91651610817044e-06	1.51070700252699e-19	0.000127907580539045	-6.16814001510581e-33
0.999902976248952	9.70237510480310e-05	0.0968905967998106	0	-3.18992084867877e-10	3.82757502236394e-05	-0.00426015350313963	0.00418290794197188	-1.09623566562422e-05
0.999775539161755	0.000224460838245011	0.224152790845806	0	-5.96042714278134e-09	0.000105464643543543	-0.00937535841924374	0.00923992108011826	-5.53686231956950e-05
0.999617704438640	0.000382295561360047	0.381770903453905	0	-4.99145145838584e-08	0.000247987500783141	-0.0150077020136699	0.0147910107252215	-0.000149625265968300
0.999429489613958	0.000570510386041945	0.569727424336849	0	-2.60630220547337e-07	0.000473951256042528	-0.0207980686342047	0.0204785417417580	-0.000306595304693914
0.999210914053114	0.000789085946885981	0.788003014666767	0	-9.89050774831038e-07	0.000787137641182859	-0.0263966132436933	0.0259591567847915	-0.000533358447552857
0.998961998949404	0.00103800105059604	1.03657651023297	0	-2.96768973919391e-06	0.00117953301732643	-0.0314917770740329	0.0309329203186029	-0.000830171004163515
0.998682767320731	0.00131723267926898	1.31542492472182	0	-7.40607678983503e-06	0.00163200262579500	-0.0358334965042103	0.0351659829915851	-0.00119073489398531
0.998373244006220	0.00162675599378004	1.62452345309747	0	-1.58633982344861e-05	0.00211694480066293	-0.0392485560823995	0.0385042112112552	-0.00160369718374607
0.998033455662722	0.00196654433727805	1.96384547509231	0	-2.97261735031796e-05	0.00260228281455865	-0.0416460809292605	0.0408763119375170	-0.00205499171501757
0.997663430761219	0.00233656923878101	2.33336255879756	0	-4.91950801237043e-05	0.00305592987728486	-0.0430131819735858	0.0422867426811846	-0.00253056188666866
0.997263199583111	0.00273680041688895	2.73304446437110	0	-7.18566228875557e-05	0.00344984323406702	-0.0434023442561392	0.0428003915116006	-0.00301894470809350
0.996832794216413	0.00316720578358698	3.16285914783524	0	-9.11469352979275e-05	0.00376297337756266	-0.0429131950886908	0.0425221721591530	-0.00351323770893232
0.996372248551831	0.00362775144816896	3.62277276499506	0	-9.52153946440985e-05	0.00398274210754482	-0.0416719289013603	0.0415752880764670	-0.00401211784476378
0.995881598278753	0.00411840172124700	4.11274967544235	0	-6.67434915408684e-05	0.00410503650908423	-0.0398117607507291	0.0400818625511138	-0.00451977281642911
0.995360880881122	0.00463911911887804	4.63275244667658	0	1.58805462015332e-05	0.00413299424699375	-0.0374572003107751	0.0381488591791913	-0.00504482852991101
0.994810135633214	0.00518986436678603	5.18274185832124	0	0.000175937345280901	0.00407502952584393	-0.0347139331657648	0.0358609383230734	-0.00559855078700340
0.994229403595313	0.00577059640468702	5.76267690644304	0	0.000434572055661219	0.00394260602273269	-0.0316648336710046	0.0332803684985906	-0.00619272046946720
0.993618727609288	0.00638127239071196	6.37251480796859	0	0.000806407310399155	0.00374821502932483	-0.0283713839969078	0.0304526558681631	-0.00683760421645735
0.992978152294068	0.00702184770593195	7.01221100520350	0	0.00129538737052127	0.00350388419137416	-0.0248788537820521	0.0274155057808343	-0.00754036476806013
0.992307724041017	0.00769227595898303	7.68171917045075	0	0.00189171896885789	0.00322035988470214	-0.0212231648033142	0.0242083035328218	-0.00830410693928822
0.991607491009213	0.00839250899078703	8.38099121072513	0	0.00257064280193415	0.00290691846741215	-0.0174374673615071	0.0208795634392899	-0.00912758924683726
0.990877503120632	0.00912249687936795	9.10997727256297	0	0.00329344748127869	0.00257161913011118	-0.0135570140800308	0.0174906558092045	-0.0100054969291264
0.990117812055224	0.00988218794477602	9.86862574693945	0	0.00401067040381438	0.00222175409503082	-0.00962168318876312	0.0141152891586617	-0.0109291030987612
0.989328471245912	0.0106715287540881	10.6568832742621	0	0.00466697719089520	0.00186427600926799	-0.00567617319316889	0.0108352995763385	-0.0118871377828166
0.988509535873478	0.0114904641265220	11.4746947494783	0	0.00520691138138441	0.00150605232259273	-0.00176839617236990	0.00773405096835157	-0.0128667075218845
0.987661062861364	0.0123389371386360	12.3220033272673	0	0.00558059973297311	0.00115388761986980	0.00205309104464268	0.00488908844394477	-0.0138541497656619
0.986783110870378	0.0132168891296220	13.1987504273264	0	0.00574859117389454	0.000814345463768309	0.00574187250977981	0.00236551108678121	-0.0148357607709667
0.985875740293307	0.0141242597066930	14.1048757397508	0	0.00568525001927899	0.000493456551175299	0.00925614791745735	0.000211063798782974	-0.0157983812740447
0.984939013249435	0.0150609867505650	15.0403172305087	0	0.00538045732100168	0.000196402414067719	0.0125605615099404	-0.00154655145120248	-0.0167298353980850
0.983972993578979	0.0160270064210210	16.0050111469962	0	0.00483960489781906	-7.27505398213588e-05	0.0156271650372566	-0.00290002829971768	-0.0176192314113289
0.982977746837420	0.0170222531625800	16.9988920237001	0	0.00408205244711447	-0.000311207933119699	0.0184357165692992	-0.00386085369374270	-0.0184571684814741
0.981953340289760	0.0180466597102400	18.0218926879321	0	0.00313845157334625	-0.000517475616303193	0.0209736178870378	-0.00445639246373162	-0.0192358615290506
0.980899842904680	0.0191001570953200	19.0739442656628	0	0.00204749320088566	-0.000691279961361648	0.0232353353465433	-0.00472617555775898	-0.0199491819320564
0.979817325348610	0.0201826746513900	20.1549761874443	0	0.000852584340717685	-0.000833418180506601	0.0252217045377724	-0.00471798654997866	-0.0205926421905855
0.978705859979724	0.0212941400202760	21.2649161944058	0	-0.000401293204325864	-0.000945563367676197	0.0269386341155468	-0.00448380994175335	-0.0211633245049817
0.977565520841829	0.0224344791581710	22.4036903443573	0	-0.00167040924172149	-0.00103001748534893	0.0283958000125515	-0.00407617566548665	-0.0216597532068251
0.976396383658186	0.0236036163418140	23.5712230179595	0	-0.00291465060466857	-0.00108944000045404	0.0296059465459070	-0.00354531325451041	-0.0220818005823117
0.975198525825238	0.0248014741747620	24.7674369249873	0	-0.00409930093658245	-0.00112663824577871	0.0305833746456387	-0.00293661924660558	-0.0224305166582681
0.973972026406254	0.0260279735937460	25.9922531106772	0	-0.00519581756119455	-0.00114446455317374	0.0313432881291441	-0.00228944836880795	-0.0227078872344157
0.972716966124892	0.0272830338751080	27.2455909621555	0	-0.00618187409714545	-0.00114577484561737	0.0319019501011890	-0.00163695143514547	-0.0229166302827740
0.971433427358678	0.0285665726413220	28.5273682149501	0	-0.00704115568105585	-0.00113334333752161	0.0322753261314384	-0.00100563298372056	-0.0230600369937417
0.970121494132410	0.0298785058675900	29.8375009595775	0	-0.00776294002366843	-0.00110973297398909	0.0324792559768785	-0.000415953576565484	-0.0231418504622048
0.968781252111466	0.0312187478885340	31.1759036482260	0	-0.00834177787640594	-0.00107720848798571	0.0325301190578523	0.000116894867510795	-0.0231662160236397
0.967412788595051	0.0325872114049490	32.5424891014990	0	-0.00877763697052291	-0.00103767264837789	0.0324437251447333	0.000583282777657543	-0.0231375316005996
0.966016192509352	0.0339838074906480	33.9371685152507	0	-0.00907522992506357	-0.000992743214191966	0.0322353773841948	0.000978700974112714	-0.0230603028500082
0.964591554400617	0.0354084455993831	35.3598514674977	0	-0.00924225607892397	-0.000943963144833324	0.0319195585018874	0.00130248479579243	-0.0229390490960796
0.963138966428163	0.0368610335718370	36.8104459254013	0	-0.00928830573970130	-0.000892826409060364	0.0315096114125246	0.00155682036153742	-0.0227781570893272
0.961658522357297	0.0383414776427030	38.2888582523370	0	-0.00922443853397792	-0.000840644786446664	0.0310185106954005	0.00174560231691484	-0.0225818745038143
0.960150317552171	0.0398496824478291	39.7949932150294	0	-0.00906313464702107	-0.000788398651324414	0.0304586535758067	0.00187397563123610	-0.0223542932063770
0.958614448968554	0.0413855510314460	41.3287539907704	0	-0.00881785308054995	-0.000736650110639629	0.0298422524293191	0.00194751295559505	-0.0220993609538692
0.957051015146539	0.0429489848534610	42.8900421747023	0	-0.00850268495776114	-0.000685697287173352	0.0291812864163935	0.00197216909581329	-0.0218208302633602
0.955460116203162	0.0445398837968380	44.4787577871885	0	-0.00813141863454364	-0.000635847949115023	0.0284867282130678	0.00195441936896984	-0.0215222151805333
0.953841853824967	0.0461581461750330	46.0947992812385	0	-0.00771650307593368	-0.000587500631758721	0.0277677610187544	0.00190091542689020	-0.0212067113715213
0.952196331260483	0.0478036687395170	47.7380635500203	0	-0.00726890656686343	-0.000541043717713639	0.0270336210209662	0.00181718337454586	-0.0208772404024671
0.950523653312640	0.0494763466873600	49.4084459344342	0	-0.00679866981087033	-0.000496820188129126	0.0262926898495941	0.00170830265928892	-0.0205364868902132
0.948823926331108	0.0511760736688920	51.1058402307632	0	-0.00631489343754463	-0.000455133423339084	0.0255508937116828	0.00157984869533874	-0.0201868512232989
0.947097258204573	0.0529027417954270	52.8301386983865	0	-0.00582561088598007	-0.000416099211065418	0.0248145422187379	0.00143628269756851	-0.0198305925452411
0.945343758352940	0.0546562416470600	54.5812320675657	0	-0.00533820318649893	-0.000379569209654431	0.0240885084825994	0.00128192401305006	-0.0194697651281086
0.943563537719468	0.0564364622805320	56.3590095472991	0	-0.00485878794138938	-0.000345393471191846	0.0233760046697510	0.00112085371068495	-0.0191061660635999
0.941756708762842	0.0582432912371580	58.1633588332384	0	-0.00439160602087949	-0.000313583856323589	0.0226803612734267	0.000955601537118956	-0.0187413021547460
0.939923385449174	0.0600766145508260	59.9941661156776	0	-0.00393931009706561	-0.000284168554779380	0.0220046837521846	0.000787416923357329	-0.0183765475339053
0.938063683243942	0.0619363167560580	61.8513160876020	0	-0.00350398769985161	-0.000257137182301731	0.0213510586036765	0.000617467124419062	-0.0180131515308911
0.936177719103860	0.0638222808961400	63.7346919528076	0	-0.00308684083233951	-0.000232443563149903	0.0207212960098664	0.000446834780526533	-0.0176521222185812
0.934265611468690	0.0657343885313100	65.6441754340779	0	-0.00268928313197198	-0.000209923526227835	0.0201155944311336	0.000277368830440960	-0.0172943378633756
0.932327480252988	0.0676725197470121	67.5796467814262	0	-0.00231330265821378	-0.000189260065601472	0.0195338585752417	0.000111134444899332	-0.0169405968821882
0.930363446837786	0.0696365531622140	69.5409847804021	0	-0.00196037922155366	-0.000170112814805893	0.0189774611498074	-5.10993746805702e-05	-0.0165915632927939
0.928373634062212	0.0716263659377880	71.5280667604610	0	-0.00163110394073375	-0.000152348630438253	0.0184465456970309	-0.000208777265219572	-0.0162477088485582
0.926358166215055	0.0736418337849450	73.5407686033860	0	-0.00132509104409262	-0.000136009579732479	0.0179401808961327	-0.000360674673909412	-0.0159094195965755
0.924317169026263	0.0756828309737370	75.5789647517795	0	-0.00104276411100511	-0.000121081877245766	0.0174562853084435	-0.000504258922374419	-0.0155769967106930
0.922250769658387	0.0777492303416130	77.6425282176070	0	-0.000785636208611788	-0.000107487758560277	0.0169931156866512	-0.000636359012846857	-0.0152507347449389
0.920159096697961	0.0798409033020390	79.7313305908050	0	-0.000554256868365896	-9.51815294596053e-05	0.0165488185910298	-0.000754863257484808	-0.0149309323278396
0.918042280146832	0.0819577198531680	81.8452420479396	0	-0.000347675502985445	-8.41231292629017e-05	0.0161221690118655	-0.000859356382221219	-0.0146178505576290
0.915900451413422	0.0840995485865780	83.9841313609321	0	-0.000164420918347456	-7.42898966717995e-05	0.0157126480174147	-0.000950601429448460	-0.0143115990247367
0.913733743303946	0.0862662566960540	86.1478659058292	0	-2.57838436983240e-06	-6.56749204729731e-05	0.0153198116994831	-0.00103000184515207	-0.0140122161601298
0.911542290013565	0.0884577099864350	88.3363116716377	0	0.000139721374308490	-5.81243162132082e-05	0.0149439912861159	-0.00109909406229452	-0.0137198401262591
0.909326227117490	0.0906737728825100	90.5493332692085	0	0.000263426946387265	-5.14052988712114e-05	0.0145847829973040	-0.00115834974918459	-0.0134345953359851
0.907085691562025	0.0929143084379750	92.7867939401810	0	0.000369669686462594	-4.53829652794773e-05	0.0142398703777883	-0.00120710870932958	-0.0131564195652335
0.904820821655567	0.0951791783444330	95.0485555659711	0	0.000460308594882076	-3.99611694371502e-05	0.0139088300917558	-0.00124625842018032	-0.0128852626323260
0.902531757059545	0.0974682429404550	97.3344786768194	0	0.000537445311189153	-3.50773070831136e-05	0.0135914626020202	-0.00127784118995669	-0.0126210579920527
0.900218638779309	0.0997813612206910	99.6444224608901	0	0.000603419258235315	-3.07119203096720e-05	0.0132883602625918	-0.00130459024061675	-0.0123637019068300
0.897881609154969	0.102118390845031	101.978244773419	0	0.000659317671618480	-2.68328803150190e-05	0.0130005798882809	-0.00132883474076644	-0.0121131027389769
0.895520811852185	0.104479188147815	104.335802145911	0	0.000705584873173285	-2.34567168877090e-05	0.0127271250292545	-0.00135088626751357	-0.0118691185250549
0.893136391852902	0.106863608147098	106.716949795393	0	0.000743955575130017	-2.06762968348311e-05	0.0124668181291130	-0.00137106379115156	-0.0116315619602079
0.890728495446042	0.109271504553958	109.121541633708	0	0.000776755655918386	-1.84742258035437e-05	0.0122179183453579	-0.00138982986715890	-0.0114002497305249
0.888297270218144	0.111702729781856	111.549430276863	0	0.000805255028775289	-1.66282485749388e-05	0.0119786603382586	-0.00140709123015871	-0.0111750029071973
0.885842865043957	0.114157134956043	114.000467054422	0	0.000828546970705060	-1.48720037090317e-05	0.0117483588325512	-0.00142178287552909	-0.0109557422130868
0.883365430076986	0.116634569923014	116.474502018951	0	0.000844115581732491	-1.30720099267076e-05	0.0115265297923359	-0.00143241102026483	-0.0107423021586331
0.880865116739994	0.119134883260006	118.971383955496	0	0.000850989370153295	-1.12693027063870e-05	0.0113133058569111	-0.00143848089547380	-0.0105344506740104
0.878342077715455	0.121657922284545	121.490960391123	0	0.000850247648566390	-9.55217252668966e-06	0.0111078524173613	-0.00144021612147511	-0.0103320644861676
0.875796466935961	0.124203533064039	124.033077604496	0	0.000844410370094301	-7.98512842243682e-06	0.0109089181793275	-0.00143842005303290	-0.0101350420301880
0.873228439574594	0.126771560425406	126.597580635490	0	0.000837128934400999	-6.61302509126871e-06	0.0107155023041211	-0.00143469192602261	-0.00994332339752707
0.870638152035239	0.129361847964761	129.184313294867	0	0.000829928498221008	-5.49036638285860e-06	0.0105277324571293	-0.00143030002476087	-0.00975683178678751
0.868025761942871	0.131974238057129	131.793118173975	0	0.000822354501006085	-4.64748536859366e-06	0.0103451721085109	-0.00142466078681911	-0.00957543496419984
0.865391428133783	0.134608571866217	134.423836654506	0	0.000812614979420732	-3.95341608108682e-06	0.0101672868322122	-0.00141599393218409	-0.00939895898749458
0.862735310645790	0.137264689354210	137.076308918278	0	0.000798075684578910	-3.25244388902051e-06	0.00999358397064907	-0.00140261458021438	-0.00922721112258088
0.860057570708376	0.139942429291624	139.750373957078	0	0.000778823842030786	-2.57498006656984e-06	0.00982413644915205	-0.00138508080394671	-0.00905998256682887
0.857358370732808	0.142641629267192	142.445869582529	0	0.000757604549322998	-2.05875394696811e-06	0.00966009738921538	-0.00136653841812827	-0.00889713121582867
0.854637874302212	0.145362125697788	145.162632436005	0	0.000736375698239021	-1.77972319761077e-06	0.00950224028771198	-0.00134954621749528	-0.00873856330751566
0.851896246161607	0.148103753838393	147.900497998581	0	0.000715472216885021	-1.69938264773367e-06	0.00935157402619477	-0.00133525237678706	-0.00858424050596667
0.849133652207900	0.150866347792100	150.659300601025	0	0.000695295023186073	-1.69194821199629e-06	0.00920720756968678	-0.00132348358282913	-0.00843409191563216
0.846350259479846	0.153649740520154	153.438873433825	0	0.000676638520730853	-1.63354526170984e-06	0.00906783793284753	-0.00131380709990731	-0.00828797305959463
0.843546236147967	0.156453763852033	156.239048557253	0	0.000659516685033813	-1.45471296714331e-06	0.00893218405530452	-0.00130507987584490	-0.00814567939475146
0.840721751504436	0.159278248495564	159.059656911470	0	0.000642163794799948	-1.12512015829351e-06	0.00879925351519371	-0.00129524908965132	-0.00800706796191957
0.837876975952927	0.162123024047073	161.900528326664	0	0.000622262302584240	-6.91309204719304e-07	0.00866895994400315	-0.00128249930709782	-0.00787204859567409
0.835012080998426	0.164987919001574	164.761491533219	0	0.000598928785157339	-2.73456189844018e-07	0.00854094961400384	-0.00126593950846859	-0.00774053053456213
0.832127239237012	0.167872760762988	167.642374171925	0	0.000573216862989319	4.19503070813165e-08	0.00841488351148991	-0.00124610863219040	-0.00761239848732553
0.829222624345595	0.170777375654405	170.543002804225	0	0.000547508287070692	2.37210625266844e-07	0.00829058373450616	-0.00122460752099762	-0.00748752424650531
0.826298411071630	0.173701588928370	173.463202922484	0	0.000523510147655098	3.40878590233363e-07	0.00816817905329666	-0.00120284218571649	-0.00736574911384540
0.823354775222793	0.176645224777207	176.402798960303	0	0.000501475643353396	4.11879631417680e-07	0.00804759209350157	-0.00118088548736489	-0.00724697442820541
0.820391893656623	0.179608106343377	179.361614302860	0	0.000480300136540954	5.11995246569271e-07	0.00792755755507980	-0.00115710011457003	-0.00713114476810500
0.817409944270136	0.182590055729864	182.339471297283	0	0.000458478123830488	7.20801871350259e-07	0.00780738701384458	-0.00112974141393224	-0.00701821657723361
0.814409105989404	0.185590894010596	185.336191263056	0	0.000434759102243312	1.06433177989151e-06	0.00768712473665464	-0.00109831320363586	-0.00690813882568708
0.811389558759105	0.188610441240895	188.351594502455	0	0.000409393091052314	1.43837117166178e-06	0.00756804829948186	-0.00106404192087336	-0.00680079672749758
0.808351483532041	0.191648516467959	191.385500311016	0	0.000383584173919892	1.71381042610729e-06	0.00745084583153612	-0.00102865080580812	-0.00669607835780740
0.805295062258629	0.194704937741371	194.437726988028	0	0.000358525224601038	1.81689766478227e-06	0.00733575926344991	-0.000993649272228227	-0.00659388760988427
0.802220477876358	0.197779522123642	197.508091847062	0	0.000336416254363018	1.76360565448611e-06	0.00722395197612546	-0.000961608284967423	-0.00649419194501762
0.799127914299221	0.200872085700779	200.596411226529	0	0.000318458265485277	1.67580693573714e-06	0.00711585674539310	-0.000933785584895254	-0.00639690604811097
0.796017556407118	0.203982443592882	203.702500500254	0	0.000302637164383365	1.67179601867181e-06	0.00701097971856838	-0.000908541122707168	-0.00630197177370970
0.792889590035230	0.207110409964770	206.826174088095	0	0.000286293602946750	1.76634268755170e-06	0.00690848910196399	-0.000883657916809916	-0.00620932289417473
0.789744201963366	0.210255798036634	209.967245466576	0	0.000269231760310184	1.83749969201427e-06	0.00680877612266104	-0.000859371505746121	-0.00611887598771948
0.786581579905283	0.213418420094717	213.125527179558	0	0.000252467794778754	1.70245370246360e-06	0.00671295918278000	-0.000837520346988187	-0.00603056535025324
0.783401912497981	0.216598087502019	216.300830848924	0	0.000237452278519916	1.27349889378307e-06	0.00662136340625179	-0.000819491093645735	-0.00594435035656341
0.780205389290971	0.219794610709029	219.492967185297	0	0.000224888634555126	5.81838306795165e-07	0.00653482122974879	-0.000806340820076242	-0.00586020112778627
0.776992200735514	0.223007799264486	222.701745998790	0	0.000215465642398796	-2.74781785321375e-07	0.00645261625194734	-0.000798317508581602	-0.00577806650276500
0.773762538173847	0.226237461826153	225.926976209762	0	0.000210101983966481	-1.10433825312572e-06	0.00637396771349713	-0.000795187058997731	-0.00569792645437405
0.770516593828366	0.229483406171634	229.168465859620	0	0.000208039241578054	-1.67001093867090e-06	0.00629759962074245	-0.000795536476815040	-0.00561970702446790
0.767254560790802	0.232745439209198	232.426022121631	0	0.000207612204601758	-1.85716537809641e-06	0.00622273786330154	-0.000797414610165071	-0.00554327229283071
0.763976633011366	0.236023366988634	235.699451311758	0	0.000207683123967849	-1.69917504320305e-06	0.00614862189531653	-0.000799151641700491	-0.00546847881302554
0.760683005287870	0.239316994712130	238.988558899527	0	0.000207043916547331	-1.28002075073483e-06	0.00607404167647994	-0.000798451124951989	-0.00539521433847221
0.757373873254824	0.242626126745176	242.293149518915	0	0.000204239274333080	-7.30593472640950e-07	0.00599741140909994	-0.000792777955708433	-0.00532339741693879
0.754049433372521	0.245950566627479	245.613026979249	0	0.000199115932133932	-2.22147473277169e-07	0.00591801818947346	-0.000781273619224432	-0.00525296986948983
0.750709882916086	0.249290117083914	248.947994276142	0	0.000193228862872282	9.89933658534703e-08	0.00583667692054123	-0.000765888570760550	-0.00518389779821658
0.747355419964512	0.252644580035488	252.297853602442	0	0.000188842206061497	2.12607656332818e-07	0.00575488495133082	-0.000749990722364310	-0.00511616905644958
0.743986243389676	0.256013756610324	255.662406359202	0	0.000187165300518938	2.59905256093940e-07	0.00567460906324539	-0.000736525965164158	-0.00504973990415589
0.740602552845327	0.259397447154673	259.041453166674	0	0.000187839097766549	3.91853886316068e-07	0.00559700951221427	-0.000726519431485119	-0.00498456086098208
0.737204548756065	0.262795451243935	262.434793875320	0	0.000190097780335887	6.43877977659732e-07	0.00552220322787292	-0.000719703846054209	-0.00492054812280510
0.733792432306285	0.266207567693715	265.842227576847	0	0.000193556565685101	9.56024480133407e-07	0.00545038864257474	-0.000715563707509802	-0.00485766005082100
0.730366405429121	0.269633594570879	269.263552615252	0	0.000197765656030933	1.25006745011824e-06	0.00538051384963235	-0.000712692765737276	-0.00479590465762090
0.726926670795350	0.273073329204650	272.698566597901	0	0.000201856385182390	1.50126199184198e-06	0.00531133835692480	-0.000709147335552867	-0.00473528907950425
0.723473431802295	0.276526568197705	276.147066406612	0	0.000204963451932971	1.74496371380248e-06	0.00524209465488253	-0.000703566367413045	-0.00467582731404928
0.720006892562701	0.279993107437299	279.608848208760	0	0.000206162801365805	2.02613335915395e-06	0.00517265426821356	-0.000695077924144483	-0.00461748344198011
0.716527257893592	0.283472742106408	283.083707468410	0	0.000204830500800243	2.36771005334022e-06	0.00510282114775258	-0.000683102377570910	-0.00456021810163546
0.713034733305116	0.286965266694884	286.571438957455	0	0.000201337658950666	2.74832444216436e-06	0.00503291038923191	-0.000668150868796768	-0.00450400722247981
0.709529524989368	0.290470475010632	290.071836766774	0	0.000196933233136754	3.10223785518081e-06	0.00496402911843343	-0.000652042865075613	-0.00444887074904540
0.706011839809202	0.293988160190798	293.584694317411	0	0.000192477331023484	3.37221663663933e-06	0.00489707618123308	-0.000636305369892399	-0.00439481025713560
0.702481885287018	0.297518114712982	297.109804371765	0	0.000187956036699094	3.55630465848916e-06	0.00483242521329882	-0.000621277037726254	-0.00434183807273947
0.698939869593541	0.301060130406459	300.646959044804	0	0.000183009286492104	3.68050836678321e-06	0.00476977215936813	-0.000606527692371513	-0.00428994370855232
0.695386001536580	0.304613998463420	304.195949815283	0	0.000177592855844708	3.72341942368850e-06	0.00470886906561102	-0.000591891327718509	-0.00423906227903371
0.691820490549772	0.308179509450228	307.756567536990	0	0.000171786149286911	3.63790253796987e-06	0.00464942954548739	-0.000577232452056425	-0.00418915864531430
0.688243546681314	0.311756453318686	311.328602449995	0	0.000165387831893383	3.38634713164926e-06	0.00459115551770605	-0.000562343870417644	-0.00414020449029960
0.684655380582674	0.315344619417326	314.911844191927	0	0.000158536049243681	2.94474777204909e-06	0.00453418271004367	-0.000547592864338882	-0.00409214796934206
0.681056203497295	0.318943796502705	318.506081809250	0	0.000151941537403137	2.36791719748353e-06	0.00447896538866839	-0.000533983343445915	-0.00404494248914657
0.677446227249278	0.322553772750722	322.111103768567	0	0.000146427807610549	1.77751507331498e-06	0.00442550610627084	-0.000522246588094522	-0.00399855609461260
0.673825664232057	0.326174335767943	325.726697967932	0	0.000142637390677787	1.25276727871635e-06	0.00437307186098988	-0.000512416477158205	-0.00395291627975589
0.670194727397058	0.329805272602942	329.352651748170	0	0.000141009144591061	8.23082909158837e-07	0.00432095617725674	-0.000504264848442475	-0.00390793986856192
0.666553630242341	0.333446369757659	332.988751904223	0	0.000140987162523343	5.52500085803692e-07	0.00426891996463216	-0.000497124241500656	-0.00386361498568685
0.662902586801238	0.337097413198762	336.634784696497	0	0.000141117317711563	4.70260054404815e-07	0.00421721042933407	-0.000490290933877351	-0.00381990564851214
0.659241811630970	0.340758188369030	340.290535862225	0	0.000140596415748260	4.98446368537479e-07	0.00416607765848832	-0.000483470903265340	-0.00377676624705624
0.655571519801254	0.344428480198746	343.955790626851	0	0.000139592709373743	5.19721372504011e-07	0.00411567770538220	-0.000476947929565392	-0.00373412212825678
0.651891926882905	0.348108073117095	347.630333715405	0	0.000139059861887739	4.67994621077421e-07	0.00406657145421895	-0.000471862278101613	-0.00369196439974303
0.648203248936409	0.351796751063591	351.313949363922	0	0.000140317462633094	3.95317764925955e-07	0.00401934150863523	-0.000469537881887479	-0.00365036938840167
0.644505702500508	0.355494297499492	355.006421330834	0	0.000143664783483336	3.92016515736586e-07	0.00397417547288521	-0.000470424513479217	-0.00360942347220777
0.640799504580753	0.359200495419247	358.707532908405	0	0.000148853471491256	4.83906731382350e-07	0.00393108040542430	-0.000474343909686326	-0.00356911940921878
0.637084872638058	0.362915127361942	362.417066934163	0	0.000155309768344565	6.57862707350210e-07	0.00388995171717814	-0.000480726917347925	-0.00352939026042596
0.633362024577238	0.366637975422762	366.134805802343	0	0.000161832973869966	8.96897168348546e-07	0.00385008668885617	-0.000488035454368589	-0.00349018927854832
0.629631178735543	0.370368821264457	369.860531475338	0	0.000167446250478733	1.18808952015426e-06	0.00381064545323547	-0.000494702908871254	-0.00345149501328041
0.625892553871169	0.374107446128831	373.594025495173	0	0.000171809471667819	1.52842994622113e-06	0.00377085876884440	-0.000499577385626761	-0.00341329699778823
0.622146369151775	0.377853630848225	377.335068994973	0	0.000174779691309700	1.93047290450653e-06	0.00372975640037687	-0.000501619430105247	-0.00337563416930267
0.618392844142982	0.381607155857018	381.083442710445	0	0.000176572871125080	2.39819742695762e-06	0.00368687672975334	-0.000500322805501751	-0.00333854107740910
0.614632198796856	0.385367801203144	384.838926991384	0	0.000178175921528425	2.88702720400759e-06	0.00364182504215142	-0.000496015813881698	-0.00330200570522080
0.610864653440400	0.389135346559600	388.601301813160	0	0.000180426150530717	3.32152321602765e-06	0.00359537111141975	-0.000489889514711570	-0.00326600129786522
0.607090428764018	0.392909571235982	392.370346788242	0	0.000183025501737971	3.65053278395066e-06	0.00354861156359655	-0.000482862481252460	-0.00323054588999641
0.603309745809984	0.396690254190016	396.145841177713	0	0.000185043091130680	3.83988538137328e-06	0.00350278304963586	-0.000475611758237416	-0.00319569948599412
0.599522825960891	0.400477174039109	399.927563902801	0	0.000186512833513332	3.84217894204517e-06	0.00345862573466339	-0.000468998538540594	-0.00316147461049031
0.595729890928107	0.404270109071893	403.715293556414	0	0.000188565093016458	3.65731691868676e-06	0.00341608692299174	-0.000463618751863568	-0.00312788406084784
0.591931162740206	0.408068837259794	407.508808414686	0	0.000191614802549621	3.35138620581721e-06	0.00337412990341294	-0.000459053699919223	-0.00309492566414925
0.588126863731402	0.411873136268598	411.307886448532	0	0.000195599875685935	3.01176659098304e-06	0.00333239842295889	-0.000454829192831353	-0.00306257571071587
0.584317216529976	0.415682783470024	415.112305335204	0	0.000200425292129024	2.70886579215295e-06	0.00329087666849919	-0.000451213994942344	-0.00303079663474611
0.580502444046688	0.419497555953312	418.921842469862	0	0.000206505184493874	2.46848419471438e-06	0.00325056238261433	-0.000449480911786285	-0.00299957428929935
0.576682769463188	0.423317230536812	422.736274977147	0	0.000214385474359700	2.25755047130408e-06	0.00321225346729897	-0.000450938012804259	-0.00296885912590106
0.572858416220421	0.427141583779579	426.555379722763	0	0.000224353688107398	2.02225418845019e-06	0.00317592402059859	-0.000455842239012058	-0.00293860147042565
0.569029608007019	0.430970391992981	430.378933325065	0	0.000236187780155574	1.75058840952827e-06	0.00314115818844243	-0.000463516474765336	-0.00290874330101156
0.565196568747695	0.434803431252305	434.206712166652	0	0.000248991164376706	1.47253142802942e-06	0.00310699675608021	-0.000472465725837336	-0.00287923878399188
0.561359522591622	0.438640477408378	438.038492405969	0	0.000261699002140042	1.25168957429696e-06	0.00307263733764284	-0.000480904014035163	-0.00285006449025995
0.557518693900813	0.442481306099187	441.874049988917	0	0.000272951613658492	1.12783690592302e-06	0.00303745268441769	-0.000487104928314187	-0.00282121009202922
0.553674307238495	0.446325692761505	445.713160660456	0	0.000282027361226012	1.07992395518711e-06	0.00300131678329974	-0.000489961480060667	-0.00279266864510779
0.549826587357469	0.450173412642531	449.555599976233	0	0.000288653683203339	1.03939934981685e-06	0.00296404904226347	-0.000489029676782357	-0.00276443289275157
0.545975759188475	0.454024240811525	453.401143314200	0	0.000293106021253632	9.55273851898202e-07	0.00292631285374849	-0.000485098295558339	-0.00273651296089956
0.542122047828549	0.457877952171451	457.249565886242	0	0.000295896596890547	8.60926935777333e-07	0.00288915902869332	-0.000479665984128356	-0.00270888900755725
0.538265678529370	0.461734321470630	461.100642749813	0	0.000297460848567245	8.04537555790786e-07	0.00285382821905309	-0.000474494079948955	-0.00268154985935946
0.534406876685606	0.465593123314394	464.954148819573	0	0.000298727327610303	7.90407232976256e-07	0.00282115711216220	-0.000471372275596949	-0.00265447930442172
0.530545867823260	0.469454132176740	468.809858879030	0	0.000300947216522504	8.29126291004099e-07	0.00279110641582879	-0.000471441622036915	-0.00262768353646399
0.526682877588002	0.473317122411998	472.667547592185	0	0.000304528678847477	9.48639974758579e-07	0.00276319819602844	-0.000474750210698384	-0.00260114718981718
0.522818131733503	0.477181868266497	476.526989515190	0	0.000309226025271521	1.16458354237537e-06	0.00273670468076808	-0.000480495837998947	-0.00257484518122364
0.518951856109769	0.481048143890231	480.387959107993	0	0.000314488149420722	1.50199306430292e-06	0.00271087279869134	-0.000487347731020225	-0.00254876902045566
0.515084276651456	0.484915723348544	484.250230746008	0	0.000319777018020915	1.96335323228923e-06	0.00268467322785321	-0.000493846071493923	-0.00252295574946668
0.511215619366204	0.488784380633796	488.113578731765	0	0.000325192639261637	2.50950502271664e-06	0.00265725859574371	-0.000498959630535406	-0.00249745511079287
0.507346110322946	0.492653889677054	491.977777306586	0	0.000330595430441080	3.06945979765856e-06	0.00262785343020572	-0.000501938476389031	-0.00247228718238917
0.503475975640227	0.496524024359773	495.842600662247	0	0.000335757089888801	3.54559815489377e-06	0.00259714627005855	-0.000502944876004272	-0.00244748867400081
0.499605441474518	0.500394558525482	499.707822952652	0	0.000340635028913408	3.85544773875024e-06	0.00256593917266592	-0.000502663716637717	-0.00242304928676374
0.495734734008523	0.504265265991477	503.573218305509	0	0.000345442830844664	3.96059847156927e-06	0.00253487380069857	-0.000501755564580625	-0.00239895494464399
0.491864079439485	0.508135920560515	507.438560834003	0	0.000350144202070133	3.87882093727562e-06	0.00250430098963167	-0.000500671784054309	-0.00237521334186994
0.487993703967496	0.512006296032504	511.303624648478	0	0.000354771731118525	3.66198124779528e-06	0.00247467564933453	-0.000499876081542084	-0.00235179344728996
0.484123833783795	0.515876166216205	515.168183868116	0	0.000359365242266454	3.36823556398429e-06	0.00244623323734187	-0.000499766660912550	-0.00232865229665530
0.480254695059071	0.519745304940929	519.032012632624	0	0.000363766224639438	3.05286773081499e-06	0.00241902593501014	-0.000500368568426631	-0.00230576291312373
0.476386513931761	0.523613486068239	522.894885113912	0	0.000367805029377952	2.77572298593897e-06	0.00239238135415138	-0.000501160539175334	-0.00228307222694820
0.472519516496348	0.527480483503652	526.756575527788	0	0.000371598548147804	2.60618521667641e-06	0.00236578826942830	-0.000501941866899842	-0.00226057078728811
0.468653928791660	0.531346071208340	530.616858145638	0	0.000375908478968862	2.60276196018553e-06	0.00233938255179821	-0.000503396233552586	-0.00223827356141988
0.464789976789160	0.535210023210840	534.475507306117	0	0.000381229567192816	2.76778643357779e-06	0.00231343510406560	-0.000506236497062444	-0.00221616598272397
0.460927886381244	0.539072113618756	538.332297426843	0	0.000387712924538150	3.06068873747615e-06	0.00228830155022466	-0.000510822442005280	-0.00219422878908617
0.457067883369534	0.542932116630466	542.187003016080	0	0.000395124373845171	3.43580984749852e-06	0.00226371748738573	-0.000516745224312362	-0.00217246027498094
0.453210193453172	0.546789806546828	546.039398684435	0	0.000403112139560583	3.84290701620997e-06	0.00223930367057540	-0.000523361105110571	-0.00215087146827902
0.449355042217111	0.550644957782889	549.889259156543	0	0.000411742496361386	4.25242826774577e-06	0.00221485352783529	-0.000530305897310546	-0.00212950170195041
0.445502655120408	0.554497344879592	553.736359282765	0	0.000421066632232371	4.64304718429968e-06	0.00219004728568532	-0.000537297473555988	-0.00210842512789258
0.441653257484521	0.558346742515479	557.580474050872	0	0.000430987485939158	4.95103136144604e-06	0.00216498554670743	-0.000544270991098929	-0.00208766342464425
0.437807074481598	0.562192925518402	561.421378597739	0	0.000441358635142802	5.09621884542024e-06	0.00214016225680417	-0.000551444143614542	-0.00206719942033337
0.433964331122771	0.566035668877229	565.258848221038	0	0.000451912163170101	5.05704093940233e-06	0.00211594620232372	-0.000558893667929929	-0.00204701993134427
0.430125252246457	0.569874747753543	569.092658390915	0	0.000462010794191817	4.89044786501686e-06	0.00209272396606819	-0.000566320292459590	-0.00202712878690928
0.426290062506648	0.573709937493352	572.922584761693	0	0.000470876142445345	4.68715871777481e-06	0.00206999557725178	-0.000572771147169980	-0.00200750179038268
0.422458986361208	0.577541013638792	576.748403183549	0	0.000478148767428895	4.53743570505786e-06	0.00204721402334665	-0.000577357098130851	-0.00198811293314215
0.418632248060179	0.581367751939821	580.569889714202	0	0.000483875585557301	4.49116020902345e-06	0.00202386496274404	-0.000579656792454999	-0.00196892067160075
0.414810071634071	0.585189928365929	584.386820630596	0	0.000488411335679152	4.52773021636454e-06	0.00199975286100082	-0.000579741951965033	-0.00194988854173506
0.410992680882176	0.589007319117824	588.198972440580	0	0.000491863237068516	4.58456643329987e-06	0.00197507333675055	-0.000577913431031377	-0.00193101385201992
0.407180299360863	0.592819700639137	592.006121894591	0	0.000494312603514727	4.58887549162154e-06	0.00195004684355060	-0.000574685024362588	-0.00191231365407005
0.403373150371893	0.596626849628107	595.808045997324	0	0.000496439183530596	4.50499338994530e-06	0.00192516027887033	-0.000571116078875005	-0.00189383276832190
0.399571456950723	0.600428543049277	599.604522019414	0	0.000499224311152793	4.35709030515117e-06	0.00190075661607224	-0.000568426626031462	-0.00187560769005395
0.395775441854823	0.604224558145177	603.395327509100	0	0.000503738414874804	4.21382284612151e-06	0.00187677122666939	-0.000567474732170881	-0.00185767149888365
0.391985327551991	0.608014672448009	607.180240303897	0	0.000510357544401951	4.14273415167651e-06	0.00185320341179970	-0.000568584134864863	-0.00184003687285806
0.388201336208670	0.611798663791330	610.959038542260	0	0.000518709346744950	4.14449828202411e-06	0.00183019700630254	-0.000571660947075110	-0.00182268353907985
0.384423689678278	0.615576310321722	614.731500675241	0	0.000528300092106594	4.17436589731951e-06	0.00180768253088529	-0.000576182776757833	-0.00180556815500106
0.380652609489528	0.619347390510472	618.497405478149	0	0.000538436268926174	4.19266152619748e-06	0.00178543090567471	-0.000581407990033082	-0.00178865809669455
0.376888316834764	0.623111683165236	622.256532062202	0	0.000548845073333287	4.19120916056577e-06	0.00176328157192230	-0.000586843614230240	-0.00177192752685745
0.373131032558295	0.626868967441705	626.008659886176	0	0.000559450996988237	4.19585602427885e-06	0.00174097851590257	-0.000592188165394208	-0.00175534569086953
0.369380977144738	0.630619022855262	629.753568768044	0	0.000570331214094754	4.23492611380939e-06	0.00171860268526949	-0.000597529975157874	-0.00173891832669312
0.365638370707360	0.634361629292640	633.491038896619	0	0.000581573575241553	4.32784103164720e-06	0.00169639972829101	-0.000603048490713240	-0.00172267897342095
0.361903432976434	0.638096567023566	637.220850843185	0	0.000592996846328263	4.47052164338562e-06	0.00167431434352040	-0.000608628681666384	-0.00170663148599773
0.358176383287593	0.641823616712407	640.942785573121	0	0.000604500107097871	4.65906110297783e-06	0.00165244771481216	-0.000614131691538366	-0.00169078975538289
0.354457440570193	0.645542559429807	644.656624457528	0	0.000615713231892220	4.90223085079284e-06	0.00163063434743538	-0.000619174098285966	-0.00167516430471120
0.350746823335682	0.649253176664318	648.362149284840	0	0.000626482679447599	5.18527586380641e-06	0.00160886371129319	-0.000623564702457693	-0.00165977236218658
0.347044749665977	0.652955250334023	652.059142272434	0	0.000637128465969823	5.47880524259970e-06	0.00158712460144220	-0.000627528483465254	-0.00164462959940750
0.343351437201842	0.656648562798158	655.747386078232	0	0.000648000042055898	5.76996676667907e-06	0.00156543343843489	-0.000631404492568441	-0.00162975383779354
0.339667103131283	0.660332896868717	659.426663812295	0	0.000658845244785101	6.05258161991821e-06	0.00154418597239874	-0.000635315468186654	-0.00161516285354951
0.335991964177940	0.664008035822060	663.096759048413	0	0.000669072576196455	6.29595927800128e-06	0.00152352491516742	-0.000639045185449568	-0.00160085327088340
0.332326236589492	0.667673763410508	666.757455835681	0	0.000678477651398762	6.45824232705682e-06	0.00150363148332829	-0.000642495869973997	-0.00158681535534090
0.328670136126073	0.671329863873927	670.408538710073	0	0.000687330591685409	6.51567646084504e-06	0.00148444060352317	-0.000645794938125479	-0.00157304361029684
0.325023878048688	0.674976121951312	674.049792706005	0	0.000696301125641707	6.47456267151958e-06	0.00146575319011948	-0.000649139113257405	-0.00155953565210321
0.321387677107645	0.678612322892355	677.681003367890	0	0.000705659873636151	6.35268051768293e-06	0.00144721777728725	-0.000652425379360325	-0.00154626486931564
0.317761747530993	0.682238252469007	681.301956761683	0	0.000715000993655148	6.15757474021523e-06	0.00142867253046015	-0.000655237194778739	-0.00153318462472001
0.314146303012970	0.685853696987030	684.912439486418	0	0.000723637396847077	5.89757467421165e-06	0.00141025454654992	-0.000657214689903143	-0.00152026834513311
0.310541556702459	0.689458443297541	688.512238685734	0	0.000731201730290929	5.59716391324956e-06	0.00139200709846392	-0.000658291556547796	-0.00150750437282378
0.306947721191458	0.693052278808542	692.101142059392	0	0.000738034130430840	5.30155743633827e-06	0.00137412707841099	-0.000659001159631906	-0.00149490094001746
0.303365008503555	0.696634991496445	695.678937874783	0	0.000744865437715186	5.07077306769022e-06	0.00135687027065888	-0.000660124622962930	-0.00148247999432378
0.299793630082419	0.700206369917581	699.245414978420	0	0.000752052992168501	4.94607365472260e-06	0.00134013521671892	-0.000661876151834263	-0.00147025604208490
0.296233796780298	0.703766203219702	702.800362807428	0	0.000759384575648115	4.92315871930802e-06	0.00132355910184391	-0.000663743368456418	-0.00145825184683842
0.292685718846532	0.707314281153468	706.343571401008	0	0.000766364123658191	4.96434473919099e-06	0.00130685821200996	-0.000664980528766139	-0.00144647838995486
0.289149605916075	0.710850394083925	709.874831411909	0	0.000772626631661793	5.02082918625056e-06	0.00128987595647779	-0.000665041380906926	-0.00143492319652567
0.285625666998030	0.714374333001970	713.393934117869	0	0.000778078386726892	5.07012161065701e-06	0.00127261885017873	-0.000663727188115821	-0.00142356987272227
0.282114110464196	0.717885889535804	716.900671433055	0	0.000782518440978954	5.13247011991087e-06	0.00125505510496732	-0.000660837515202799	-0.00141240871146812
0.278615144037633	0.721384855962367	720.394835919484	0	0.000785630406671928	5.23374875630663e-06	0.00123707907663314	-0.000656102415648547	-0.00140141933096227
0.275128974781231	0.724871025218769	723.876220798437	0	0.000787220063491783	5.36901304890269e-06	0.00121874916441846	-0.000649500368917959	-0.00139056783964874
0.271655809086303	0.728344190913697	727.344619961850	0	0.000787481473601991	5.51513154801548e-06	0.00120022286685556	-0.000641434539453210	-0.00137983807323275
0.268195852661185	0.731804147338815	730.799827983699	0	0.000786875371708316	5.66506953566993e-06	0.00118177742781705	-0.000632615214720565	-0.00136922972989108
0.264749310519851	0.735250689480149	734.241640131368	0	0.000785873243816399	5.82328347844814e-06	0.00116364017009862	-0.000623730023136530	-0.00135874372487185
0.261316386970551	0.738683613029449	737.669852376998	0	0.000784944001883804	5.98203587715587e-06	0.00114590948032766	-0.000615311769072075	-0.00134837918773046
0.257897285604454	0.742102714395546	741.084261408826	0	0.000784569090548987	6.11516368692564e-06	0.00112867457840296	-0.000607821834023546	-0.00133813428135320
0.254492209284309	0.745507790715691	744.484664642509	0	0.000785098132479383	6.19452557907550e-06	0.00111201460629289	-0.000601635500453377	-0.00132801571333711
0.251101360133135	0.748898639866865	747.870860232419	0	0.000786655626396219	6.21449527399592e-06	0.00109613746273498	-0.000597086623649487	-0.00131803994070823
0.247724939522905	0.752275060477095	751.242647082944	0	0.000789283881084562	6.19393414655652e-06	0.00108131462871221	-0.000594530110079497	-0.00130822044265653
0.244363148063271	0.755636851936729	754.599824859746	0	0.000793035055223163	6.16391052386828e-06	0.00106782241346826	-0.000594271661458378	-0.00129856817739455
0.241016185590289	0.758983814409711	757.942194001022	0	0.000797849093793536	6.14635874180675e-06	0.00105575949713267	-0.000596295677803462	-0.00128909233002283
0.237684251155170	0.762315748844830	761.269555728737	0	0.000803459403488968	6.14113034190492e-06	0.00104491838546514	-0.000600123799298943	-0.00127979710995700
0.234367543013051	0.765632456986949	764.581712059836	0	0.000809523005035622	6.13792822471080e-06	0.00103492216655691	-0.000605011168401533	-0.00127068196157742
0.231066258611781	0.768933741388219	767.878465817445	0	0.000815680991898234	6.12456266714433e-06	0.00102533938575607	-0.000610212479250971	-0.00126173570214669
0.227780594580726	0.772219405419274	771.159620642051	0	0.000821767342477793	6.09205715493436e-06	0.00101586704356386	-0.000615253482086225	-0.00125293808540252
0.224510746719602	0.775489253280398	774.424981002650	0	0.000827741548334221	6.05076827622927e-06	0.00100626792674711	-0.000619887432327428	-0.00124427135301057
0.221256909987317	0.778743090012683	777.674352207894	0	0.000833557608860511	6.03407298489141e-06	0.000996386119286864	-0.000623973615127998	-0.00123572817350370
0.218019278490844	0.781980721509156	780.907540417200	0	0.000839120730904149	6.08290083242889e-06	0.000986112181525527	-0.000627370779923292	-0.00122731271645692
0.214798045474110	0.785201954525890	784.124352651847	0	0.000844332366260753	6.22027366315930e-06	0.000975355732591831	-0.000629947703419912	-0.00121903247384829
0.211593403306909	0.788406596693091	787.324596806046	0	0.000849309208000000	6.43479301157711e-06	0.000964101026536101	-0.000631727473442705	-0.00121089242278441
0.208405543473838	0.791594456526162	790.508081657992	0	0.000854297929280571	6.69314135349807e-06	0.000952359557787056	-0.000632855962897214	-0.00120289525095658
0.205234656563255	0.794765343436745	793.674616880888	0	0.000859519470891808	6.95460448410928e-06	0.000940150880758507	-0.000633498480145354	-0.00119504052351768
0.202080932256261	0.797919067743739	796.824013053949	0	0.000865043999595518	7.17957114085828e-06	0.000927575067794665	-0.000633757464922087	-0.00118732747301576
0.198944559315707	0.801055440684293	799.956081673381	0	0.000870663745383112	7.33821711793681e-06	0.000914713271639336	-0.000633533975773505	-0.00117975477615885
0.195825725575225	0.804174274424775	803.070635163331	0	0.000875989162061655	7.41800411612318e-06	0.000901578341947917	-0.000632596603535273	-0.00117232031358284
0.192724617928286	0.807275382071714	806.167486886819	0	0.000880730617087773	7.43010519008694e-06	0.000888226778616796	-0.000630794112416077	-0.00116502691120976
0.189641422317281	0.810358577682719	809.246451156639	0	0.000884903211040150	7.39698630017945e-06	0.000874642595927045	-0.000628169669014068	-0.00115788179755709
0.186576323722628	0.813423676277372	812.307343246239	0	0.000888888872431806	7.33457978860856e-06	0.000860789098706671	-0.000625026860737956	-0.00115088938111362
0.183529506151914	0.816470493848086	815.349979400560	0	0.000893230991690939	7.25561547053348e-06	0.000846744766331808	-0.000621878257064672	-0.00114404923983720
0.180501152629053	0.819498847370947	818.374176846869	0	0.000898323277869749	7.17704936187880e-06	0.000832792356931346	-0.000619273497594139	-0.00113736256016763
0.177491445183478	0.822508554816522	821.379753805549	0	0.000904261809947782	7.11132209015432e-06	0.000819210478206771	-0.000617581782667970	-0.00113082658623741
0.174500564839367	0.825499435160633	824.366529500855	0	0.000910894147303544	7.05887074515315e-06	0.000806174835066543	-0.000616913676011621	-0.00112443286136776
0.171528691604886	0.828471308395114	827.334324171664	0	0.000917958018708246	7.01164677750893e-06	0.000793839306001450	-0.000617247033747693	-0.00111817035698998
0.168576004461474	0.831423995538526	830.282959082169	0	0.000925170532780664	6.95908797308369e-06	0.000782358119168393	-0.000618489136097858	-0.00111203250934660
0.165642681353152	0.834357318646848	833.212256532556	0	0.000932333222812878	6.89681349984878e-06	0.000771716214538375	-0.000620437435109618	-0.00110602464809485
0.162728899175862	0.837271100824138	836.122039869654	0	0.000939328152698988	6.83142409665125e-06	0.000761775395852338	-0.000622785193950652	-0.00110015967604680
0.159834833766845	0.840165166233155	839.012133497538	0	0.000946013312781550	6.77380960373108e-06	0.000752359620153630	-0.000625173725321960	-0.00109444839542233
0.156960659894045	0.843039340105955	841.882362888114	0	0.000952229536779240	6.73113703626825e-06	0.000743316737842749	-0.000627281668775070	-0.00108889096015235
0.154106551245546	0.845893448754454	844.732554591666	0	0.000957879365967638	6.70709247761220e-06	0.000734589822969025	-0.000628932440801131	-0.00108348354946183
0.151272680419049	0.848727319580951	847.562536247363	0	0.000962950547719344	6.70620776530803e-06	0.000726100346004085	-0.000630032936461938	-0.00107822545649526
0.148459218911375	0.851540781088625	850.372136593745	0	0.000967466993570331	6.73460452144882e-06	0.000717756260903836	-0.000630504720849483	-0.00107311733149536
0.145666337108011	0.854333662891989	853.161185479160	0	0.000971417229042031	6.79822031865132e-06	0.000709449609089262	-0.000630214693798179	-0.00106815592996532
0.142894204272683	0.857105795727317	855.929513872177	0	0.000974682465413400	6.90443885187112e-06	0.000701020344267763	-0.000628943093256233	-0.00106333712855302
0.140142988536976	0.859857011463024	858.676953871953	0	0.000977078768550761	7.06193607376588e-06	0.000692372972457271	-0.000626494323832414	-0.00105865798688114
0.137412856889981	0.862587143110019	861.403338718571	0	0.000978462344474973	7.27011044911826e-06	0.000683474510275894	-0.000622803506137160	-0.00105411367828084
0.134703975167984	0.865296024832016	864.108502803337	0	0.000978858457058250	7.51068818415412e-06	0.000674373265004141	-0.000617998441601195	-0.00104969560050510
0.132016508044196	0.867983491955804	866.792281679035	0	0.000978456148666322	7.75804704406919e-06	0.000665140576839647	-0.000612326167418165	-0.00104539458044567
0.129350619018518	0.870649380981482	869.454512070150	0	0.000977466713892995	7.99495190950957e-06	0.000655818428255511	-0.000606019891658087	-0.00104120717480337
0.126706470407344	0.873293529592656	872.095031883048	0	0.000976060028533510	8.21983262065519e-06	0.000646449397105591	-0.000599265118205607	-0.00103713708593530
0.124084223333413	0.875915776666587	874.713680216114	0	0.000974345010291304	8.44215518155068e-06	0.000637053695399220	-0.000592180216633871	-0.00103318882605295
0.121484037715691	0.878515962284309	877.310297369852	0	0.000972405611489897	8.66967167687059e-06	0.000627587566302388	-0.000584817384579890	-0.00102936293193582
0.118906072259304	0.881093927740696	879.884724856942	0	0.000970348515130638	8.90265408806821e-06	0.000618003174189193	-0.000577232835349074	-0.00102565819420351
0.116350484445512	0.883649515554488	882.436805412249	0	0.000968288918758597	9.13199716885767e-06	0.000608300913172944	-0.000569536340269418	-0.00102207175106278
0.113817430521716	0.886182569478284	884.966383002804	0	0.000966330888713137	9.33982351267672e-06	0.000598561865941247	-0.000561909308826088	-0.00101860012586746
0.111307065491528	0.888692934508472	887.473302837721	0	0.000964567313974820	9.50692615772988e-06	0.000588939292102915	-0.000554594003614353	-0.00101524026706441
0.108819543104865	0.891180456895135	889.957411378086	0	0.000963083941135222	9.61664001131653e-06	0.000579619141491514	-0.000547858596957322	-0.00101199035488374
0.106355015848106	0.893644984151894	892.418556346791	0	0.000961975027986108	9.65658174133008e-06	0.000570787559015519	-0.000541971647416227	-0.00100885110047200
0.103913634934285	0.896086365065715	894.856586738326	0	0.000961339144619880	9.62470816486467e-06	0.000562578085600397	-0.000537157179852477	-0.00100582448722013
0.101495550293332	0.898504449706668	897.271352828522	0	0.000961232775133904	9.53097547071549e-06	0.000555075269804847	-0.000533562635821321	-0.00100291401262982
0.0991009105623650	0.900899089437635	899.662706184249	0	0.000961649897656669	9.39061378940576e-06	0.000548338074044146	-0.000531263576964653	-0.00100012103980314
0.0967298630760300	0.903270136923970	902.030499673061	0	0.000962566230168292	9.21756683958407e-06	0.000542392777011463	-0.000530277392505009	-0.000997443383379207
0.0943825538568864	0.905617446143114	904.374587472799	0	0.000963973103087970	9.02259410997079e-06	0.000537206240020424	-0.000530557711144643	-0.000994877884063216
0.0920591276058468	0.907940872394153	906.694825081136	0	0.000965889414430154	8.81424627745287e-06	0.000532688372867418	-0.000531996734962328	-0.000992421666425067
0.0897597276926650	0.910240272307335	908.991069325077	0	0.000968341810068849	8.59938774411550e-06	0.000528711325295049	-0.000534438681495657	-0.000990071741263343
0.0874844961464766	0.912515503853523	911.263178370406	0	0.000971331228232040	8.38261177119635e-06	0.000525138122805781	-0.000537702873548878	-0.000987825711850334
0.0852335736463911	0.914766426353609	913.511011731079	0	0.000974814377788753	8.16625978456505e-06	0.000521862705863769	-0.000541618376282967	-0.000985681604865096
0.0830070995121384	0.916992900487862	915.734430278568	0	0.000978711297993357	7.94906906093860e-06	0.000518836579374576	-0.000546061809126737	-0.000983636521497406
0.0808052116947669	0.919194788305233	917.933296251145	0	0.000982944512349697	7.72648603851598e-06	0.000516076623839320	-0.000550986552075758	-0.000981687315836179
0.0786280467673990	0.921371953232601	920.107473263121	0	0.000987458492354394	7.49385949710176e-06	0.000513638391134357	-0.000556411061864148	-0.000979831839728994
0.0764757399160395	0.923524260083961	922.256826314018	0	0.000992216727195805	7.24760654122071e-06	0.000511575371255832	-0.000562380148565000	-0.000978067469995437
0.0743484249304427	0.925651575069557	924.381221797693	0	0.000997187119424813	6.98660425263341e-06	0.000509926958773976	-0.000568929679206432	-0.000976389960390893
0.0722462341950334	0.927753765804967	926.480527511404	0	0.00100232366489766	6.71337092650116e-06	0.000508715712497212	-0.000576059582272202	-0.000974794224571695
0.0701692986798893	0.929830701320111	928.554612664816	0	0.00100757148508568	6.43299032176953e-06	0.000507943890672309	-0.000583727874343119	-0.000973275787836523
0.0681177479317799	0.931882252068220	930.603347888947	0	0.00101288371953788	6.15189394146034e-06	0.000507593783429541	-0.000591863600412829	-0.000971831380517750
0.0660917100652639	0.933908289934736	932.626605245061	0	0.00101823807580213	5.87637322052061e-06	0.000507624517271494	-0.000600384496321551	-0.000970458190274840
0.0640913117538501	0.935908688246150	934.624258233496	0	0.00102364375420979	5.61213317110577e-06	0.000507982160348748	-0.000609210982965277	-0.000969154523694574
0.0621166782212164	0.937883321778784	936.596181802428	0	0.00102912192717655	5.36506768056222e-06	0.000508605450771106	-0.000618259596911291	-0.000967919349996479
0.0601679332324919	0.939832066767508	938.542252356582	0	0.00103467840602917	5.14140527140069e-06	0.000509421697467552	-0.000627425312225380	-0.000966750890232691
0.0582451990856020	0.941754800914398	940.462347765873	0	0.00104028639919096	4.94813754448142e-06	0.000510353430891635	-0.000636577771235352	-0.000965647467031997
0.0563485966026763	0.943651403397324	942.356347373987	0	0.00104588104403422	4.79322384330465e-06	0.000511326037124687	-0.000645571550727424	-0.000964608261090633
0.0544782451215212	0.945521754878479	944.224132006894	0	0.00105136942733138	4.68451321640209e-06	0.000512275081954038	-0.000654266349024476	-0.000963633128187428
0.0526342624871584	0.947365737512842	946.065583981302	0	0.00105665044779006	4.62840960491626e-06	0.000513155185987554	-0.000662550102464463	-0.000962722626844594
0.0508167650434277	0.949183234956572	947.880587113041	0	0.00106163622637357	4.62770428386943e-06	0.000513944826802161	-0.000670353846250811	-0.000961877474556688
0.0490258676246587	0.950974132375341	949.669026725377	0	0.00106627098048131	4.67830090993778e-06	0.000514642481896576	-0.000677652985853347	-0.000961097054899007
0.0472616835474092	0.952738316452591	951.430789657268	0	0.00107054194036413	4.76771646124917e-06	0.000515256777688010	-0.000684458338563278	-0.000960378592189152
0.0455243246022710	0.954475675397729	953.165764271542	0	0.00107447732421369	4.87733184321685e-06	0.000515796325921533	-0.000690804347323063	-0.000959717473187578
0.0438139010457482	0.956186098954252	954.873840463008	0	0.00107813696938601	4.98702963242929e-06	0.000516266827235588	-0.000696743064991380	-0.000959108530644003
0.0421305215922023	0.957869478407798	956.554909666505	0	0.00108160126833994	5.07990140593130e-06	0.000516673140089672	-0.000702342306689214	-0.000958547480915054
0.0404742934058703	0.959525706594130	958.208864864866	0	0.00108495593905827	5.14564040750842e-06	0.000517020867678483	-0.000707678987035355	-0.000958031766114384
0.0388453220929547	0.961154677907045	959.835600596822	0	0.00108827264361382	5.18204661819744e-06	0.000517316293784146	-0.000712825090207378	-0.000957560789438185
0.0372437116937855	0.962756288306215	961.435012964825	0	0.00109159392716780	5.19415948319595e-06	0.000517564086089777	-0.000717832343641594	-0.000957135354142972
0.0356695646750560	0.964330435324944	963.006999642807	0	0.00109493106395059	5.19127885597317e-06	0.000517765393568056	-0.000722723796175006	-0.000956756370566129
0.0341229819221338	0.965877018077866	964.551459883854	0	0.00109827348287622	5.18341729564544e-06	0.000517918516491360	-0.000727494184296226	-0.000956423574811660
0.0326040627314459	0.967395937268554	966.068294527812	0	0.00110160001215242	5.17885877348412e-06	0.000518020899709608	-0.000732114636927582	-0.000956135065911742
0.0311129048029407	0.968887095197059	967.557406008816	0	0.00110488419155582	5.18335971928419e-06	0.000518069446795575	-0.000736537705173994	-0.000955887682957956
0.0296496042326278	0.970350395767372	969.018698362736	0	0.00110809330665492	5.20047614686877e-06	0.000518058931786854	-0.000740702576539987	-0.000955677733178537
0.0282142555051929	0.971785744494807	970.452077234556	0	0.00111118512513751	5.23230656479289e-06	0.000517980560825161	-0.000744541395602767	-0.000955501658629090
0.0268069514866951	0.973193048513305	971.857449885666	0	0.00111410773370540	5.28005063105774e-06	0.000517822247566003	-0.000747986836606908	-0.000955356358166347
0.0254277834173406	0.974572216582659	973.234725201077	0	0.00111680582889373	5.34402965347088e-06	0.000517570297445258	-0.000750980092258395	-0.000955239103516440
0.0240768409043386	0.975923159095661	974.583813696555	0	0.00111923145425365	5.42336425648626e-06	0.000517211615463063	-0.000753477972240422	-0.000955147245704143
0.0227542119148381	0.977245788085162	975.904627525676	0	0.00112135406434590	5.51588062229978e-06	0.000516735957807862	-0.000755458074206212	-0.000955078070495747
0.0214599827689462	0.978540017231054	977.197080486797	0	0.00112316549294526	5.61853222577388e-06	0.000516137572627451	-0.000756920743064741	-0.000955028969059707
0.0201942381328298	0.979805761867170	978.461088029948	0	0.00112467829608893	5.72802689063631e-06	0.000515415699751115	-0.000757886772939412	-0.000954997671610421
0.0189570610119018	0.981042938988098	979.696567263630	0	0.00112591952544683	5.84116138169857e-06	0.000514574031741641	-0.000758391780767979	-0.000954982209330332
0.0177485327440904	0.982251467255910	980.903436961543	0	0.00112692356221781	5.95475999066715e-06	0.000513619709029249	-0.000758479980166514	-0.000954980596582180
0.0165687329931947	0.983431267006805	982.081617569216	0	0.00112772647297817	6.06556426338053e-06	0.000512562635390309	-0.000758199789312332	-0.000954990515785335
0.0154177397423275	0.984582260257673	983.231031210562	0	0.00112836247306599	6.17039353841760e-06	0.000511415544167517	-0.000757601798291277	-0.000955009243326157
0.0142956292874432	0.985704370712557	984.351601694331	0	0.00112886186770209	6.26654947524576e-06	0.000510194566837155	-0.000756737991068542	-0.000955033836569548
0.0132024762309563	0.986797523769044	985.443254520495	0	0.00112924962630591	6.35223663916637e-06	0.000508919652284772	-0.000755661028465891	-0.000955061453508693
0.0121383534754463	0.987861646524554	986.505916886523	0	0.00112954445415465	6.42682354434149e-06	0.000507614323315193	-0.000754423355280455	-0.000955089671323922
0.0111033322174536	0.988896667782546	987.539517693585	0	0.00112975902494076	6.49087025051531e-06	0.000506304640989207	-0.000753076439798006	-0.000955116713260929
0.0100974819413664	0.989902518058634	988.543987552651	0	0.00112990186696257	6.54587820458506e-06	0.000505017534011325	-0.000751670116790341	-0.000955141497132967
0.00912087041339739	0.990879129586603	989.519258790512	0	0.00112998026926360	6.59379274159961e-06	0.000503778885233458	-0.000750251654762301	-0.000955163476264032
0.00817356367565411	0.991826436324346	990.465265455694	0	0.00113000271081190	6.63645410091590e-06	0.000502611853490294	-0.000748864390407815	-0.000955182401676951
0.00725562604030164	0.992744373959698	991.381943324294	0	0.00112997969323833	6.67524020890230e-06	0.000501535689752634	-0.000747546188441366	-0.000955198182771196
0.00636712008381921	0.993632879916181	992.269229905713	0	0.00112992306289911	6.71097533993247e-06	0.000500565067763242	-0.000746328149469223	-0.000955210876400210
0.00550810664135135	0.994491893358649	993.127064448293	0	0.00112984473945230	6.74399639469477e-06	0.000499709886181416	-0.000745233873866175	-0.000955220707765941
0.00467864480115515	0.995321355198845	993.955387944872	0	0.00112975567428018	6.77425144161255e-06	0.000498975473336501	-0.000744279364598723	-0.000955228047727898
0.00387879189914286	0.996121208100857	994.754143138223	0	0.00112966529430108	6.80139317733330e-06	0.000498363079629054	-0.000743473479527729	-0.000955233345616333
0.00310860351352288	0.996891396486477	995.523274526414	0	0.00112958128002678	6.82488879349230e-06	0.000497870523178379	-0.000742818771350630	-0.000955237051826089
0.00236813345953710	0.997631866540463	996.262728368056	0	0.00112950946817540	6.84416006040242e-06	0.000497492869301413	-0.000742312542189432	-0.000955239559556657
0.00165743378429843	0.998342566215702	996.972452687468	0	0.00112945379681272	6.85873494592138e-06	0.000497223065881759	-0.000741947962422386	-0.000955241177135611
0.000976554761726947	0.999023445238273	997.652397279723	0	0.00112941633142039	6.86779813011930e-06	0.000497052503365058	-0.000741715161743049	-0.000955242126806148
0.000325544887587024	0.999674455112413	998.302513715613	0	0.00112931024924898	6.87474995678878e-06	0.000496971499165148	-0.000741270101323719	-0.000955242558461556
