# Postprocessed results of turbulent pipe flow 
# Mean velocity and pressure 
# ------------------------------------------------------------------
# uTau = 0.0264811 
# nu = 2.65252e-05 
# ------------------------------------------------------------------
# r	 1-r	 y+	 Ur	 Ut	 Uz	 dUz/dy	 P	 
# ------------------------------------------------------------------
1	0	0	3.40817e-23	 8.17744e-05	5.86238e-05	1.4318e-08	 9.07217e-11	   
0.999903	9.7e-05	0.0968387	3.40817e-23	 8.17744e-05	5.86238e-05	1.4318e-08	 9.07217e-11	   
0.999776	0.0002245	0.224127	1.27632e-22	 0.000189193	0.000135615	7.42897e-08	 1.70282e-09	   
0.999618	0.0003823	0.381664	3.75075e-22	 0.000322248	0.000230949	2.13686e-07	 1.18981e-08	   
0.999429	0.0005705	0.569552	8.29058e-22	 0.00048092	0.000344575	4.97409e-07	 5.16477e-08	   
0.999211	0.0007891	0.787788	2.27344e-21	 0.000665164	0.000476375	1.07445e-06	 1.68012e-07	   
0.998962	0.001038	1.03627	3.03951e-21	 0.000874889	0.000626099	2.26033e-06	 4.48448e-07	   
0.998683	0.0013172	1.31501	4.04482e-21	 0.00110994	0.000793249	4.60106e-06	 1.03414e-06	   
0.998373	0.0016268	1.6241	7.7935e-21	 0.00137007	0.000976933	8.85881e-06	 2.12878e-06	   
0.998034	0.0019665	1.96323	1.09738e-20	 0.00165493	0.00117567	1.59439e-05	 3.99979e-06	   
0.997663	0.0023366	2.33272	1.58451e-20	 0.00196407	0.00138726	2.68511e-05	 6.97058e-06	   
0.997263	0.0027368	2.73225	2.03037e-20	 0.00229695	0.00160872	4.25641e-05	 1.14046e-05	   
0.996833	0.0031672	3.16193	2.52381e-20	 0.00265286	0.00183656	6.38752e-05	 1.76839e-05	   
0.996372	0.0036278	3.62177	4.37467e-20	 0.00303093	0.00206722	9.11486e-05	 2.61864e-05	   
0.995882	0.0041184	4.11155	4.01968e-20	 0.00343002	0.00229754	0.000124106	 3.72655e-05	   
0.995361	0.0046391	4.63139	4.86339e-20	 0.0038485	0.00252534	0.000161711	 5.1236e-05	   
0.99481	0.0051899	5.18127	5.59654e-20	 0.00428404	0.00275005	0.000202224	 6.83657e-05	   
0.994229	0.0057706	5.76101	7.63668e-20	 0.00473324	0.0029723	0.000243434	 8.88703e-05	   
0.993619	0.0063813	6.37069	1.15499e-19	 0.00519137	0.00319138	0.000283001	 0.000112908	   
0.992978	0.0070218	7.01013	9.23684e-20	 0.00565264	0.00340533	0.000318808	 0.000140566	   
0.992308	0.0076923	7.67951	1.28947e-19	 0.00611128	0.00361889	0.00034921	 0.000171842	   
0.991607	0.0083925	8.37855	2.05131e-19	 0.0065632	0.00384252	0.000373116	 0.000206626	   
0.990877	0.0091225	9.10733	1.73738e-19	 0.0070069	0.00407088	0.000389933	 0.000244681	   
0.990118	0.0098822	9.86577	2.12178e-19	 0.00744262	0.0042729	0.000399465	 0.000285652	   
0.989329	0.0106715	10.6538	2.11086e-19	 0.00787072	0.00441323	0.000401878	 0.000329092	   
0.98851	0.0114905	11.4714	1.88863e-19	 0.0082904	0.00447873	0.000397708	 0.000374518	   
0.987661	0.0123389	12.3184	2.23271e-19	 0.00869912	0.00448258	0.000387788	 0.000421465	   
0.986783	0.0132169	13.1949	2.84016e-19	 0.00909222	0.00445035	0.000373003	 0.000469516	   
0.985876	0.0141243	14.1008	2.93096e-19	 0.00946352	0.00440567	0.000354094	 0.000518299	   
0.984939	0.015061	15.036	2.85435e-19	 0.00980782	0.00436373	0.000331795	 0.000567458	   
0.983973	0.016027	16.0004	2.92109e-19	 0.0101239	0.0043311	0.000307239	 0.00061661	   
0.982978	0.0170223	16.994	4.22849e-19	 0.0104143	0.00430801	0.000282011	 0.000665303	   
0.981953	0.0180467	18.0167	4.79307e-19	 0.0106812	0.00429121	0.000257428	 0.000713013	   
0.9809	0.0191002	19.0684	4.27648e-19	 0.0109237	0.00427658	0.000233901	 0.000759246	   
0.979817	0.0201827	20.1491	5.17772e-19	 0.0111433	0.00426116	0.000211555	 0.00080366	   
0.978706	0.0212941	21.2587	5.20754e-19	 0.0113465	0.00424373	0.000191265	 0.000846108	   
0.977565	0.0224345	22.3972	6.28298e-19	 0.01154	0.00422417	0.000174242	 0.000886602	   
0.976396	0.0236036	23.5644	5.29814e-19	 0.0117289	0.00420308	0.00016073	 0.000925218	   
0.975198	0.0248015	24.7603	6.12217e-19	 0.0119202	0.00418193	0.000149849	 0.00096208	   
0.973972	0.026028	25.9847	6.99646e-19	 0.0121256	0.00416295	0.000140239	 0.000997438	   
0.972717	0.027283	27.2376	6.77194e-19	 0.0123535	0.00414788	0.000130971	 0.00103176	   
0.971433	0.0285666	28.5191	7.41034e-19	 0.0125991	0.00413578	0.000122034	 0.00106583	   
0.970121	0.0298785	29.8288	7.07075e-19	 0.0128423	0.00412206	0.000113697	 0.00110075	   
0.968781	0.0312187	31.1668	7.21233e-19	 0.0130566	0.00410074	0.000106139	 0.00113763	   
0.967413	0.0325872	32.533	8.04444e-19	 0.0132227	0.00406896	9.95875e-05	 0.001177	   
0.966016	0.0339838	33.9273	6.56701e-19	 0.0133346	0.00402873	9.43208e-05	 0.00121873	   
0.964592	0.0354084	35.3495	8.92999e-19	 0.0133996	0.00398415	9.04064e-05	 0.00126236	   
0.963139	0.036861	36.7997	1.07095e-18	 0.013437	0.00393795	8.74171e-05	 0.00130776	   
0.961658	0.0383415	38.2778	9.65312e-19	 0.0134701	0.00389046	8.4851e-05	 0.00135529	   
0.96015	0.0398497	39.7834	9.90542e-19	 0.0135103	0.00383972	8.275e-05	 0.00140575	   
0.958614	0.0413856	41.3168	9.32027e-19	 0.0135467	0.0037816	8.15754e-05	 0.00146005	   
0.957051	0.042949	42.8776	9.67667e-19	 0.0135634	0.00371199	8.16743e-05	 0.00151856	   
0.95546	0.0445399	44.4659	8.65793e-19	 0.0135642	0.00363124	8.27316e-05	 0.00158051	   
0.953842	0.0461581	46.0814	1.3096e-18	 0.0135634	0.0035448	8.39366e-05	 0.00164416	   
0.952196	0.0478037	47.7242	1.035e-18	 0.0135634	0.00345879	8.45688e-05	 0.00170798	   
0.950524	0.0494763	49.394	1.25529e-18	 0.0135475	0.00337563	8.44481e-05	 0.00177192	   
0.948824	0.0511761	51.091	1.41086e-18	 0.0134917	0.00329497	8.41372e-05	 0.00183746	   
0.947097	0.0529027	52.8147	1.45831e-18	 0.0133876	0.00321678	8.44313e-05	 0.00190691	   
0.945344	0.0546562	54.5653	1.56703e-18	 0.0132458	0.00314243	8.50133e-05	 0.00198223	   
0.943563	0.0564365	56.3427	1.4407e-18	 0.013082	0.00307515	8.45354e-05	 0.00206409	   
0.941757	0.0582433	58.1465	1.41808e-18	 0.0129122	0.00301818	8.27645e-05	 0.00215128	   
0.939923	0.0600766	59.9767	1.45984e-18	 0.0127455	0.00297189	8.06052e-05	 0.00224127	   
0.938064	0.0619363	61.8333	1.63506e-18	 0.0125685	0.00293433	7.87636e-05	 0.00233163	   
0.936178	0.0638223	63.7162	1.53436e-18	 0.0123453	0.00290501	7.71824e-05	 0.00242045	   
0.934266	0.0657344	65.6251	1.98402e-18	 0.0120488	0.00288556	7.54454e-05	 0.00250583	   
0.932327	0.0676725	67.56	2.01819e-18	 0.011694	0.00287609	7.36949e-05	 0.00258601	   
0.930363	0.0696366	69.5208	1.86558e-18	 0.011322	0.00287374	7.22469e-05	 0.00266017	   
0.928374	0.0716264	71.5073	2.32092e-18	 0.0109587	0.00287454	7.07851e-05	 0.00272937	   
0.926358	0.0736418	73.5194	1.79594e-18	 0.0106149	0.00287549	6.90851e-05	 0.00279683	   
0.924317	0.0756828	75.557	2.02994e-18	 0.0103028	0.00287541	6.74302e-05	 0.00286779	   
0.922251	0.0777492	77.6199	2.35083e-18	 0.0100313	0.00287354	6.61568e-05	 0.00294647	   
0.920159	0.0798409	79.7082	2.16241e-18	 0.00978828	0.00286807	6.54259e-05	 0.00303199	   
0.918042	0.0819577	81.8214	2.53356e-18	 0.00954623	0.00285789	6.52902e-05	 0.00311808	   
0.915901	0.0840995	83.9597	2.29241e-18	 0.00929379	0.00284493	6.5982e-05	 0.00319516	   
0.913734	0.0862663	86.1229	2.34079e-18	 0.009051	0.00283296	6.76097e-05	 0.003254	   
0.911542	0.0884577	88.3106	1.91075e-18	 0.00883228	0.00282516	6.9666e-05	 0.0032916	   
0.909326	0.0906738	90.5231	2.42919e-18	 0.00861021	0.00282289	7.17471e-05	 0.00331433	   
0.907086	0.0929143	92.7598	3.24055e-18	 0.00835679	0.0028253	7.38992e-05	 0.0033346	   
0.904821	0.0951792	95.021	2.73534e-18	 0.00808155	0.0028311	7.56854e-05	 0.00336428	   
0.902532	0.0974682	97.3062	2.83589e-18	 0.00781209	0.00283922	7.73951e-05	 0.00341097	   
0.900219	0.0997814	99.6155	2.9391e-18	 0.0075542	0.00284772	8.07468e-05	 0.00347751	   
0.897882	0.102118	101.949	2.72188e-18	 0.00728084	0.00285579	8.60823e-05	 0.00356274	   
0.895521	0.104479	104.306	2.54849e-18	 0.00696932	0.00286563	9.1364e-05	 0.00366241	   
0.893136	0.106864	106.686	2.76295e-18	 0.00662676	0.00287979	9.46645e-05	 0.00377018	   
0.890729	0.109271	109.09	3.31082e-18	 0.00628087	0.00289961	9.6106e-05	 0.0038783	   
0.888297	0.111703	111.517	3.46927e-18	 0.00596152	0.00292515	9.65764e-05	 0.0039784	   
0.885843	0.114157	113.967	3.7424e-18	 0.00568808	0.00295511	9.73289e-05	 0.00406448	   
0.883365	0.116635	116.441	3.23353e-18	 0.00545831	0.00298937	9.89836e-05	 0.004136	   
0.880865	0.119135	118.937	2.54107e-18	 0.00525385	0.00302881	9.99402e-05	 0.00419958	   
0.878342	0.121658	121.456	3.17321e-18	 0.00506864	0.00307224	9.95056e-05	 0.00426404	   
0.875796	0.124204	123.997	3.42962e-18	 0.00490489	0.00311756	9.8958e-05	 0.00433189	   
0.873228	0.126772	126.561	3.65919e-18	 0.00475318	0.00316483	9.99909e-05	 0.00439822	   
0.870638	0.129362	129.147	2.90961e-18	 0.00459696	0.00321761	0.000102482	 0.00445745	   
0.868026	0.131974	131.755	3.91307e-18	 0.00443662	0.00328045	0.000105243	 0.00450874	   
0.865391	0.134609	134.385	3.29116e-18	 0.00428895	0.00335601	0.000108696	 0.00455641	   
0.862735	0.137265	137.036	3.5855e-18	 0.0041594	0.00344655	0.000113816	 0.00460467	   
0.860058	0.139942	139.71	3.95545e-18	 0.00403965	0.00355378	0.000119943	 0.00465372	   
0.857358	0.142642	142.404	3.91048e-18	 0.00392896	0.00367666	0.000125509	 0.00470086	   
0.854638	0.145362	145.12	4.32016e-18	 0.003839	0.00381295	0.000128492	 0.00474722	   
0.851896	0.148104	147.858	3.79452e-18	 0.00375475	0.0039591	0.000128654	 0.00479749	   
0.849134	0.150866	150.615	3.70491e-18	 0.00366129	0.00411203	0.000126728	 0.00485119	   
0.84635	0.15365	153.394	3.71608e-18	 0.00356664	0.00427115	0.000122286	 0.00490204	   
0.843546	0.156454	156.194	4.27443e-18	 0.00347336	0.00443589	0.000115449	 0.00494938	   
0.840722	0.159278	159.013	3.52042e-18	 0.0033837	0.004608	0.000108079	 0.00499861	   
0.837877	0.162123	161.853	4.70486e-18	 0.0033116	0.00479147	0.000100597	 0.00505552	   
0.835012	0.164988	164.714	3.485e-18	 0.00327839	0.0049871	9.38578e-05	 0.00512121	   
0.832127	0.167873	167.594	5.72815e-18	 0.00329121	0.00519483	8.7815e-05	 0.00518907	   
0.829223	0.170777	170.493	4.28808e-18	 0.00333912	0.00541556	8.24526e-05	 0.00525425	   
0.826298	0.173702	173.413	4.50168e-18	 0.00340915	0.0056471	7.80704e-05	 0.00531984	   
0.823355	0.176645	176.352	4.49184e-18	 0.00348706	0.00588397	7.39e-05	 0.00539085	   
0.820392	0.179608	179.309	6.21433e-18	 0.00354696	0.0061203	6.99108e-05	 0.00546827	   
0.81741	0.18259	182.287	3.79355e-18	 0.0035732	0.00634755	6.67549e-05	 0.00554206	   
0.814409	0.185591	185.282	4.63351e-18	 0.00358131	0.00655493	6.42906e-05	 0.00558578	   
0.81139	0.18861	188.297	5.71405e-18	 0.00360564	0.00673531	6.18519e-05	 0.00557418	   
0.808352	0.191648	191.33	6.26987e-18	 0.00365863	0.00688865	5.91189e-05	 0.00550971	   
0.805295	0.194705	194.381	4.27333e-18	 0.00373033	0.00701931	5.61475e-05	 0.00542435	   
0.802221	0.197779	197.451	5.01162e-18	 0.00380933	0.0071307	5.31676e-05	 0.00534957	   
0.799128	0.200872	200.538	4.56087e-18	 0.00387896	0.00722495	5.03279e-05	 0.00529494	   
0.796018	0.203982	203.643	4.33474e-18	 0.00391913	0.00730566	4.76778e-05	 0.00525796	   
0.79289	0.20711	206.766	5.52165e-18	 0.00393366	0.00737629	4.56073e-05	 0.00523415	   
0.789744	0.210256	209.906	5.15573e-18	 0.00396734	0.00744114	4.4735e-05	 0.00521697	   
0.786582	0.213418	213.064	5.39897e-18	 0.00406359	0.00750874	4.50846e-05	 0.00519919	   
0.783402	0.216598	216.238	5.2178e-18	 0.00422748	0.00758708	4.6065e-05	 0.00517711	   
0.780205	0.219795	219.429	4.58188e-18	 0.00443721	0.00767743	4.73356e-05	 0.00514896	   
0.776992	0.223008	222.637	6.12207e-18	 0.00464254	0.0077721	4.90048e-05	 0.00511136	   
0.773763	0.226237	225.861	7.06345e-18	 0.00478747	0.00786021	5.02944e-05	 0.00506706	   
0.770517	0.229483	229.102	6.36944e-18	 0.00489088	0.00793379	5.04163e-05	 0.00503143	   
0.767255	0.232745	232.358	5.68052e-18	 0.00503301	0.00798444	5.00808e-05	 0.00502159	   
0.763977	0.236023	235.631	7.7182e-18	 0.00521837	0.0080113	4.95734e-05	 0.00504525	   
0.760683	0.239317	238.919	7.29843e-18	 0.00538836	0.00802114	4.87805e-05	 0.0050976	   
0.757374	0.242626	242.223	5.55513e-18	 0.00553657	0.00801887	5.01105e-05	 0.00516846	   
0.754049	0.245951	245.542	6.10252e-18	 0.00569034	0.00801117	5.35929e-05	 0.00525338	   
0.75071	0.24929	248.876	5.77205e-18	 0.00584708	0.00800137	5.73887e-05	 0.00535368	   
0.747355	0.252645	252.225	5.71416e-18	 0.00596425	0.00798683	6.02675e-05	 0.00546709	   
0.743986	0.256014	255.588	7.20835e-18	 0.00605311	0.0079627	6.24064e-05	 0.00558553	   
0.740603	0.259397	258.966	6.42409e-18	 0.00618962	0.00792754	6.43905e-05	 0.00569862	   
0.737205	0.262795	262.359	6.36094e-18	 0.00644265	0.00788872	6.72639e-05	 0.00579913	   
0.733792	0.266208	265.765	6.11238e-18	 0.006812	0.00786007	7.11409e-05	 0.00589178	   
0.730366	0.269634	269.185	5.99976e-18	 0.00720345	0.00784927	7.51098e-05	 0.0059902	   
0.726927	0.273073	272.619	6.21924e-18	 0.00751557	0.00785061	7.88756e-05	 0.00609844	   
0.723473	0.276527	276.067	7.44364e-18	 0.00774776	0.00784976	8.3901e-05	 0.00620591	   
0.720007	0.279993	279.528	6.70042e-18	 0.00794844	0.00783438	9.02106e-05	 0.00630729	   
0.716527	0.283473	283.001	8.5194e-18	 0.00815769	0.0078008	9.62499e-05	 0.00641157	   
0.713035	0.286965	286.488	7.20714e-18	 0.00839239	0.00775667	0.000101364	 0.00651629	   
0.70953	0.29047	289.988	7.59886e-18	 0.00864393	0.00771823	0.000106734	 0.00658888	   
0.706012	0.293988	293.499	6.25642e-18	 0.00891014	0.00771073	0.000111495	 0.00663917	   
0.702482	0.297518	297.023	8.04289e-18	 0.00922464	0.00775737	0.000113625	 0.00672676	   
0.69894	0.30106	300.56	6.43666e-18	 0.00960045	0.00786076	0.000113789	 0.00686201	   
0.695386	0.304614	304.108	6.94688e-18	 0.00998074	0.00800914	0.00011367	 0.00700731	   
0.69182	0.30818	307.667	6.45736e-18	 0.0102601	0.00819342	0.000114163	 0.00713444	   
0.688244	0.311756	311.238	6.81978e-18	 0.0103996	0.00840874	0.000115896	 0.00725016	   
0.684655	0.315345	314.82	7.72858e-18	 0.0104645	0.00864766	0.000118435	 0.00736387	   
0.681056	0.318944	318.414	7.77758e-18	 0.0105445	0.00889639	0.000119765	 0.00744615	   
0.677446	0.322554	322.018	8.90584e-18	 0.0107254	0.00913748	0.000118517	 0.00746091	   
0.673826	0.326174	325.632	6.22204e-18	 0.0110088	0.00935815	0.000113779	 0.00743537	   
0.670195	0.329805	329.257	8.02755e-18	 0.0112778	0.00955642	0.000108588	 0.00744626	   
0.666554	0.333446	332.892	6.0447e-18	 0.0114458	0.00973455	0.000107343	 0.00752862	   
0.662903	0.337097	336.537	7.36785e-18	 0.0115684	0.00989547	0.000109763	 0.00765974	   
0.659242	0.340758	340.192	7.7656e-18	 0.0117289	0.0100517	0.000112636	 0.0077946	   
0.655571	0.344429	343.856	8.49001e-18	 0.0119031	0.0102198	0.000114445	 0.00789047	   
0.651892	0.348108	347.529	7.97985e-18	 0.0120789	0.0104062	0.000115724	 0.00793715	   
0.648203	0.351797	351.212	6.69648e-18	 0.0123804	0.0106021	0.000117634	 0.00797293	   
0.644506	0.355494	354.903	8.49772e-18	 0.0128114	0.0108006	0.000120389	 0.00804399	   
0.640799	0.359201	358.603	7.13917e-18	 0.0132217	0.0110079	0.000124386	 0.00815461	   
0.637085	0.362915	362.312	7.91836e-18	 0.0135195	0.0112362	0.000127658	 0.00830961	   
0.633362	0.366638	366.028	8.46092e-18	 0.013764	0.0114958	0.000130334	 0.00852809	   
0.629631	0.370369	369.753	8.78607e-18	 0.0140753	0.0117959	0.000132711	 0.00876586	   
0.625893	0.374107	373.485	8.66831e-18	 0.0145294	0.0121388	0.000133129	 0.00894437	   
0.622146	0.377854	377.225	8.7343e-18	 0.0150448	0.0125228	0.000131923	 0.00902845	   
0.618393	0.381607	380.973	7.89088e-18	 0.0154459	0.0129424	0.000131842	 0.00903823	   
0.614632	0.385368	384.727	7.07698e-18	 0.0156954	0.0133912	0.000132999	 0.00901038	   
0.610865	0.389135	388.488	7.01961e-18	 0.0158911	0.0138727	0.000133452	 0.00896719	   
0.60709	0.39291	392.256	8.25758e-18	 0.016131	0.0143932	0.000132097	 0.00890276	   
0.60331	0.39669	396.031	6.968e-18	 0.0163869	0.0149473	0.000131318	 0.00881196	   
0.599523	0.400477	399.811	7.36329e-18	 0.0165461	0.0155217	0.000130552	 0.00871858	   
0.59573	0.40427	403.598	6.86543e-18	 0.0165394	0.0161008	0.000128964	 0.0086435	   
0.591931	0.408069	407.39	6.74832e-18	 0.0163355	0.0166735	0.000126278	 0.00857309	   
0.588127	0.411873	411.188	7.68759e-18	 0.0160648	0.0172347	0.0001224	 0.00848476	   
0.584317	0.415683	414.992	7.98716e-18	 0.0158746	0.0177928	0.000119017	 0.00839638	   
0.580502	0.419498	418.8	7.98383e-18	 0.0156684	0.0183692	0.00011716	 0.00835144	   
0.576683	0.423317	422.613	9.52971e-18	 0.0153261	0.0189813	0.000115128	 0.00836557	   
0.572858	0.427142	426.431	8.77252e-18	 0.014873	0.0196293	0.00011213	 0.00841165	   
0.56903	0.43097	430.254	9.4018e-18	 0.0144853	0.0202953	0.000110024	 0.00846511	   
0.565197	0.434803	434.081	8.45838e-18	 0.0142559	0.02096	0.00010974	 0.00852861	   
0.56136	0.43864	437.911	9.18084e-18	 0.0140948	0.0216109	0.000111052	 0.0085935	   
0.557519	0.442481	441.746	8.54267e-18	 0.0139611	0.0222523	0.000114263	 0.00861827	   
0.553674	0.446326	445.584	7.69014e-18	 0.0139026	0.0228948	0.000117976	 0.00857175	   
0.549827	0.450173	449.425	9.63293e-18	 0.0137434	0.0235325	0.000120117	 0.00849861	   
0.545976	0.454024	453.269	8.60586e-18	 0.0132964	0.0241496	0.000121135	 0.00847797	   
0.542122	0.457878	457.117	8.93378e-18	 0.0126856	0.0247464	0.000122239	 0.00851417	   
0.538266	0.461734	460.967	9.25806e-18	 0.0120817	0.0253409	0.000124028	 0.0085913	   
0.534407	0.465593	464.819	8.7028e-18	 0.0115472	0.025957	0.000124444	 0.00868902	   
0.530546	0.469454	468.674	9.30343e-18	 0.0110421	0.0266019	0.000120563	 0.00878915	   
0.526683	0.473317	472.53	8.41873e-18	 0.0105258	0.0272647	0.000115983	 0.00891069	   
0.522818	0.477182	476.389	8.90438e-18	 0.0100209	0.0279467	0.000113458	 0.00907527	   
0.518952	0.481048	480.248	8.77336e-18	 0.00952354	0.0286609	0.000112545	 0.0092634	   
0.515084	0.484916	484.11	7.77928e-18	 0.00903392	0.0294171	0.00011	 0.00945234	   
0.511216	0.488784	487.972	8.34185e-18	 0.00847451	0.0302078	0.000106407	 0.00962933	   
0.507346	0.492654	491.835	8.77875e-18	 0.00784978	0.0310175	0.000104908	 0.00978079	   
0.503476	0.496524	495.699	9.03776e-18	 0.00736752	0.0318376	0.000103479	 0.00989759	   
0.499605	0.500395	499.563	1.09579e-17	 0.00705658	0.0326683	0.000101296	 0.00996731	   
0.495735	0.504265	503.427	9.23476e-18	 0.00681347	0.033511	0.000100524	 0.00998761	   
0.491864	0.508136	507.291	8.64716e-18	 0.00656071	0.0343499	0.000102713	 0.00997429	   
0.487994	0.512006	511.155	8.07131e-18	 0.00625068	0.0351607	0.000106948	 0.00994543	   
0.484124	0.515876	515.019	8.30672e-18	 0.00595542	0.0359377	0.000109168	 0.00991189	   
0.480255	0.519745	518.881	9.28358e-18	 0.00571314	0.0366889	0.000108272	 0.00986773	   
0.476386	0.523613	522.743	9.97219e-18	 0.00546734	0.0374235	0.000106883	 0.00981884	   
0.472519	0.527481	526.604	8.53422e-18	 0.0052169	0.0381544	0.000106111	 0.00980236	   
0.468654	0.531346	530.463	1.01737e-17	 0.00500592	0.0389058	0.000104352	 0.00985395	   
0.46479	0.53521	534.32	1.04706e-17	 0.00485364	0.0396884	0.000101375	 0.00995413	   
0.460928	0.539072	538.176	8.13432e-18	 0.0047569	0.0404794	9.92477e-05	 0.0100262	   
0.457068	0.542932	542.029	7.35376e-18	 0.00474003	0.0412371	9.92199e-05	 0.0100337	   
0.45321	0.54679	545.881	6.42109e-18	 0.00480178	0.0419261	9.95088e-05	 0.0100284	   
0.449355	0.550645	549.73	7.5623e-18	 0.00490121	0.0425263	9.78399e-05	 0.0100931	   
0.445503	0.554497	553.575	1.0125e-17	 0.00498121	0.0430145	9.61212e-05	 0.0102566	   
0.441653	0.558347	557.418	1.0303e-17	 0.00503971	0.0433905	9.43167e-05	 0.0104837	   
0.437807	0.562193	561.258	8.94885e-18	 0.00512622	0.0436812	9.16206e-05	 0.0107199	   
0.433964	0.566036	565.095	1.17361e-17	 0.00522318	0.0439154	8.91793e-05	 0.010928	   
0.430125	0.569875	568.927	7.57237e-18	 0.00526271	0.044131	8.6428e-05	 0.0110937	   
0.42629	0.57371	572.756	9.17521e-18	 0.00523399	0.0443579	8.28413e-05	 0.0112257	   
0.422459	0.577541	576.581	1.01896e-17	 0.00520215	0.0445996	7.8939e-05	 0.0113562	   
0.418632	0.581368	580.401	8.61489e-18	 0.0051978	0.0448499	7.71322e-05	 0.0115078	   
0.41481	0.58519	584.217	7.81711e-18	 0.00518904	0.0451072	7.66945e-05	 0.0116757	   
0.410993	0.589007	588.028	9.72181e-18	 0.00515689	0.045365	7.75445e-05	 0.0118566	   
0.40718	0.59282	591.834	9.01336e-18	 0.00515397	0.0456228	8.10586e-05	 0.0120468	   
0.403373	0.596627	595.635	9.54158e-18	 0.00520568	0.0458973	8.71927e-05	 0.0122344	   
0.399572	0.600429	599.43	1.03957e-17	 0.00526956	0.0462146	9.36952e-05	 0.0124262	   
0.395775	0.604225	603.22	8.23951e-18	 0.00534155	0.0466054	9.75742e-05	 0.012631	   
0.391985	0.608015	607.004	9.85012e-18	 0.00542313	0.0470978	9.93431e-05	 0.0128345	   
0.388201	0.611799	610.782	1.01929e-17	 0.0054911	0.0476997	0.000101149	 0.0130295	   
0.384424	0.615576	614.553	1.19401e-17	 0.00551689	0.0483927	0.000103808	 0.0132378	   
0.380653	0.619347	618.318	1.06128e-17	 0.00550212	0.0491406	0.000105612	 0.0134694	   
0.376888	0.623112	622.076	9.5674e-18	 0.00551232	0.0498932	0.000106374	 0.0136866	   
0.373131	0.626869	625.827	6.81445e-18	 0.00556745	0.0506116	0.000106003	 0.0138367	   
0.369381	0.630619	629.571	1.08514e-17	 0.00562975	0.0512942	0.000104495	 0.0139283	   
0.365638	0.634362	633.307	1.01773e-17	 0.00569478	0.0519607	0.000101714	 0.0140274	   
0.361903	0.638097	637.036	9.12454e-18	 0.00575185	0.0526157	9.77548e-05	 0.0141775	   
0.358176	0.641824	640.757	9.37674e-18	 0.00577214	0.0532413	9.66549e-05	 0.0143732	   
0.354457	0.645543	644.469	1.15634e-17	 0.00574117	0.0538175	9.79258e-05	 0.0145771	   
0.350747	0.649253	648.174	1.1551e-17	 0.00567599	0.054336	9.86905e-05	 0.014735	   
0.347045	0.652955	651.87	1.00441e-17	 0.005605	0.0547883	9.85555e-05	 0.0148116	   
0.343351	0.656649	655.557	1.05181e-17	 0.005581	0.0551596	9.84161e-05	 0.0148321	   
0.339667	0.660333	659.235	1.17488e-17	 0.00564295	0.0554424	9.80279e-05	 0.0148478	   
0.335992	0.664008	662.904	1.12695e-17	 0.00576705	0.0556466	9.8081e-05	 0.0148771	   
0.332326	0.667674	666.564	1.02154e-17	 0.00589905	0.0557939	9.8226e-05	 0.0149225	   
0.32867	0.67133	670.214	1.02019e-17	 0.00597955	0.0559087	9.77382e-05	 0.0149952	   
0.325024	0.674976	673.854	1.212e-17	 0.0060328	0.0560246	9.65926e-05	 0.0151114	   
0.321388	0.678612	677.484	1.06182e-17	 0.0060751	0.0561783	9.39804e-05	 0.0152829	   
0.317762	0.682238	681.104	9.68198e-18	 0.00607981	0.0563821	8.9025e-05	 0.0155004	   
0.314146	0.685854	684.713	9.4791e-18	 0.00604394	0.0566234	8.46323e-05	 0.0157359	   
0.310542	0.689458	688.312	9.02457e-18	 0.00599199	0.0568957	8.19427e-05	 0.0159592	   
0.306948	0.693052	691.9	1.05922e-17	 0.00596088	0.0572031	7.84629e-05	 0.0161559	   
0.303365	0.696635	695.477	1.11889e-17	 0.00597494	0.0575322	7.32555e-05	 0.0163293	   
0.299794	0.700206	699.042	8.99294e-18	 0.0060326	0.0578545	6.83279e-05	 0.0164749	   
0.296234	0.703766	702.596	9.3382e-18	 0.00610713	0.0581582	6.45344e-05	 0.0165813	   
0.292686	0.707314	706.138	7.66243e-18	 0.00615122	0.058452	6.20239e-05	 0.0166599	   
0.28915	0.71085	709.669	1.13418e-17	 0.00613223	0.0587526	6.05773e-05	 0.0167475	   
0.285626	0.714374	713.187	9.46923e-18	 0.0060693	0.0590771	5.91217e-05	 0.0168617	   
0.282114	0.717886	716.692	1.01392e-17	 0.00605118	0.0594246	5.75887e-05	 0.016988	   
0.278615	0.721385	720.186	7.97888e-18	 0.00615676	0.059771	5.72889e-05	 0.0171079	   
0.275129	0.724871	723.666	7.47148e-18	 0.00636457	0.060109	5.85815e-05	 0.0172116	   
0.271656	0.728344	727.133	9.33372e-18	 0.00658354	0.0604623	6.09303e-05	 0.0173024	   
0.268196	0.731804	730.587	9.01083e-18	 0.00677551	0.0608639	6.29205e-05	 0.0174082	   
0.264749	0.735251	734.028	1.17154e-17	 0.00696127	0.0613302	6.40594e-05	 0.0175652	   
0.261316	0.738684	737.456	9.93159e-18	 0.00712797	0.061844	6.50933e-05	 0.0177777	   
0.257897	0.742103	740.869	7.87026e-18	 0.00721831	0.0623648	6.58247e-05	 0.0180014	   
0.254492	0.745508	744.268	1.19153e-17	 0.00721108	0.0628516	6.59219e-05	 0.0181614	   
0.251101	0.748899	747.654	1.13831e-17	 0.00718572	0.063283	6.63728e-05	 0.0181975	   
0.247725	0.752275	751.024	1.0161e-17	 0.00717906	0.0636642	6.78974e-05	 0.0181112	   
0.244363	0.755637	754.381	1.04509e-17	 0.00716031	0.0640164	6.9716e-05	 0.0179665	   
0.241016	0.758984	757.722	1.05607e-17	 0.00710965	0.0643559	7.13138e-05	 0.0178287	   
0.237684	0.762316	761.048	9.64938e-18	 0.00703276	0.0646797	7.30658e-05	 0.0177159	   
0.234368	0.765632	764.36	1.03353e-17	 0.00695889	0.0649709	7.51769e-05	 0.0176222	   
0.231066	0.768934	767.655	1.17857e-17	 0.0069279	0.0652127	7.75662e-05	 0.0175588	   
0.227781	0.772219	770.936	9.40138e-18	 0.00694654	0.065402	7.98494e-05	 0.0175534	   
0.224511	0.775489	774.2	1.13893e-17	 0.00698926	0.0655461	8.22938e-05	 0.0176201	   
0.221257	0.778743	777.448	1.27543e-17	 0.00706157	0.06565	8.5333e-05	 0.0177413	   
0.218019	0.781981	780.681	9.98646e-18	 0.00719654	0.065715	8.84956e-05	 0.0178768	   
0.214798	0.785202	783.897	9.89207e-18	 0.0073827	0.0657467	9.0616e-05	 0.0179843	   
0.211593	0.788407	787.096	1.32374e-17	 0.00756154	0.0657455	9.14886e-05	 0.0180381	   
0.208405	0.791594	790.278	1.044e-17	 0.00768558	0.0656965	9.1423e-05	 0.018039	   
0.205235	0.794765	793.444	1.36306e-17	 0.00776572	0.065577	9.02035e-05	 0.0180149	   
0.202081	0.797919	796.593	8.43148e-18	 0.00785023	0.0653683	8.86939e-05	 0.0180061	   
0.198945	0.801055	799.724	9.81829e-18	 0.00795805	0.0650687	8.87483e-05	 0.0180377	   
0.195826	0.804174	802.837	1.09064e-17	 0.00807851	0.0646992	9.06037e-05	 0.0180973	   
0.192725	0.807275	805.933	1.27271e-17	 0.00820725	0.0642854	9.30843e-05	 0.0181449	   
0.189641	0.810359	809.011	1.09166e-17	 0.00834351	0.063842	9.58203e-05	 0.0181536	   
0.186576	0.813424	812.071	9.90306e-18	 0.00849025	0.0633785	9.85938e-05	 0.0181342	   
0.18353	0.81647	815.113	9.42195e-18	 0.00863874	0.0629106	0.000101718	 0.0181201	   
0.180501	0.819499	818.136	1.13016e-17	 0.00875783	0.0624627	0.000105184	 0.0181319	   
0.177491	0.822509	821.141	1.20076e-17	 0.00883254	0.0620574	0.000107676	 0.018157	   
0.174501	0.825499	824.127	1.13465e-17	 0.00886836	0.0617055	0.000108467	 0.0181683	   
0.171529	0.828471	827.094	1.30066e-17	 0.00886749	0.0614091	0.000107764	 0.0181531	   
0.168576	0.831424	830.042	1.52127e-17	 0.00881902	0.0611674	0.000106402	 0.0181178	   
0.165643	0.834357	832.97	1.18859e-17	 0.00871148	0.0609787	0.000105476	 0.0180735	   
0.162729	0.837271	835.879	1.20496e-17	 0.00856482	0.0608406	0.000104815	 0.0180265	   
0.159835	0.840165	838.768	1.36999e-17	 0.00841402	0.0607456	0.000103004	 0.0179815	   
0.156961	0.843039	841.638	1.19201e-17	 0.0082768	0.0606771	9.98128e-05	 0.017947	   
0.154107	0.845893	844.487	1.09806e-17	 0.00814708	0.0606133	9.65811e-05	 0.0179323	   
0.151273	0.848727	847.316	1.27261e-17	 0.00800545	0.0605353	9.40889e-05	 0.0179421	   
0.148459	0.851541	850.125	1.21726e-17	 0.00784349	0.0604328	9.20461e-05	 0.0179788	   
0.145666	0.854334	852.913	1.33959e-17	 0.00767401	0.0603045	9.00427e-05	 0.0180442	   
0.142894	0.857106	855.681	1.11256e-17	 0.00751326	0.0601535	8.78614e-05	 0.0181332	   
0.140143	0.859857	858.427	1.03541e-17	 0.00736739	0.059982	8.51545e-05	 0.0182331	   
0.137413	0.862587	861.153	1.07375e-17	 0.00723268	0.0597883	8.22695e-05	 0.0183332	   
0.134704	0.865296	863.857	1.08272e-17	 0.00710478	0.0595705	8.02261e-05	 0.0184305	   
0.132017	0.867984	866.54	1.00384e-17	 0.00698604	0.0593342	7.92059e-05	 0.0185269	   
0.129351	0.870649	869.202	1.05266e-17	 0.00688099	0.0590949	7.86317e-05	 0.018625	   
0.126706	0.873293	871.842	9.8545e-18	 0.00679366	0.0588689	7.80991e-05	 0.0187274	   
0.124084	0.875916	874.46	1.07113e-17	 0.00672895	0.0586642	7.77815e-05	 0.0188377	   
0.121484	0.878516	877.055	1.26566e-17	 0.00668422	0.05848	7.81863e-05	 0.0189608	   
0.118906	0.881094	879.629	1.15452e-17	 0.00663758	0.0583119	7.95578e-05	 0.0191023	   
0.11635	0.883649	882.18	1.06942e-17	 0.00655892	0.0581554	8.1683e-05	 0.0192632	   
0.113817	0.886183	884.709	1.46182e-17	 0.00644051	0.0580066	8.41878e-05	 0.0194316	   
0.111307	0.888693	887.215	1.17084e-17	 0.00630271	0.0578617	8.66958e-05	 0.0195795	   
0.108819	0.891181	889.699	1.07492e-17	 0.00617018	0.0577173	8.88953e-05	 0.019674	   
0.106355	0.893645	892.159	1.14825e-17	 0.00605474	0.0575685	9.08332e-05	 0.0196992	   
0.103914	0.896086	894.597	1.47365e-17	 0.00595498	0.0574112	9.30035e-05	 0.0196695	   
0.101496	0.898504	897.011	1.11641e-17	 0.00586572	0.057247	9.58813e-05	 0.019621	   
0.0991009	0.900899	899.401	1.02391e-17	 0.00578333	0.0570858	9.94066e-05	 0.0195897	   
0.0967299	0.90327	901.768	1.35643e-17	 0.00570155	0.0569421	0.000103061	 0.0195953	   
0.0943825	0.905617	904.112	1.46614e-17	 0.00562008	0.0568283	0.000106399	 0.0196371	   
0.0920591	0.907941	906.431	1.01204e-17	 0.00555881	0.0567511	0.000109261	 0.0197011	   
0.0897597	0.91024	908.727	1.15519e-17	 0.00554282	0.0567119	0.000111531	 0.0197695	   
0.0874845	0.912516	910.998	8.73879e-18	 0.00556574	0.0567085	0.000113168	 0.0198288	   
0.0852336	0.914766	913.246	1.54534e-17	 0.00558429	0.0567342	0.000114438	 0.0198735	   
0.0830071	0.916993	915.468	1.19443e-17	 0.00556041	0.0567776	0.000115738	 0.0199056	   
0.0808052	0.919195	917.667	1.11792e-17	 0.00548764	0.0568238	0.000117274	 0.0199315	   
0.0786281	0.921372	919.84	1.25706e-17	 0.00537835	0.0568572	0.000119064	 0.0199566	   
0.0764757	0.923524	921.989	1.33056e-17	 0.00524886	0.0568637	0.000121041	 0.0199796	   
0.0743484	0.925652	924.113	1.17712e-17	 0.00511436	0.056833	0.000123002	 0.0199912	   
0.0722462	0.927754	926.211	9.12729e-18	 0.00498694	0.0567597	0.000124596	 0.0199785	   
0.0701693	0.929831	928.285	1.32831e-17	 0.0048742	0.0566436	0.000125413	 0.0199326	   
0.0681178	0.931882	930.333	1.04092e-17	 0.00477793	0.0564895	0.000125212	 0.0198534	   
0.0660917	0.933908	932.356	1.33222e-17	 0.00469349	0.0563067	0.000124187	 0.0197496	   
0.0640913	0.935909	934.353	9.88727e-18	 0.00461231	0.056107	0.000123032	 0.0196347	   
0.0621167	0.937883	936.324	1.20711e-17	 0.00452505	0.0559026	0.000122536	 0.0195227	   
0.0601679	0.939832	938.27	1.15928e-17	 0.00442367	0.0557032	0.000122823	 0.0194244	   
0.0582452	0.941755	940.189	1.17903e-17	 0.00430344	0.0555143	0.00012311	 0.0193468	   
0.0563486	0.943651	942.083	1.01788e-17	 0.0041648	0.0553362	0.000122496	 0.0192933	   
0.0544782	0.945522	943.95	1.14923e-17	 0.00401373	0.0551629	0.000120717	 0.0192667	   
0.0526343	0.947366	945.791	1.38407e-17	 0.0038595	0.054985	0.000118109	 0.0192711	   
0.0508168	0.949183	947.605	1.14091e-17	 0.00371098	0.0547929	0.000115233	 0.0193102	   
0.0490259	0.950974	949.393	1.10933e-17	 0.00357366	0.05458	0.000112563	 0.0193824	   
0.0472617	0.952738	951.154	1.07304e-17	 0.00344874	0.0543446	0.000110349	 0.0194795	   
0.0455243	0.954476	952.889	1.14549e-17	 0.00333388	0.0540897	0.000108557	 0.0195895	   
0.0438139	0.956186	954.596	1.34049e-17	 0.00322467	0.0538218	0.000106875	 0.0197012	   
0.0421305	0.957869	956.277	1.19799e-17	 0.00311612	0.0535489	0.000104877	 0.0198062	   
0.0404743	0.959526	957.93	1.03738e-17	 0.00300416	0.0532796	0.000102264	 0.0198986	   
0.0388453	0.961155	959.557	1.16744e-17	 0.00288688	0.0530224	9.90084e-05	 0.0199717	   
0.0372437	0.962756	961.156	1.05717e-17	 0.00276529	0.0527845	9.53203e-05	 0.020016	   
0.0356696	0.96433	962.727	1.21321e-17	 0.00264314	0.0525722	9.15075e-05	 0.0200188	   
0.034123	0.965877	964.271	1.47751e-17	 0.00252555	0.0523906	8.78264e-05	 0.0199669	   
0.0326041	0.967396	965.788	1.19122e-17	 0.00241648	0.0522428	8.43889e-05	 0.0198516	   
0.0311129	0.968887	967.276	1.23911e-17	 0.00231676	0.0521307	8.11581e-05	 0.0196732	   
0.0296496	0.97035	968.737	1.3764e-17	 0.00222418	0.0520541	7.80492e-05	 0.0194427	   
0.0282143	0.971786	970.17	1.34489e-17	 0.00213534	0.0520111	7.50631e-05	 0.0191813	   
0.0268069	0.973193	971.575	1.23802e-17	 0.00204743	0.0519986	7.23054e-05	 0.018915	   
0.0254278	0.974572	972.952	1.03162e-17	 0.00195891	0.0520123	6.984e-05	 0.0186688	   
0.0240768	0.975923	974.301	1.31296e-17	 0.00186951	0.0520473	6.75731e-05	 0.0184608	   
0.0227542	0.977246	975.621	1.23268e-17	 0.00177969	0.0520983	6.53303e-05	 0.0183007	   
0.02146	0.97854	976.913	1.05873e-17	 0.00169009	0.0521599	6.29854e-05	 0.0181905	   
0.0201942	0.979806	978.177	1.10972e-17	 0.00160113	0.052226	6.04973e-05	 0.0181287	   
0.0189571	0.981043	979.412	1.19762e-17	 0.00151297	0.0522908	5.78778e-05	 0.0181124	   
0.0177485	0.982251	980.618	1.20013e-17	 0.00142555	0.0523487	5.5154e-05	 0.0181366	   
0.0165687	0.983431	981.796	1.27635e-17	 0.00133878	0.0523952	5.23488e-05	 0.0181932	   
0.0154177	0.984582	982.945	9.7931e-18	 0.00125265	0.052427	4.94775e-05	 0.0182704	   
0.0142956	0.985704	984.066	1.17891e-17	 0.00116724	0.0524427	4.6552e-05	 0.0183551	   
0.0132025	0.986798	985.157	1.36519e-17	 0.00108271	0.0524426	4.35838e-05	 0.0184358	   
0.0121383	0.987862	986.219	1.13791e-17	 0.000999255	0.0524281	4.05852e-05	 0.018505	   
0.0111033	0.988897	987.253	1.02365e-17	 0.000917091	0.0524018	3.7569e-05	 0.0185592	   
0.0100975	0.989903	988.257	1.1414e-17	 0.000836416	0.0523667	3.45473e-05	 0.018598	   
0.00912087	0.990879	989.232	1.21788e-17	 0.000757404	0.0523256	3.15309e-05	 0.0186231	   
0.00817356	0.991826	990.177	1.31568e-17	 0.0006802	0.0522814	2.85296e-05	 0.0186372	   
0.00725563	0.992744	991.094	1.11121e-17	 0.000604926	0.0522365	2.55518e-05	 0.018643	   
0.00636712	0.993633	991.981	1.24377e-17	 0.000531683	0.0521929	2.26055e-05	 0.0186432	   
0.00550811	0.994492	992.839	1.30762e-17	 0.000460559	0.0521523	1.96986e-05	 0.0186398	   
0.00467865	0.995321	993.667	1.23466e-17	 0.00039163	0.0521157	1.68393e-05	 0.0186345	   
0.00387879	0.996121	994.465	1.13122e-17	 0.000324963	0.0520841	1.40367e-05	 0.0186285	   
0.0031086	0.996891	995.234	1.39597e-17	 0.000260617	0.0520579	1.12998e-05	 0.0186228	   
0.00236813	0.997632	995.973	1.07789e-17	 0.00019864	0.0520374	8.63813e-06	 0.018618	   
0.00165743	0.998343	996.683	1.28584e-17	 0.000139077	0.0520226	6.06097e-06	 0.0186142	   
0.000976555	0.999023	997.363	1.10927e-17	 8.19622e-05	0.052013	3.57684e-06	 0.0186117	   
0.000325545	0.999674	998.012	1.15895e-17	 2.73259e-05	0.0520085	1.19329e-06	 0.0186105	   
