# Postprocessed results of turbulent pipe flow 
# Velocity fluctuations 
# ------------------------------------------------------------------
# uTau = 0.0264811 
# nu = 2.65252e-05 
# ------------------------------------------------------------------
# r	 1-r	 y+	 urur	 utut	 uzuz	 urut	 uruz	 utuz	 
# ------------------------------------------------------------------
1	0	0	3.64353714771628e-38	3.55284084809801e-38	3.29818129649241e-39	3.55284543848926e-38	1.42425582956323e-43	5.85301525353145e-43
0.999902976248952	9.70237510480310e-05	0.0967781482779905	1.29824166448296e-08	0.000687010386562229	0.00159818534330880	0.000687010384100422	-9.11652003843614e-07	7.92503227255187e-07
0.999775539161755	0.000224460838245011	0.223892645374264	3.57670750686653e-07	0.00356517968486955	0.00853074225720112	0.00356517965502776	-1.14273695116253e-05	4.22842350558806e-06
0.999617704438640	0.000382295561360047	0.381327830800982	2.86893842988500e-06	0.00995812740052220	0.0246721187992897	0.00995812725721679	-5.72665172373765e-05	1.22253835573188e-05
0.999429489613958	0.000570510386041945	0.569066214592838	1.34451417568428e-05	0.0212115420287088	0.0547706555778395	0.0212115415695528	-0.000193297302000617	2.71380186437439e-05
0.999210914053114	0.000789085946885981	0.787088480366064	4.60968993196275e-05	0.0385615968347177	0.104423256498678	0.0385615956744283	-0.000519621303142137	5.17586957787014e-05
0.998961998949404	0.00103800105059604	1.03537348847256	0.000128240585448486	0.0630191132496616	0.180023891221695	0.0630191107546013	-0.00120067493942436	8.93151093713397e-05
0.998682767320731	0.00131723267926898	1.31389827927597	0.000306536974243121	0.0952798698371326	0.288644874915847	0.0952798650809923	-0.00248531887800199	0.000143441485903424
0.998373244006220	0.00162675599378004	1.62263807652847	0.000652267674452017	0.135668520979939	0.437790037253229	0.135668512747291	-0.00472401445116664	0.000218081255371369
0.998033455662722	0.00196654433727805	1.96156629085719	0.00126516936989701	0.184120458577314	0.634950709090607	0.184120445446005	-0.00837730891479864	0.000317263516365754
0.997663430761219	0.00233656923878101	2.33065452335064	0.00227484003472031	0.240202421004701	0.886915210350610	0.240202401537862	-0.0140089179396012	0.000444698830331095
0.997263199583111	0.00273680041688895	2.72987256926221	0.00383924514338895	0.303168512972510	1.19884242496349	0.303168486041217	-0.0222578216751287	0.000603178191407278
0.996832794216413	0.00316720578358698	3.15918842180355	0.00614036854818441	0.372043726676684	1.57320430839977	0.372043691898165	-0.0337875769464821	0.000793834267980273
0.996372248551831	0.00362775144816896	3.61856827605837	0.00937753482380599	0.445722886819031	2.00879910796600	0.445722845014861	-0.0492168908309908	0.00101541184147052
0.995881598278753	0.00411840172124700	4.10797653298174	0.0137592582046775	0.523070479524080	2.50008896869009	0.523070432996705	-0.0690415362962883	0.00126375108555121
0.995360880881122	0.00463911911887804	4.62737580351622	0.0194945841944405	0.603007147020700	3.03708489025264	0.603007099387036	-0.0935615834371652	0.00153168038031889
0.994810135633214	0.00518986436678603	5.17672691280339	0.0267847855929479	0.684571925413333	3.60588651930765	0.684571880827544	-0.122828045201292	0.00180944819890936
0.994229403595313	0.00577059640468702	5.75598890449797	0.0358160101745226	0.766954740660338	4.18982231662765	0.766954702557680	-0.156619276682513	0.00208571395021438
0.993618727609288	0.00638127239071196	6.36511904517942	0.0467531451446922	0.849499792842701	4.77098687018638	0.849499762695844	-0.194451166616632	0.00234896729400333
0.992978152294068	0.00702184770593195	7.00407282886576	0.0597348659601325	0.931685706381945	5.33188771682449	0.931685683098123	-0.235618365735198	0.00258907368885299
0.992307724041017	0.00769227595898303	7.67280398162661	0.0748696558938544	1.01309157394795	5.85691506947730	1.01309155429677	-0.279258349127177	0.00279854786755924
0.991607491009213	0.00839250899078703	8.37126446629213	0.0922325518178419	1.09335884124814	6.33342174231682	1.09335882121702	-0.324427083228940	0.00297325297225871
0.990877503120632	0.00912249687936795	9.09940448725718	0.111862473716414	1.17215760657140	6.75231278957498	1.17215758311620	-0.370174699994151	0.00311247165869666
0.990117812055224	0.00988218794477602	9.85717249539295	0.133760168361146	1.24916306556692	7.10815594429348	1.24916303815629	-0.415611446444512	0.00321849819650676
0.989328471245912	0.0106715287540881	10.6445151930346	0.157886955623588	1.32404446257672	7.39890594008573	1.32404443416855	-0.459957452101726	0.00329591404182411
0.988509535873478	0.0114904641265220	11.4613775390829	0.184164545177394	1.39646584471463	7.62537598095897	1.39646582192197	-0.502573589423748	0.00335058956880317
0.987661062861364	0.0123389371386360	12.3077027541902	0.212476166911553	1.46609568587846	7.79059106119925	1.46609567804781	-0.542974039915725	0.00338843774315683
0.986783110870378	0.0132168891296220	13.1834323260406	0.242669147533208	1.53262135593094	7.89913288170160	1.53262137310116	-0.580823560912080	0.00341415363671238
0.985875740293307	0.0141242597066930	14.0885060147231	0.274558907742498	1.59576449575355	7.95654976834947	1.59576454634719	-0.615923670343029	0.00343032237895608
0.984939013249435	0.0150609867505650	15.0228618582007	0.307934190115059	1.65529432122795	7.96886953490396	1.65529441110949	-0.648192140398725	0.00343709239800610
0.983972993578979	0.0160270064210210	15.9864361778595	0.342563211090026	1.71103713702367	7.94222538052527	1.71103727081157	-0.677639690111443	0.00343242895041130
0.982977746837420	0.0170222531625800	16.9791635841634	0.378200340521080	1.76288141907832	7.88258740115530	1.76288160190959	-0.704346903587390	0.00341317738373261
0.981953340289760	0.0180466597102400	18.0009769823828	0.414592856633067	1.81077853825735	7.79558420326949	1.81077877538164	-0.728443359984184	0.00337704250840357
0.980899842904680	0.0191001570953200	19.0518075784218	0.451487350812732	1.85473939467679	7.68639632575162	1.85473968820238	-0.750089989367072	0.00332442661002319
0.979817325348610	0.0201826746513900	20.1315848847333	0.488635485011955	1.89482756637029	7.55970233914293	1.89482790961046	-0.769464978655695	0.00325874260705710
0.978705859979724	0.0212941400202760	21.2402367263081	0.525798913737795	1.93115056170094	7.41965992877720	1.93115093356178	-0.786753075738400	0.00318549845057412
0.977565520841829	0.0224344791581710	22.3776892467715	0.562753239481137	1.96385058345044	7.26990993981522	1.96385094893270	-0.802137796689306	0.00311105944498243
0.976396383658186	0.0236036163418140	23.5438669145459	0.599290993208364	1.99309493444001	7.11359756153303	1.99309524969126	-0.815796150526519	0.00304118280525349
0.975198525825238	0.0248014741747620	24.7386925291070	0.635223664363336	2.01906677025501	6.95340588027274	2.01906698636672	-0.827895244282859	0.00298035734883191
0.973972026406254	0.0260279735937460	25.9620872273242	0.670382985833057	2.04195752993428	6.79159578243873	2.04195759205460	-0.838590273774993	0.00293246386706955
0.972716966124892	0.0272830338751080	27.2139704898806	0.704621642073504	2.06196119363622	6.63004810083191	2.06196104418107	-0.848023620407357	0.00290109940607105
0.971433427358678	0.0285665726413220	28.4942601477780	0.737813371638071	2.07926961300757	6.47030552683309	2.07926919422633	-0.856324837661544	0.00288889252191276
0.970121494132410	0.0298785058675900	29.8028723889161	0.769852551733018	2.09406946171413	6.31361166876689	2.09406872121348	-0.863611192356920	0.00289635062052445
0.968781252111466	0.0312187478885340	31.1397217647674	0.800653342331204	2.10654111493837	6.16094741173198	2.10654001487196	-0.869988379556724	0.00292123957939081
0.967412788595051	0.0325872114049490	32.5047211971133	0.830148452146315	2.11685692316428	6.01306653216809	2.11685544623675	-0.875551180451333	0.00295978514144726
0.966016192509352	0.0339838074906480	33.8977819848716	0.858287901745219	2.12517880302592	5.87052845701934	2.12517695197564	-0.880384082379715	0.00300902832220849
0.964591554400617	0.0354084455993831	35.3188138110003	0.885037746576768	2.13165603995109	5.73372758953226	2.13165382566331	-0.884562188450484	0.00306763909851049
0.963138966428163	0.0368610335718370	36.7677247494713	0.910378740594220	2.13642470141547	5.60291982988991	2.13642213184950	-0.888152303067725	0.00313432787873870
0.961658522357297	0.0383414776427030	38.2444212723321	0.934304769312245	2.13961020919084	5.47824428208279	2.13960729404979	-0.891214352218126	0.00320511928778965
0.960150317552171	0.0398496824478291	39.7488082568325	0.956820957205611	2.14133098627984	5.35974373681074	2.14132774940634	-0.893802562123398	0.00327261845796692
0.958614448968554	0.0413855510314460	41.2807889926341	0.977941936551577	2.14170030718559	5.24738665032279	2.14169679345395	-0.895965845935424	0.00332856123696604
0.957051015146539	0.0429489848534610	42.8402651890850	0.997690582019787	2.14082451677472	5.14108352305878	2.14082077697767	-0.897748109135122	0.00336829942158637
0.955460116203162	0.0445398837968380	44.4271369825825	1.01609717795576	2.13880179643943	5.04069592096923	2.13879786262014	-0.899188829370576	0.00339231665123392
0.953841853824967	0.0461581461750330	46.0413029439884	1.03319873197222	2.13572249997305	4.94604330664822	2.13571837445525	-0.900323318466996	0.00340369076607127
0.952196331260483	0.0478036687395170	47.6826600861337	1.04903829443434	2.13166997324881	4.85690783526955	2.13166563966694	-0.901182576545053	0.00340549322439900
0.950523653312640	0.0494763466873600	49.3511038713831	1.06366367823511	2.12672163968878	4.77304210371740	2.12671708231322	-0.901793172383900	0.00339894254944932
0.948823926331108	0.0511760736688920	51.0465282192767	1.07712611074166	2.12094985217556	4.69418164078436	2.12094506937444	-0.902178408090084	0.00338667464703369
0.947097258204573	0.0529027417954270	52.7688255142345	1.08947907994944	2.11442247267641	4.62005663556676	2.11441747118272	-0.902359876909245	0.00337606250663637
0.945343758352940	0.0546562416470600	54.5178866133335	1.10077746470389	2.10720151563457	4.55039810979751	2.10719629710889	-0.902357324086787	0.00337578067611993
0.943563537719468	0.0564364622805320	56.2936008541528	1.11107687928286	2.09934475541986	4.48494320933828	2.09933930148864	-0.902187960746563	0.00339208442793202
0.941756708762842	0.0582432912371580	58.0958560626816	1.12043307845808	2.09091101644864	4.42343772129563	2.09090529940939	-0.901867165378075	0.00342653672030734
0.939923385449174	0.0600766145508260	59.9245385612981	1.12890101570031	2.08196205709309	4.36563321310353	2.08195605854059	-0.901408461668403	0.00347820192688373
0.938063683243942	0.0619363167560580	61.7795331768099	1.13653417073367	2.07255836305731	4.31128564835962	2.07255209465318	-0.900823305927033	0.00354499112627858
0.936177719103860	0.0638222808961400	63.6607232485632	1.14338462631807	2.06275525288670	4.26015997490117	2.06274875823027	-0.900121560703006	0.00362110814568445
0.934265611468690	0.0657343885313100	65.5679906366108	1.14950233642532	2.05260232616382	4.21203614668629	2.05259566334221	-0.899312878725409	0.00370119985662809
0.932327480252988	0.0676725197470121	67.5012157299445	1.15493532704075	2.04214587843572	4.16670803138748	2.04213911974805	-0.898406237887210	0.00378788929131189
0.930363446837786	0.0696365531622140	69.4602774547921	1.15972962520103	2.03143032223863	4.12398289912492	2.03142354945031	-0.897409307009568	0.00388836291433514
0.928373634062212	0.0716263659377880	71.4450532829769	1.16392946286272	2.02049766393739	4.08367383580238	2.02049096033019	-0.896329766884547	0.00400583455871453
0.926358166215055	0.0736418337849450	73.4554192403302	1.16757772382324	2.00938588688313	4.04559496801450	2.00937931055474	-0.895174496301630	0.00413902878194234
0.924317169026263	0.0756828309737370	75.4912499151727	1.17071566421312	1.99812872023778	4.00957545124952	1.99812229828672	-0.893950064563839	0.00428580763501653
0.922250769658387	0.0777492303416130	77.5524184668488	1.17338265468375	1.98675626461711	3.97546075130916	1.98675000444945	-0.892661704873661	0.00444146842038343
0.920159096697961	0.0798409033020390	79.6387966343241	1.17561586853755	1.97529790726290	3.94310597695839	1.97529181423200	-0.891312068485586	0.00460271999625464
0.918042280146832	0.0819577198531680	81.7502547448341	1.17745005465975	1.96378569419314	3.91237582658147	1.96377979444869	-0.889902390623757	0.00477185972049062
0.915900451413422	0.0840995485865780	83.8866617225998	1.17891747800683	1.95224938358314	3.88314234398980	1.95224371533911	-0.888434059853735	0.00495260818731448
0.913733743303946	0.0862662566960540	86.0478850975875	1.18004831707859	1.94071454222923	3.85528532968161	1.94070911624970	-0.886909640265489	0.00514760334878119
0.911542290013565	0.0884577099864350	88.2337910143335	1.18087102081800	1.92920454186032	3.82869426881032	1.92919933557486	-0.885332623230358	0.00535622928182067
0.909326227117490	0.0906737728825100	90.4442442408175	1.18141271184989	1.91773917070095	3.80326439127781	1.91773413272168	-0.883705568033200	0.00557072841472381
0.907085691562025	0.0929143084379750	92.6791081773969	1.18169919683378	1.90633217400916	3.77889383588774	1.90632719008457	-0.882029224569346	0.00577918940247057
0.904820821655567	0.0951791783444330	94.9382448657841	1.18175435288118	1.89499393225924	3.75549337570923	1.89498884034441	-0.880304261899003	0.00597375122127547
0.902531757059545	0.0974682429404550	97.2215149980844	1.18159969907880	1.88373181469063	3.73298590524760	1.88372647163838	-0.878532585190752	0.00615202051903620
0.900218638779309	0.0997813612206910	99.5287779258844	1.18125457744281	1.87255491130499	3.71129483462129	1.87254923116150	-0.876716132497099	0.00631425135810920
0.897881609154969	0.102118390845031	101.859891669389	1.18073605493222	1.86147681198284	3.69034392529267	1.86147077220562	-0.874856440020035	0.00646275030042928
0.895520811852185	0.104479188147815	104.214712926609	1.18005942558935	1.85050672097757	3.67006765152789	1.85050036007653	-0.872955232774472	0.00659683699591024
0.893136391852902	0.106863608147098	106.593097082602	1.17923895207557	1.83964933590873	3.65041591509889	1.83964271672706	-0.871014813517109	0.00671167237673823
0.890728495446042	0.109271504553958	108.994898218756	1.17828746506262	1.82890967148356	3.63134506774922	1.82890286568767	-0.869037105562493	0.00680495081876900
0.888297270218144	0.111702729781856	111.419969122129	1.17721610735147	1.81829585297760	3.61280887645715	1.81828895189277	-0.867023023355159	0.00688086201709137
0.885842865043957	0.114157134956043	113.868161294829	1.17603411416548	1.80782079344210	3.59475934537788	1.80781390968465	-0.864973381787222	0.00694256654511553
0.883365430076986	0.116634569923014	116.339324963443	1.17474845701293	1.79749338527169	3.57714923710285	1.79748663023898	-0.862889301523858	0.00698977397324909
0.880865116739994	0.119134883260006	118.833309088517	1.17336520321502	1.78731409571999	3.55993830648908	1.78730755908616	-0.860771051538433	0.00702179206612690
0.878342077715455	0.121657922284545	121.349961374070	1.17188989649559	1.77727761484919	3.54309788377797	1.77727136099572	-0.858618932682563	0.00703872466002924
0.875796466935961	0.124203533064039	123.889128277171	1.17032828138478	1.76737425664828	3.52660720441980	1.76736832780326	-0.856433760118114	0.00704197763124261
0.873228439574594	0.126771560425406	126.450655017539	1.16868730626371	1.75759749831313	3.51044147550414	1.75759192452512	-0.854216162435143	0.00703404579411690
0.870638152035239	0.129361847964761	129.034385587204	1.16697468040304	1.74794389954863	3.49456246377559	1.74793870181042	-0.851965762340201	0.00701857767051025
0.868025761942871	0.131974238057129	131.640162760197	1.16519887526564	1.73840769180371	3.47892525833891	1.73840287989364	-0.849681404753469	0.00699824842017070
0.865391428133783	0.134608571866217	134.267828102299	1.16336710343029	1.72898272534669	3.46349469649603	1.72897830972316	-0.847363539284583	0.00697367747301209
0.862735310645790	0.137264689354210	136.917221980809	1.16148504417314	1.71966715294302	3.44825081350910	1.71966315879001	-0.845016011286497	0.00694574815813132
0.860057570708376	0.139942429291624	139.588183574375	1.15955628666401	1.71046225976318	3.43317774972671	1.71045870293719	-0.842642334774239	0.00691566316126326
0.857358370732808	0.142641629267192	142.280550882851	1.15758246724258	1.70137056940091	3.41825844408488	1.70136746611983	-0.840244519742599	0.00688476155560739
0.854637874302212	0.145362125697788	144.994160737201	1.15556409478867	1.69240278455366	3.40347252692702	1.69240016516745	-0.837821805352828	0.00685485506568248
0.851896246161607	0.148103753838393	147.728848809437	1.15350096375726	1.68357559670786	3.38880135012042	1.68357348275408	-0.835372813030483	0.00683244837303926
0.849133652207900	0.150866347792100	150.484449622596	1.15139225182661	1.67490053607155	3.37422627616557	1.67489890046027	-0.832896860592299	0.00682313952084938
0.846350259479846	0.153649740520154	153.260796560761	1.14923749755699	1.66637827384402	3.35972836634987	1.66637703857990	-0.830393539346492	0.00682581775569890
0.843546236147967	0.156453763852033	156.057721879111	1.14703708628133	1.65800365433647	3.34528821455684	1.65800273644907	-0.827861629921974	0.00683338446032488
0.840721751504436	0.159278248495564	158.875056714014	1.14479240880411	1.64976947303565	3.33089342647004	1.64976879546592	-0.825300749746722	0.00683739700243706
0.837876975952927	0.162123024047073	161.712631093150	1.14250655502957	1.64166876572585	3.31654658969508	1.64166827748934	-0.822713418426621	0.00682993565639918
0.835012080998426	0.164987919001574	164.570273945675	1.14018312503977	1.63369191519203	3.30224759842199	1.63369159033196	-0.820102556987744	0.00680578009596533
0.832127239237012	0.167872760762988	167.447813112414	1.13782577668328	1.62582475693549	3.28798288757615	1.62582460674242	-0.817468419141788	0.00676447827842931
0.829222624345595	0.170777375654405	170.345075356098	1.13543657277118	1.61805488837636	3.27373040045539	1.61805497182787	-0.814809673254906	0.00670561406242653
0.826298411071630	0.173701588928370	173.261886371620	1.13301725983220	1.61037509129069	3.25946772134433	1.61037551448371	-0.812125520151502	0.00662645263055298
0.823354775222793	0.176645224777207	176.198070796341	1.13056974709534	1.60277905853756	3.24518346364333	1.60277995806982	-0.809415638727555	0.00652637531506675
0.820391893656623	0.179608106343377	179.153452220411	1.12809663723371	1.59525520893971	3.23086835894604	1.59525670521590	-0.806679438793735	0.00640793265540543
0.817409944270136	0.182590055729864	182.127853197137	1.12560043447632	1.58779653339232	3.21651328557261	1.58779869979216	-0.803916927391496	0.00627399945157159
0.814409105989404	0.185590894010596	185.121095253375	1.12308277997240	1.58041012634462	3.20211275643820	1.58041298716314	-0.801130016584973	0.00612931385659204
0.811389558759105	0.188610441240895	188.132998899953	1.12054505133312	1.57311059804574	3.18766204367761	1.57311413345187	-0.798321062080324	0.00597821705246929
0.808351483532041	0.191648516467959	191.163383642128	1.11798879233539	1.56590684055275	3.17315878076311	1.56591095232653	-0.795490666537736	0.00582166765171569
0.805295062258629	0.194704937741371	194.212067990065	1.11541507601667	1.55880040231329	3.15860431268702	1.55880493604223	-0.792638265669230	0.00565773137195080
0.802220477876358	0.197779522123642	197.278869469357	1.11282447076056	1.55178838114320	3.14400615414638	1.55179316688724	-0.789763658125423	0.00548641788649270
0.799127914299221	0.200872085700779	200.363604631566	1.11021666928024	1.54486529363775	3.12937458785346	1.54487020693854	-0.786867212610189	0.00531501474397160
0.796017556407118	0.203982443592882	203.466089064791	1.10759073137453	1.53802376165158	3.11472170843639	1.53802871302782	-0.783948203153411	0.00515559135304841
0.792889590035230	0.207110409964770	206.586137404267	1.10494462083062	1.53125072387938	3.10005904095363	1.53125561202666	-0.781007001564922	0.00501395193857046
0.789744201963366	0.210255798036634	209.723563342994	1.10227633344554	1.52452874289298	3.08538941867289	1.52453344306251	-0.778044501248305	0.00488946262608656
0.786581579905283	0.213418420094717	212.878179642387	1.09958489504203	1.51784192384081	3.07071336735355	1.51784632422797	-0.775062214451780	0.00478001810615290
0.783401912497981	0.216598087502019	216.049798142957	1.09687096477515	1.51117800319702	3.05602526346632	1.51118203715278	-0.772060607239929	0.00468589386379526
0.780205389290971	0.219794610709029	219.238229775010	1.09413569986727	1.50453009253738	3.04130876893540	1.50453371854183	-0.769039659143103	0.00461083020181286
0.776992200735514	0.223007799264486	222.443284569390	1.09137945067839	1.49789502982052	3.02654475440207	1.49789825970614	-0.766000387099418	0.00455413348326706
0.773762538173847	0.226237461826153	225.664771668215	1.08860178906444	1.49126841043876	3.01172367866326	1.49127132021029	-0.762943357998690	0.00450750843732459
0.770516593828366	0.229483406171634	228.902499335676	1.08580185082010	1.48464975453863	2.99684984986035	1.48465248049234	-0.759868092591108	0.00446079963835703
0.767254560790802	0.232745439209198	232.156274968828	1.08297875655967	1.47804295043848	2.98192895331530	1.47804565335742	-0.756773608460205	0.00440616695674737
0.763976633011366	0.236023366988634	235.425905108419	1.08013226615473	1.47145120314279	2.96696224500227	1.47145401517776	-0.753659891067237	0.00433809666351347
0.760683005287870	0.239316994712130	238.711195449741	1.07726252328741	1.46487462504897	2.95195737611579	1.46487761782244	-0.750527013615683	0.00425301867943601
0.757373873254824	0.242626126745176	242.011950853509	1.07436991416432	1.45831116784521	2.93692050610082	1.45831436187992	-0.747374217940383	0.00415397009222707
0.754049433372521	0.245950566627479	245.327975356741	1.07145446044901	1.45175765677897	2.92185173275282	1.45176104272460	-0.744201496734660	0.00404857023055709
0.750709882916086	0.249290117083914	248.659072183689	1.06851477844855	1.44521322575154	2.90675474202614	1.44521673743003	-0.741011687532210	0.00394236850350328
0.747355419964512	0.252644580035488	252.005043756771	1.06554694393963	1.43868302024347	2.89163955097890	1.43868656597625	-0.737805742061833	0.00383979363387287
0.743986243389676	0.256013756610324	255.365691707527	1.06254530350529	1.43217313339582	2.87651757758037	1.43217664532494	-0.734582125249633	0.00374702213876708
0.740602552845327	0.259397447154673	258.740816887605	1.05950501250348	1.42568639790054	2.86139126183347	1.42568990146356	-0.731339890540009	0.00366998437390066
0.737204548756065	0.262795451243935	262.130219379754	1.05642349852130	1.41922965689511	2.84625124265276	1.41923325777215	-0.728078920413202	0.00361587268899310
0.733792432306285	0.266207567693715	265.533698508850	1.05330037555842	1.41281401186179	2.83109010183848	1.41281781616780	-0.724799584509820	0.00359521548144220
0.730366405429121	0.269633594570879	268.951052852926	1.05013702914930	1.40644887682972	2.81591064098802	1.40645294839494	-0.721502910932983	0.00361440043279565
0.726926670795350	0.273073329204650	272.382080254240	1.04693550233760	1.40013418877831	2.80072627421746	1.40013855568649	-0.718189865871836	0.00366995596973661
0.723473431802295	0.276526568197705	275.826577830341	1.04369838176458	1.39386630602276	2.78555616957801	1.39387101327624	-0.714862053195835	0.00375369610908488
0.720006892562701	0.279993107437299	279.284341985170	1.04042855703660	1.38764219839492	2.77041942516442	1.38764733927495	-0.711519960057263	0.00385764143481253
0.716527257893592	0.283472742106408	282.755168420169	1.03712949540243	1.38145079767568	2.75533086918869	1.38145649355114	-0.708162947941963	0.00397353095871147
0.713034733305116	0.286965266694884	286.238852145412	1.03380492809890	1.37528050038658	2.74029130594954	1.37528686962786	-0.704790052518911	0.00409580295355642
0.709529524989368	0.290470475010632	289.735187490752	1.03045930831710	1.36912823117497	2.72528853459481	1.36913535291380	-0.701401334472334	0.00422421411205379
0.706011839809202	0.293988160190798	293.243968116981	1.02709633920507	1.36300333980830	2.71030296622055	1.36301124564930	-0.697997251133900	0.00435967969112988
0.702481885287018	0.297518114712982	296.764987027014	1.02371961121943	1.35691976195115	2.69531642797873	1.35692843129789	-0.694578523391108	0.00450432077497337
0.698939869593541	0.301060130406459	300.298036577083	1.02033281899724	1.35088090849681	2.68031681532851	1.35089031715456	-0.691145733264883	0.00465889301778709
0.695386001536580	0.304613998463420	303.842908487949	1.01694062757998	1.34488074147500	2.66529499079505	1.34489090170356	-0.687700201922100	0.00481737343711964
0.691820490549772	0.308179509450228	307.399393856127	1.01354722087021	1.33891333992959	2.65024395391502	1.33892428534617	-0.684242831044300	0.00497048170126631
0.688243546681314	0.311756453318686	310.967283165131	1.01015517961669	1.33297335146181	2.63516193844281	1.33298510230170	-0.680773829799913	0.00511673198531535
0.684655380582674	0.315344619417326	314.546366296728	1.00676505934974	1.32704906986998	2.62005745083503	1.32706157509119	-0.677292409153542	0.00525953590596069
0.681056203497295	0.318943796502705	318.136432542209	1.00337441052411	1.32112521931490	2.60494282957214	1.32113835930184	-0.673797432471296	0.00539984103132568
0.677446227249278	0.322553772750722	321.737270613680	0.999979267420338	1.31519252596022	2.58982700848096	1.31520614363612	-0.670289917385989	0.00553090618158872
0.673825664232057	0.326174335767943	325.348668655350	0.996575277434595	1.30924999893885	2.57470879465984	1.30926389458499	-0.666771085845505	0.00564197742356724
0.670194727397058	0.329805272602942	328.970414254854	0.993158728713551	1.30329497596206	2.55958164134372	1.30330898650527	-0.663241341378226	0.00571953883037462
0.666553630242341	0.333446369757659	332.602294454573	0.989725835885606	1.29732560359403	2.54444430162315	1.29733964941239	-0.659700429719436	0.00574540065334796
0.662902586801238	0.337097413198762	336.244095762971	0.986272691062573	1.29134772333435	2.52930188947550	1.29136178121410	-0.656148271036538	0.00570917714635207
0.659241811630970	0.340758188369030	339.895604165952	0.982794586566304	1.28536541512555	2.51415630980320	1.28537945810536	-0.652585111635031	0.00561749472460787
0.655571519801254	0.344428480198746	343.556605138218	0.979286007970790	1.27937710450746	2.49900182465768	1.27939106174964	-0.649011386983633	0.00548629803194974
0.651891926882905	0.348108073117095	347.226883654644	0.975742352047191	1.27338051432727	2.48382919860949	1.27339428361343	-0.645427389466310	0.00532805025596059
0.648203248936409	0.351796751063591	350.906224201672	0.972160023779649	1.26737282390671	2.46864379194246	1.26738632663080	-0.641833100334041	0.00514769550844146
0.644505702500508	0.355494297499492	354.594410788698	0.968537054059122	1.26135406144738	2.45346711334893	1.26136730701599	-0.638229709411247	0.00494818943932570
0.640799504580753	0.359200495419247	358.291226959494	0.964873066808434	1.25532329534718	2.43831646128237	1.25533639370792	-0.634617694026288	0.00472935128536816
0.637084872638058	0.362915127361942	361.996455803618	0.961169590713152	1.24927767839268	2.42319853634067	1.24929080202548	-0.630997477394068	0.00448859821216773
0.633362024577238	0.366637975422762	365.709879967853	0.957428391561455	1.24321987400340	2.40810809207005	1.24323321712792	-0.627370609250047	0.00422735447682204
0.629631178735543	0.370368821264457	369.431281667641	0.953651147259849	1.23714974907597	2.39302899981158	1.23716343570453	-0.623738887127079	0.00395132956250321
0.625892553871169	0.374107446128831	373.160442698542	0.949839191819316	1.23105930072965	2.37795032354888	1.23107336408828	-0.620101927720267	0.00366291598197068
0.622146369151775	0.377853630848225	376.897144447692	0.945994447327812	1.22494154644806	2.36287574008139	1.22495592080083	-0.616457673704106	0.00336622931889974
0.618392844142982	0.381607155857018	380.641167905270	0.942118584186911	1.21878884407941	2.34781567989869	1.21880344943455	-0.612803903384279	0.00307060817245415
0.614632198796856	0.385367801203144	384.392293675992	0.938214708026643	1.21258913260841	2.33278630777864	1.21260392194552	-0.609140536019938	0.00278735149581452
0.610864653440400	0.389135346559600	388.150301990581	0.934285976922674	1.20633867177898	2.31780686785343	1.20635363301057	-0.605469430612742	0.00253041843328201
0.607090428764018	0.392909571235982	391.914972717283	0.930335048350162	1.20004229074509	2.30289157745660	1.20005741816570	-0.601791866768446	0.00230866696691551
0.603309745809984	0.396690254190016	395.686085373363	0.926364022913712	1.19370664591401	2.28804797834536	1.19372194512296	-0.598108073158513	0.00211858227900148
0.599522825960891	0.400477174039109	399.463419136628	0.922375673195102	1.18733699897882	2.27327078550013	1.18735251003023	-0.594417094116279	0.00195078882635020
0.595729890928107	0.404270109071893	403.246752856944	0.918373008006112	1.18093241758515	2.25854541828135	1.18094820879968	-0.590717315874344	0.00179879277503701
0.591931162740206	0.408068837259794	407.035865067773	0.914359322636932	1.17449166708860	2.24386030332932	1.17450781064949	-0.587009170296588	0.00165770744587774
0.588126863731402	0.411873136268598	410.830533997709	0.910337083433602	1.16802190281498	2.22920506567977	1.16803844147145	-0.583293913913679	0.00151912249357237
0.584317216529976	0.415682783470024	414.630537582027	0.906307816806040	1.16153996151899	2.21456712001004	1.16155692565837	-0.579571846029352	0.00137444423813877
0.580502444046688	0.419497555953312	418.435653474234	0.902271834311862	1.15506123175786	2.19994133050654	1.15507866292673	-0.575843128059078	0.00121934166412250
0.576682769463188	0.423317230536812	422.245659057636	0.898229166252086	1.14858386274940	2.18532700525419	1.14860183641542	-0.572107549892527	0.00105164711922263
0.572858416220421	0.427141583779579	426.060331456900	0.894180005002676	1.14209661403613	2.17072008855029	1.14211523346510	-0.568364551859107	0.000869364478316132
0.569029608007019	0.430970391992981	429.879447549630	0.890124575869723	1.13559083916827	2.15610640095653	1.13561018057697	-0.564613084762590	0.000673081411052870
0.565196568747695	0.434803431252305	433.702783977950	0.886063076169085	1.12906274460657	2.14146996383442	1.12908281533489	-0.560853721029071	0.000468653814946978
0.561359522591622	0.438640477408378	437.530117160091	0.881995070137632	1.12251271807799	2.12680246146533	1.12253348880692	-0.557088545256555	0.000265394554259620
0.557518693900813	0.442481306099187	441.361223301983	0.877919061573927	1.11594465189777	2.11210357087753	1.11596606895288	-0.553317754863074	7.19267107628780e-05
0.553674307238495	0.446325692761505	445.195878408850	0.873833538216853	1.10936890820803	2.09738651018483	1.10939090274723	-0.549540802064225	-0.000103980137802875
0.549826587357469	0.450173412642531	449.033858296824	0.869736937830944	1.10279508442162	2.08267848721673	1.10281759674571	-0.545757649660301	-0.000253399175585131
0.545975759188475	0.454024240811525	452.874938604546	0.865628295161467	1.09623452780589	2.06800757224500	1.09625753308793	-0.541969536829084	-0.000369199816219003
0.542122047828549	0.457877952171451	456.718894804785	0.861506501569888	1.08970737710773	2.05338879013933	1.08973089025673	-0.538177038405844	-0.000440798140071361
0.538265678529370	0.461734321470630	460.565502216056	0.857370008898014	1.08323579656195	2.03882750315087	1.08325986623774	-0.534380465684098	-0.000456754771788422
0.534406876685606	0.465593123314394	464.414536014247	0.853217180453332	1.07683486200644	2.02432583802043	1.07685953390569	-0.530580219136289	-0.000412186655600644
0.530545867823260	0.469454132176740	468.265771244245	0.849045834405565	1.07051103431886	2.00988212725503	1.07053631492880	-0.526776702280545	-0.000306191514471093
0.526682877588002	0.473317122411998	472.118982831573	0.844853733027092	1.06425562069596	1.99549110437412	1.06428148089985	-0.522970279437818	-0.000140876146439875
0.522818131733503	0.477181868266497	475.973945594023	0.840639842129136	1.05804485838391	1.98114865388617	1.05807127717984	-0.519160985666097	7.31818882098664e-05
0.518951856109769	0.481048143890231	479.830434253301	0.836404897765581	1.05184567572588	1.96685375192029	1.05187263838045	-0.515348321738825	0.000316921085344840
0.515084276651456	0.484915723348544	483.688223446673	0.832151567490866	1.04562765677439	1.95261107595423	1.04565512214191	-0.511532648012839	0.000572699237847684
0.511215619366204	0.488784380633796	487.547087738608	0.827883867733044	1.03937588713336	1.93842410564965	1.03940378126795	-0.507714471526413	0.000826995360979797
0.507346110322946	0.492653889677054	491.406801632437	0.823607060143511	1.03309192797341	1.92428424601484	1.03312012941722	-0.503893813073576	0.00107035733182191
0.503475975640227	0.496524024359773	495.267139582003	0.819327115044699	1.02677875035001	1.91018020122058	1.02680709439791	-0.500071889886243	0.00129463804004511
0.499605441474518	0.500394558525482	499.127876003321	0.815049031873612	1.02043264002415	1.89610325583483	1.02046095592484	-0.496249710984497	0.00148881901882933
0.495734734008523	0.504265265991477	502.988785286238	0.810776739987218	1.01404902367571	1.88204691572168	1.01407714707839	-0.492427246285427	0.00164265769475205
0.491864079439485	0.508135920560515	506.849641806100	0.806512313475924	1.00762675097870	1.86800612136427	1.00765454223761	-0.488603234437134	0.00175747691178327
0.487993703967496	0.512006296032504	510.710219935410	0.802257000758153	1.00116146935754	1.85397980419716	1.00118882388091	-0.484777149424748	0.00184381347451568
0.484123833783795	0.515876166216205	514.570294055502	0.798010848049390	0.994649946248286	1.83997068322975	0.994676773678715	-0.480950154067220	0.00190586468339952
0.480254695059071	0.519745304940929	518.429638568209	0.793772812527348	0.988099549398945	1.82598259723961	0.988125763580627	-0.477122177550092	0.00193884322629595
0.476386513931761	0.523613486068239	522.288027907533	0.789540368843658	0.981521589779493	1.81202272003074	0.981547132938013	-0.473293990210051	0.00194260551908310
0.472519516496348	0.527480483503652	526.145236551319	0.785310300865540	0.974924842515820	1.79809849307305	0.974949712481832	-0.469466923692037	0.00192381040161596
0.468653928791660	0.531346071208340	530.001039032927	0.781079774298110	0.968318400847575	1.78421296723878	0.968342649499248	-0.465641019444593	0.00189116846873783
0.464789976789160	0.535210023210840	533.855209952910	0.776847130762676	0.961707321353233	1.77036536331413	0.961731034238258	-0.461815584351172	0.00185502562549834
0.460927886381244	0.539072113618756	537.707523990688	0.772613011361487	0.955092799032915	1.75655501151981	0.955116088948409	-0.457990583994210	0.00182505072217033
0.457067883369534	0.542932116630466	541.557755916228	0.768380650311020	0.948474404677282	1.74278452903082	0.948497406071142	-0.454166699368304	0.00180731378710603
0.453210193453172	0.546789806546828	545.405680601715	0.764154968522311	0.941849002096979	1.72906022597781	0.941871859204307	-0.450344562013073	0.00180390765001375
0.449355042217111	0.550644957782889	549.251073033233	0.759941574195647	0.935216167422010	1.71539171541090	0.935239006397464	-0.446524656878126	0.00181481462532633
0.445502655120408	0.554497344879592	553.093708322445	0.755745999727731	0.928581694238545	1.70179041163994	0.928604607050350	-0.442706642382111	0.00183754227253075
0.441653257484521	0.558346742515479	556.933361718266	0.751573845800287	0.921951973770855	1.68826624045081	0.921975029434227	-0.438890343094647	0.00186713093502814
0.437807074481598	0.562192925518402	560.769808618540	0.747429865606426	0.915333851582084	1.67482429921457	0.915357093624327	-0.435076097820877	0.00189840513487631
0.433964331122771	0.566035668877229	564.602824581721	0.743316840438750	0.908738735759150	1.66145958982830	0.908762162910122	-0.431264102425607	0.00192778636340206
0.430125252246457	0.569874747753543	568.432185338541	0.739234970619462	0.902183262707497	1.64816037654583	0.902206815694470	-0.427454749246835	0.00195230916323815
0.426290062506648	0.573709937493352	572.257666803690	0.735182693787927	0.895679863315388	1.63491892807269	0.895703436460342	-0.423648151295360	0.00196747972075289
0.422458986361208	0.577541013638792	576.079045087489	0.731157383608665	0.889234577108594	1.62173310174426	0.889258058804568	-0.419844426208750	0.00196843828187818
0.418632248060179	0.581367751939821	579.896096507555	0.727156834068757	0.882855115908438	1.60860019600924	0.882878426748497	-0.416043100128984	0.00195089640567621
0.414810071634071	0.585189928365929	583.708597600482	0.723179981229306	0.876547041612285	1.59551557237503	0.876570154773841	-0.412243441897951	0.00191668867652924
0.410992680882176	0.589007319117824	587.516325133497	0.719227376048358	0.870305789933596	1.58247761082167	0.870328712770348	-0.408446284107766	0.00187226833944214
0.407180299360863	0.592819700639137	591.319056116133	0.715300448243349	0.864124710822082	1.56949196074390	0.864147469926852	-0.404653393833709	0.00182013428206254
0.403373150371893	0.596626849628107	595.116567811888	0.711400798226900	0.858004307592658	1.55657335250424	0.858026954517770	-0.400866010973554	0.00175962160292222
0.399571456950723	0.600428543049277	598.908637749890	0.707529040308945	0.851946173229309	1.54374019069951	0.851968774626479	-0.397084610877709	0.00169087513809237
0.395775441854823	0.604224558145177	602.695043736551	0.703684798218188	0.845947391404169	1.53100644783757	0.845970021799746	-0.393309510299552	0.00161358729341493
0.391985327551991	0.608014672448009	606.475563867219	0.699866431736751	0.840003918611431	1.51837974817039	0.840026637110770	-0.389541501727529	0.00152376058016908
0.388201336208670	0.611798663791330	610.249976537836	0.696071963352287	0.834109967987774	1.50586515644668	0.834132806978992	-0.385780437868808	0.00141463741377389
0.384423689678278	0.615576310321722	614.018060456578	0.692299756740234	0.828256931018029	1.49346895468785	0.828279892035833	-0.382025264948843	0.00128431927423675
0.380652609489528	0.619347390510472	617.779594655502	0.688548472549611	0.822438887409213	1.48119477281291	0.822461910907108	-0.378275337366136	0.00113941527127300
0.376888316834764	0.623111683165236	621.534358502183	0.684817308819704	0.816653806432105	1.46903349590368	0.816676803681663	-0.374530728056532	0.000995141223987271
0.373131032558295	0.626868967441705	625.282131711350	0.681105694797948	0.810897963979300	1.45696326304452	0.810920878048658	-0.370791208037379	0.000871418074157203
0.369380977144738	0.630619022855262	629.022694356513	0.677413795659910	0.805168985342065	1.44496564398360	0.805191809852524	-0.367057423630431	0.000783302089894133
0.365638370707360	0.634361629292640	632.755826881594	0.673741548803516	0.799464903275438	1.43303227410390	0.799487646115242	-0.363330385728646	0.000734354140414455
0.361903432976434	0.638096567023566	636.481310112537	0.670089049805102	0.793781381247837	1.42115379934010	0.793804045163003	-0.359610635069706	0.000720213108057593
0.358176383287593	0.641823616712407	640.198925268928	0.666456338106205	0.788115772917403	1.40931640883413	0.788138365960124	-0.355898313869774	0.000733671123350026
0.354457440570193	0.645542559429807	643.908453975602	0.662843440535841	0.782466161963592	1.39750618803725	0.782488713719037	-0.352193537591283	0.000763922706516021
0.350746823335682	0.649253176664318	647.609678274244	0.659251033793850	0.776833271075800	1.38571245299829	0.776855814362886	-0.348496494673398	0.000798078670638855
0.347044749665977	0.652955250334023	651.302380634983	0.655680188024636	0.771223751488997	1.37393133781109	0.771246308193251	-0.344807540329291	0.000825478264009681
0.343351437201842	0.656648562798158	654.986343967982	0.652132366984914	0.765648780773287	1.36216824399951	0.765671342680083	-0.341126971766234	0.000841156771694875
0.339667103131283	0.660332896868717	658.661351635019	0.648609346018503	0.760119957401051	1.35043124012238	0.760142471043155	-0.337454546352136	0.000848714025207601
0.335991964177940	0.664008035822060	662.327187461061	0.645113321242576	0.754645891589365	1.33872674430959	0.754668284397409	-0.333789850498476	0.000854333339249295
0.332326236589492	0.667673763410508	665.983635745831	0.641646552255131	0.749231277476783	1.32706342176597	0.749253483915638	-0.330132769652462	0.000859002957978702
0.328670136126073	0.671329863873927	669.630481275364	0.638211042846474	0.743877817584100	1.31545367286985	0.743899781504647	-0.326484143359661	0.000859611124626292
0.325023878048688	0.674976121951312	673.267509333559	0.634808329361124	0.738582956032071	1.30391184352059	0.738604627366806	-0.322845100325828	0.000853093185875519
0.321387677107645	0.678612322892355	676.894505713720	0.631439456793869	0.733338889888839	1.29244842838280	0.733360218341317	-0.319215838811504	0.000837986581508817
0.317761747530993	0.682238252469007	680.511256730087	0.628104796705997	0.728136981188603	1.28107073488877	0.728157921963546	-0.315596673695184	0.000816361921251151
0.314146303012970	0.685853696987030	684.117549229363	0.624803663257141	0.722974067890109	1.26978618748242	0.722994585940927	-0.311988058844082	0.000793379189361180
0.310541556702459	0.689458443297541	687.713170602221	0.621534458801723	0.717850556064857	1.25859995338595	0.717870639685371	-0.308390196044323	0.000774052484279966
0.306947721191458	0.693052278808542	691.297908794812	0.618295459952646	0.712767754676235	1.24751388495734	0.712787424707120	-0.304803192970365	0.000760481111592191
0.303365008503555	0.696634991496445	694.871552320258	0.615085208403786	0.707728629892326	1.23652867597849	0.707747941782681	-0.301226781274469	0.000753652136978080
0.299793630082419	0.700206369917581	698.433890270132	0.611903018333372	0.702738016977689	1.22564801401988	0.702757045468324	-0.297660798400709	0.000757096501365011
0.296233796780298	0.703766203219702	701.984712325930	0.608748827149439	0.697801046952357	1.21487698295980	0.697819857882141	-0.294105746912077	0.000774334031058785
0.292685718846532	0.707314281153468	705.523808770531	0.605622798767455	0.692919120176757	1.20421613178965	0.692937750661477	-0.290562500688703	0.000805134617769884
0.289149605916075	0.710850394083925	709.050970499642	0.602525221641085	0.688087141226762	1.19366254203911	0.688105592250305	-0.287032031582067	0.000845011303697916
0.285625666998030	0.714374333001970	712.565989033242	0.599456371054164	0.683295754698444	1.18321335109563	0.683313997351546	-0.283515047244198	0.000888770165373202
0.282114110464196	0.717885889535804	716.068656526995	0.596416778278430	0.678535288947344	1.17286558883648	0.678553283819194	-0.280011823982951	0.000933665653447458
0.278615144037633	0.721384855962367	719.558765783665	0.593407291033861	0.673797577019903	1.16261606849211	0.673815288417658	-0.276522319973514	0.000979369946723511
0.275128974781231	0.724871025218769	723.036110264515	0.590428927289816	0.669078128150287	1.15246292503992	0.669095527851231	-0.273046199384704	0.00102673749345637
0.271655809086303	0.728344190913697	726.500484100684	0.587482652856224	0.664379450876950	1.14240729216669	0.664396525399739	-0.269583222129083	0.00107724669314435
0.268195852661185	0.731804147338815	729.951682104560	0.584569194163522	0.659710410898937	1.13245346219704	0.659727179495333	-0.266133725278942	0.00113186375256097
0.264749310519851	0.735250689480149	733.389499781133	0.581689208439422	0.655081255313302	1.12260723429112	0.655097764749687	-0.262698211886960	0.00119088242897782
0.261316386970551	0.738683613029449	736.813733339333	0.578843631862191	0.650500597612437	1.11287394162853	0.650516897228523	-0.259277234502360	0.00125483431612608
0.257897285604454	0.742102714395546	740.224179703356	0.576033677676382	0.645975736863579	1.10325728772894	0.645991856567038	-0.255871323536809	0.00132269706275166
0.254492209284309	0.745507790715691	743.620636523973	0.573260743105784	0.641514595244944	1.09375830754204	0.641530535762199	-0.252481077199525	0.00138996751522475
0.251101360133135	0.748898639866865	747.002902189811	0.570525836880307	0.637127333134958	1.08437227121807	0.637143066345540	-0.249106388385106	0.00145062759079932
0.247724939522905	0.752275060477095	750.370775838645	0.567829762310147	0.632824849396781	1.07508781580932	0.632840335647900	-0.245746557460249	0.00150042300557931
0.244363148063271	0.755636851936729	753.724057368640	0.565173265600351	0.628615889725913	1.06589183822854	0.628631096761400	-0.242401242586524	0.00153855288862523
0.241016185590289	0.758983814409711	757.062547449597	0.562557202930868	0.624504586082736	1.05677360194239	0.624519488496195	-0.239070673894752	0.00156688555271631
0.237684251155170	0.762315748844830	760.386047534178	0.559982577329960	0.620490026978514	1.04772748915945	0.620504601433775	-0.235755251716154	0.00158749023729607
0.234367543013051	0.765632456986949	763.694359869102	0.557450354096340	0.616568575208046	1.03875451640780	0.616582796353178	-0.232455151151150	0.00160169053863195
0.231066258611781	0.768933741388219	766.987287506333	0.554961133262330	0.612736298239949	1.02986117717463	0.612750130797421	-0.229170334434232	0.00161026231045133
0.227780594580726	0.772219405419274	770.264634314247	0.552515024625751	0.608988160069600	1.02105726581057	0.609001556841139	-0.225900939967690	0.00161398309878064
0.224510746719602	0.775489253280398	773.526204988769	0.550111526056463	0.605318382679604	1.01235391491301	0.605331289978173	-0.222647058754000	0.00161401765815095
0.221256909987317	0.778743090012683	776.771805064502	0.547749876770681	0.601722444656019	1.00376142743000	0.601734808369519	-0.219408612448687	0.00161213173280163
0.218019278490844	0.781980721509156	780.001240925831	0.545429442448205	0.598197209365562	0.995288153893441	0.598208975997134	-0.216186002178741	0.00161001403370652
0.214798045474110	0.785201954525890	783.214319818000	0.543149913612679	0.594740131491298	0.986940412298382	0.594751243771093	-0.212979803588505	0.00160743971712235
0.211593403306909	0.788406596693091	786.410849858173	0.540911418404692	0.591347498994396	0.978721681913706	0.591357894215986	-0.209790116169234	0.00160186811195932
0.208405543473838	0.791594456526162	789.590640046471	0.538714362629457	0.588013562041751	0.970633033683101	0.588023182168475	-0.206616765714063	0.00159038385191228
0.205234656563255	0.794765343436745	792.753500276985	0.536559244956892	0.584732520944691	0.962674981648240	0.584741327807923	-0.203459837547151	0.00157155403178967
0.202080932256261	0.797919067743739	795.899241348767	0.534446357724954	0.581500309803403	0.954847439692234	0.581508292010035	-0.200319839633229	0.00154590717395359
0.198944559315707	0.801055440684293	799.027674976795	0.532375621919102	0.578315898511167	0.947149084242379	0.578323067847301	-0.197197169909790	0.00151464632431278
0.195825725575225	0.804174274424775	802.138613802911	0.530346522039702	0.575181010038553	0.939579071506448	0.575187395443660	-0.194091857977265	0.00147863491185331
0.192724617928286	0.807275382071714	805.231871406741	0.528358222701079	0.572098032440071	0.932138695644138	0.572103673984745	-0.191003905950743	0.00143843221170901
0.189641422317281	0.810358577682719	808.307262316583	0.526409760866303	0.569068698252947	0.924831019327624	0.569073642098018	-0.187933433611715	0.00139474682730093
0.186576323722628	0.813423676277372	811.364602020272	0.524500275657419	0.566093624490778	0.917659249584323	0.566097921034523	-0.184880625334231	0.00134968727123534
0.183529506151914	0.816470493848086	814.403706976012	0.522629059877573	0.563172327619086	0.910626021275831	0.563176032018527	-0.181845919755935	0.00130686813615817
0.180501152629053	0.819498847370947	817.424394623190	0.520795522971437	0.560303237136792	0.903734468158920	0.560306404900163	-0.178830004772735	0.00127028010128526
0.177491445183478	0.822508554816522	820.426483393155	0.518999181697048	0.557483738338766	0.896987363394089	0.557486418649980	-0.175833443893418	0.00124317188486506
0.174500564839367	0.825499435160633	823.409792719970	0.517239611931567	0.554710781236994	0.890384775430772	0.554713012753807	-0.172856470670393	0.00122755456099413
0.171528691604886	0.828471308395114	826.374143051134	0.515516440054844	0.551981521581652	0.883924165281622	0.551983334040744	-0.169899193493129	0.00122465493281398
0.168576004461474	0.831423995538526	829.319355858276	0.513829280614542	0.549293705314681	0.877602459339584	0.549295124848074	-0.166961799123653	0.00123536525737433
0.165642681353152	0.834357318646848	832.245253647817	0.512177697724519	0.546646136569160	0.871417326468837	0.546647188525879	-0.164044536387720	0.00126042644668410
0.162728899175862	0.837271100824138	835.151659971604	0.510561152356923	0.544038939252240	0.865366766993743	0.544039647138242	-0.161147466456678	0.00130013737110006
0.159834833766845	0.840165166233155	838.038399437505	0.508979067095008	0.541473064134605	0.859448003504022	0.541473444235492	-0.158270513670853	0.00135405975682670
0.156960659894045	0.843039340105955	840.905297719977	0.507430884043980	0.538949621463281	0.853657494374983	0.538949676361468	-0.155413658011528	0.00142102831260750
0.154106551245546	0.845893448754454	843.752181570604	0.505916133216681	0.536469860667210	0.847991673336580	0.536469576813988	-0.152576892993211	0.00149932060298612
0.151272680419049	0.848727319580951	846.578878828594	0.504434482151800	0.534034581372337	0.842447324013840	0.534033932417718	-0.149760171556940	0.00158696302149910
0.148459218911375	0.851540781088625	849.385218431248	0.502985796708992	0.531643277185213	0.837022345372950	0.531642228134533	-0.146963591868557	0.00168175888191882
0.145666337108011	0.854333662891989	852.171030424386	0.501570198258307	0.529294814024962	0.831716640786531	0.529293325154812	-0.144187469842730	0.00178124466199396
0.142894204272683	0.857105795727317	854.936145972751	0.500188071333460	0.526988698930807	0.826531577824278	0.526986732532066	-0.141432210886338	0.00188303860805846
0.140142988536976	0.859857011463024	857.680397370362	0.498840033522182	0.524725574924250	0.821467893848243	0.524723105196341	-0.138698194211928	0.00198495449273757
0.137412856889981	0.862587143110019	860.403618050838	0.497526830559691	0.522507429507168	0.816523811006390	0.522504453428983	-0.135985746196131	0.00208484478665996
0.134703975167984	0.865296024832016	863.105642597685	0.496249257211237	0.520337733534550	0.811695052056220	0.520334278991153	-0.133295245116386	0.00218040614340637
0.132016508044196	0.867983491955804	865.786306754541	0.495008016633462	0.518220946699226	0.806976188258525	0.518217073339548	-0.130627127889699	0.00226928848584306
0.129350619018518	0.870649380981482	868.445447435383	0.493803670241435	0.516161407219647	0.802361931186232	0.516157198619565	-0.127981759144413	0.00234995802130355
0.126706470407344	0.873293529592656	871.082902734700	0.492636646278182	0.514161893288732	0.797848005850092	0.514157445284163	-0.125359370372125	0.00242212215214718
0.124084223333413	0.875915776666587	873.698511937614	0.491507264325002	0.512222575987313	0.793431198183680	0.512217987412868	-0.122759940875603	0.00248592447654574
0.121484037715691	0.878515962284309	876.292115529972	0.490415841969304	0.510341188322962	0.789109321593913	0.510336555682731	-0.120183239726176	0.00254099067509846
0.118906072259304	0.881093927740696	878.863555208388	0.489362707809859	0.508513841000899	0.784881629176298	0.508509254481828	-0.117629001875519	0.00258642974830955
0.116350484445512	0.883649515554488	881.412673890248	0.488348190860010	0.506735917861869	0.780748643331231	0.506731457162288	-0.115097030515466	0.00262147917055313
0.113817430521716	0.886182569478284	883.939315723668	0.487372624008624	0.505003196455227	0.776711425678451	0.504998927435047	-0.112587290206465	0.00264598075701307
0.111307065491528	0.888692934508472	886.443326097407	0.486436307247878	0.503312980509478	0.772771041670994	0.503308953415263	-0.110099970016645	0.00266054206987629
0.108819543104865	0.891180456895135	888.924551650748	0.485539467521160	0.501664808173771	0.768928461286773	0.501661057954929	-0.107635460832039	0.00266649713961766
0.106355015848106	0.893644984151894	891.382840283308	0.484682174928868	0.500060462152246	0.765184812675205	0.500057009666349	-0.105194196480471	0.00266579851838920
0.103913634934285	0.896086365065715	893.818041164831	0.483864245717323	0.498503012154784	0.761541663728194	0.498499863263980	-0.102776510196140	0.00266095431254272
0.101495550293332	0.898504449706668	896.230004744914	0.483085212622858	0.496995405849012	0.758000841959229	0.496992548776136	-0.100382605336329	0.00265484120362799
0.0991009105623650	0.900899089437635	898.618582762694	0.482344367905300	0.495539537640337	0.754563803559883	0.495536942596336	-0.0980125663670613	0.00265026869752811
0.0967298630760300	0.903270136923970	900.983628256483	0.481640830363927	0.494136165132982	0.751231253441573	0.494133788836345	-0.0956664013180159	0.00264943170595585
0.0943825538568864	0.905617446143114	903.324995573359	0.480973569274625	0.492785534413347	0.748003282716559	0.492783328079697	-0.0933441427792511	0.00265355338981152
0.0920591276058468	0.907940872394153	905.642540378701	0.480341383230677	0.491488050679614	0.744879683033867	0.491485968389614	-0.0910459372012295	0.00266283821405047
0.0897597276926650	0.910240272307335	907.936119665675	0.479742896325833	0.490244398601209	0.741859998745967	0.490242403644052	-0.0887720576018469	0.00267656204803055
0.0874844961464766	0.912515503853523	910.205591764674	0.479176587432888	0.489055240453564	0.738943228903329	0.489053308675887	-0.0865228663766158	0.00269319662803971
0.0852335736463911	0.914766426353609	912.450816352700	0.478640832882149	0.487920832882455	0.736127593000652	0.487918953584724	-0.0842987329442863	0.00271066705899612
0.0830070995121384	0.916992900487862	914.671654462692	0.478133966594150	0.486840729241163	0.733410643275074	0.486838904314588	-0.0820999182097026	0.00272673525867414
0.0808052116947669	0.919194788305233	916.867968492806	0.477654341250721	0.485813582275240	0.730789629171072	0.485811823339021	-0.0799264912220205	0.00273939755917778
0.0786280467673990	0.921371953232601	919.039622215637	0.477200372692498	0.484837106438131	0.728261994902795	0.484835430062543	-0.0777783107596443	0.00274724911212235
0.0764757399160395	0.923524260083961	921.186480787385	0.476770569052719	0.483908337580028	0.725825798223405	0.483906760383020	-0.0756550768143390	0.00274965754137019
0.0743484249304427	0.925651575069557	923.308410756967	0.476363530177714	0.483024130881058	0.723479763785917	0.483022666711567	-0.0735564390135497	0.00274662680716792
0.0722462341950334	0.927753765804967	925.405280075072	0.475977942689440	0.482181673289017	0.721223044387049	0.482180333100672	-0.0714821131718310	0.00273856330658173
0.0701692986798893	0.929830701320111	927.476958103155	0.475612580810537	0.481378800193689	0.719054963920930	0.481377593576346	-0.0694319561372598	0.00272611849665575
0.0681177479317799	0.931882252068220	929.523315622378	0.475266310483129	0.480613936905996	0.716974808193941	0.480612873810806	-0.0674059772407826	0.00271013298875088
0.0660917100652639	0.933908289934736	931.544224842487	0.474938097655395	0.479885760031045	0.714981610703003	0.479884851617448	-0.0654043063511391	0.00269160240342479
0.0640913117538501	0.935908688246150	933.539559410630	0.474627012072440	0.479192936199790	0.713073966263325	0.479192194387809	-0.0634271479598218	0.00267147952632774
0.0621166782212164	0.937883321778784	935.509194420116	0.474332220509437	0.478534120035746	0.711249946250772	0.478533555947275	-0.0614747514791116	0.00265039947768639
0.0601679332324919	0.939832066767508	937.453006419112	0.474052972331260	0.477908096982977	0.709507132697833	0.477907718778348	-0.0595474125052402	0.00262861069857210
0.0582451990856020	0.941754800914398	939.370873419274	0.473788581208003	0.477313871876879	0.707842705960390	0.477313682554845	-0.0576454753600352	0.00260610101140139
0.0563485966026763	0.943651403397324	941.262674904315	0.473538413128372	0.476750614452195	0.706253530368922	0.476750610169910	-0.0557692998317767	0.00258271847423523
0.0544782451215212	0.945521754878479	943.128291838519	0.473301885675848	0.476217509152735	0.704736239707935	0.476217678522991	-0.0539191971771868	0.00255825209980649
0.0526342624871584	0.947365737512842	944.967606675173	0.473078476185036	0.475713598703903	0.703287303210957	0.475713923201826	-0.0520953766787409	0.00253251522193403
0.0508167650434277	0.949183234956572	946.780503364945	0.472867733116439	0.475237737586389	0.701903058213978	0.475238192783693	-0.0502979366887003	0.00250539378685101
0.0490258676246587	0.950974132375341	948.566867364194	0.472669280229354	0.474788722902448	0.700579793837081	0.474789280084264	-0.0485269096008486	0.00247683958814040
0.0472616835474092	0.952738316452591	950.326585643207	0.472482803097658	0.474365524027674	0.699313952155010	0.474366151916824	-0.0467823271304329	0.00244683236544529
0.0455243246022710	0.954475675397729	952.059546694378	0.472308019740407	0.473967449071545	0.698102359727660	0.473968115601868	-0.0450642613667710	0.00241531072422065
0.0438139010457482	0.956186098954252	953.765640540300	0.472144644633701	0.473594166851083	0.696942352961279	0.473594840959480	-0.0433728254760540	0.00238210207232361
0.0421305215922023	0.957869478407798	955.444758741809	0.471992354118401	0.473245614729095	0.695831777311944	0.473246268060611	-0.0417081462112775	0.00234691500327765
0.0404742934058703	0.959525706594130	957.096794405939	0.471850759381960	0.472921861273894	0.694768931305864	0.472922469653975	-0.0400703315966899	0.00230939534725906
0.0388453220929547	0.961154677907045	958.721642193816	0.471719392035886	0.472622955944667	0.693752515123330	0.472623500464077	-0.0384594552636934	0.00226918535001723
0.0372437116937855	0.962756288306215	960.319198328474	0.471597705565783	0.472348767936629	0.692781605812969	0.472349235517626	-0.0368755656534586	0.00222595468413202
0.0356695646750560	0.964330435324944	961.889360602602	0.471485091650851	0.472098846721600	0.691855642241880	0.472099230132638	-0.0353187093048563	0.00217941811288358
0.0341229819221338	0.965877018077866	963.432028386209	0.471380906056446	0.471872353877575	0.690974378806867	0.471872651300374	-0.0337889479069490	0.00212935060239982
0.0326040627314459	0.967395937268554	964.947102634224	0.471284498340014	0.471668085313059	0.690137782607477	0.471668299628968	-0.0322863581101006	0.00207559676785452
0.0311129048029407	0.968887095197059	966.434485894013	0.471195240663083	0.471484567559799	0.689345887217094	0.471484705475913	-0.0308110204277833	0.00201807438131325
0.0296496042326278	0.970350395767372	967.894082312821	0.471112551479081	0.471320194325063	0.688598644232330	0.471320265386129	-0.0293630118426153	0.00195677370174618
0.0282142555051929	0.971785744494807	969.325797645137	0.471035910769993	0.471173364308984	0.687895821858792	0.471173379825147	-0.0279424101683941	0.00189175717089314
0.0268069514866951	0.973193048513305	970.729539259981	0.470964865832048	0.471042587105577	0.687236976655826	0.471042559070477	-0.0265493046771081	0.00182316996784520
0.0254277834173406	0.974572216582659	972.105216148109	0.470899029162575	0.470926539503486	0.686621476427005	0.470926479622254	-0.0251838024422134	0.00175126230640974
0.0240768409043386	0.975923159095661	973.452738929140	0.470838071292012	0.470824073588324	0.686048524132986	0.470823992529895	-0.0238460259684390	0.00167640423628453
0.0227542119148381	0.977245788085162	974.772019858604	0.470781710962559	0.470734191811559	0.685517149791806	0.470734098742660	-0.0225361041880418	0.00159907194746075
0.0214599827689462	0.978540017231054	976.062972834899	0.470729704206800	0.470656005069380	0.685026176631828	0.470655907454795	-0.0212541615334437	0.00151980550504287
0.0201942381328298	0.979805761867170	977.325513406182	0.470681833484900	0.470588685214835	0.684574194292040	0.470588588818521	-0.0200003103854642	0.00143915795047945
0.0189570610119018	0.981042938988098	978.559558777155	0.470637897927624	0.470531422523047	0.684159567095530	0.470531331532355	-0.0187746502889249	0.00135765754243741
0.0177485327440904	0.982251467255910	979.765027815788	0.470597705506638	0.470483396233739	0.683780478389352	0.470483313444775	-0.0175772732559076	0.00127579156076876
0.0165687329931947	0.983431267006805	980.941841059939	0.470561067574710	0.470443758544490	0.683434991118454	0.470443685571596	-0.0164082712140208	0.00119400570412687
0.0154177397423275	0.984582260257673	982.089920723899	0.470527795874267	0.470411627213766	0.683121107096269	0.470411564705995	-0.0152677412853789	0.00111270870220891
0.0142956292874432	0.985704370712557	983.209190704847	0.470497701869252	0.470386085454263	0.682836821674541	0.470386033311626	-0.0141557867572232	0.00103227569583090
0.0132024762309563	0.986797523769044	984.299576589216	0.470470597984029	0.470366194284207	0.682580177133578	0.470366151867652	-0.0130725145518248	0.000953048663723713
0.0121383534754463	0.987861646524554	985.361005658967	0.470446299995105	0.470351021320549	0.682349312728425	0.470350987646385	-0.0120180315904597	0.000875334780827718
0.0111033322174536	0.988896667782546	986.393406897787	0.470424629584366	0.470339680579278	0.682142502012632	0.470339654486300	-0.0109924418498958	0.000799404373424041
0.0100974819413664	0.989902518058634	987.396710997176	0.470405416165106	0.470331370615980	0.681958168645377	0.470331350895685	-0.00999584429237651	0.000725488910352231
0.00912087041339739	0.990879129586603	988.370850362464	0.470388497526196	0.470325400092788	0.681794879905058	0.470325385579626	-0.00902833096486550	0.000653777784930440
0.00817356367565411	0.991826436324346	989.315759118720	0.470373719359297	0.470321196918823	0.681651324887149	0.470321186544946	-0.00808998492623978	0.000584413508473951
0.00725562604030164	0.992744373959698	990.231373116576	0.470360934107209	0.470318303275872	0.681526286562907	0.470318296099475	-0.00718087843398274	0.000517487878982049
0.00636712008381921	0.993632879916181	991.117629937957	0.470349999676310	0.470316361877381	0.681418614380048	0.470316357094187	-0.00630107212169985	0.000453042891733077
0.00550810664135135	0.994491893358649	991.974468901716	0.470340778412078	0.470315098987453	0.681327200509820	0.470315095932297	-0.00545061558627611	0.000391077965585010
0.00467864480115515	0.995321355198845	992.801831069168	0.470333136489665	0.470314308026006	0.681250960641266	0.470314306168152	-0.00462954924977566	0.000331561696634437
0.00387879189914286	0.996121208100857	993.599659249540	0.470326943679476	0.470313835483917	0.681188819615657	0.470313834417355	-0.00383790695591767	0.000274444621244330
0.00310860351352288	0.996891396486477	994.367898005312	0.470322073370823	0.470313569457911	0.681139702182338	0.470313568887076	-0.00307571865987067	0.000219670024480899
0.00236813345953710	0.997631866540463	995.106493657469	0.470318402739090	0.470313430520006	0.681102528966018	0.470313430241652	-0.00234301271595245	0.000167181498355072
0.00165743378429843	0.998342566215702	995.815394290649	0.470315812970484	0.470313364490923	0.681076217250233	0.470313364373674	-0.00163981751891350	0.000116927400360749
0.000976554761726947	0.999023445238273	996.494549758192	0.470314189484513	0.470313336680929	0.681059685659109	0.470313336644508	-0.000966162482834587	6.88630378817722e-05
0.000325544887587024	0.999674455112413	997.143911687095	0.470313422117667	0.470313327198449	0.681051861499202	0.470313327194630	-0.000322078482128145	2.29514471730671e-05
