# Postprocessed results of turbulent pipe flow 
# Reynolds stress transporation term: k 
# ------------------------------------------------------------------
# uTau = 0.0264811 
# nu = 2.65252e-05 
# ------------------------------------------------------------------
# r	 1-r	 y+	 production	 Turbulent_Transport	 Viscous_Transport	  Pressure_Strain	 Pressure_Transport	 Viscous_Dissipation	 
# ------------------------------------------------------------------
1	0	0	9.95283617772707e-44	-3.17883795588301e-06	0.240886063476821	0	6.39537902695227e-05	-0.246147947331069
0.999902976248952	9.70237510480310e-05	0.0968905967998106	9.14345223239556e-07	4.00545591484318e-06	0.237646062666062	0	0.00209145397098594	-0.241957562735009
0.999775539161755	0.000224460838245011	0.224152790845806	1.14598535270641e-05	2.91217913227029e-05	0.231995264150859	0	0.00461996054005913	-0.236980460509744
0.999617704438640	0.000382295561360047	0.381770903453905	5.74191038198565e-05	0.000123594674627522	0.223724639946092	0	0.00739550536261074	-0.231528363796733
0.999429489613958	0.000570510386041945	0.569727424336849	0.000193753331290517	0.000385575724618672	0.214878544993381	0	0.0102392708708790	-0.225880159630103
0.999210914053114	0.000789085946885981	0.788003014666767	0.000520566561691703	0.000985468664381501	0.205542893924712	0	0.0129795783923957	-0.220242835640913
0.998961998949404	0.00103800105059604	1.03657651023297	0.00120172055570531	0.00218249271185997	0.195537854882528	0	0.0154664601593014	-0.214723164990118
0.998682767320731	0.00131723267926898	1.31542492472182	0.00248347022506627	0.00431987103518155	0.184385647389759	0	0.0175829914957926	-0.209312559717953
0.998373244006220	0.00162675599378004	1.62452345309747	0.00470803040805089	0.00777766935295409	0.171350676817545	0	0.0192521056056276	-0.203891843374609
0.998033455662722	0.00196654433727805	1.96384547509231	0.00831436204380519	0.0128680821665589	0.155578245371652	0	0.0204381559687585	-0.198264686775067
0.997663430761219	0.00233656923878101	2.33336255879756	0.0138170121788062	0.0196814789135333	0.136329436525017	0	0.0211433713405923	-0.192222933511978
0.997263199583111	0.00273680041688895	2.73304446437110	0.0217554369061307	0.0279273063032727	0.113262554581925	0	0.0214001957558003	-0.185632330655110
0.996832794216413	0.00316720578358698	3.16285914783524	0.0326123505329696	0.0368411638416075	0.0866696839431681	0	0.0212610860795765	-0.178510725136752
0.996372248551831	0.00362775144816896	3.62277276499506	0.0467099446136397	0.0452241577633903	0.0575707247593712	0	0.0207876440382335	-0.171065226529192
0.995881598278753	0.00411840172124700	4.11274967544235	0.0641042722717156	0.0516360924464182	0.0276096285999840	0	0.0200409312755569	-0.163667340140713
0.995360880881122	0.00463911911887804	4.63275244667658	0.0845056158405732	0.0546994756995351	-0.00122868878152350	0	0.0190744295895956	-0.156770573959247
0.994810135633214	0.00518986436678603	5.18274185832124	0.107251519567982	0.0534210093336988	-0.0269945507742846	0	0.0179304691615367	-0.150799365850155
0.994229403595313	0.00577059640468702	5.76267690644304	0.131347906113087	0.0474277705041232	-0.0481278985712603	0	0.0166401842492953	-0.146048312952337
0.993618727609288	0.00638127239071196	6.37251480796859	0.155575538102543	0.0370491590764162	-0.0636951737871566	0	0.0152263279340815	-0.142623014771141
0.992978152294068	0.00702184770593195	7.01221100520350	0.178640717223945	0.0232327663506604	-0.0734641773549810	0	0.0137077528904171	-0.140434780367442
0.992307724041017	0.00769227595898303	7.68171917045075	0.199337415547563	0.00733510267283750	-0.0778282543309954	0	0.0121041517664109	-0.139241544864464
0.991607491009213	0.00839250899078703	8.38099121072513	0.216686876691694	-0.00914269842394570	-0.0776299084219235	0	0.0104397817196449	-0.138714766573957
0.990877503120632	0.00912249687936795	9.10997727256297	0.230029526418626	-0.0248031862360071	-0.0739471650081737	0	0.00874532790460223	-0.138509498320558
0.990117812055224	0.00988218794477602	9.86862574693945	0.239058575640697	-0.0385340814817486	-0.0678973338791170	0	0.00705764457933084	-0.138320113616980
0.989328471245912	0.0106715287540881	10.6568832742621	0.243799448904993	-0.0496012798771737	-0.0604919399565117	0	0.00541764978816926	-0.137913179108200
0.988509535873478	0.0114904641265220	11.4746947494783	0.244549678996227	-0.0576585045483795	-0.0525536647432474	0	0.00386702548417578	-0.137137630177954
0.987661062861364	0.0123389371386360	12.3220033272673	0.241798246543331	-0.0626958143587616	-0.0446886237037840	0	0.00244454422197239	-0.135918028016912
0.986783110870378	0.0132168891296220	13.1987504273264	0.236142093450496	-0.0649547377070629	-0.0372983311851132	0	0.00118275554339061	-0.134238480716747
0.985875740293307	0.0141242597066930	14.1048757397508	0.228212748041437	-0.0648348063086141	-0.0306141501518946	0	0.000105531899391487	-0.132123712690961
0.984939013249435	0.0150609867505650	15.0403172305087	0.218620043910757	-0.0628092761891592	-0.0247396840449333	0	-0.000773275725601240	-0.129621695627414
0.983972993578979	0.0160270064210210	16.0050111469962	0.207914705635578	-0.0593599446484031	-0.0196909636345328	0	-0.00145001414985884	-0.126790431478342
0.982977746837420	0.0170222531625800	16.9988920237001	0.196568021552431	-0.0549335380002995	-0.0154291088916602	0	-0.00193042684687135	-0.123689511968345
0.981953340289760	0.0180466597102400	18.0218926879321	0.184964995572491	-0.0499169741158060	-0.0118843030016913	0	-0.00222819623186581	-0.120375593290392
0.980899842904680	0.0191001570953200	19.0739442656628	0.173406869662235	-0.0446268411726386	-0.00897252748825610	0	-0.00236308777887949	-0.116900249214454
0.979817325348610	0.0201826746513900	20.1549761874443	0.162119281048854	-0.0393086710621669	-0.00660688349501727	0	-0.00235899327498933	-0.113308901213355
0.978705859979724	0.0212941400202760	21.2649161944058	0.151263085895395	-0.0341427744490373	-0.00470452792411118	0	-0.00224190497087667	-0.109641034506357
0.977565520841829	0.0224344791581710	22.4036903443573	0.140945788475981	-0.0292529139371921	-0.00319055569881363	0	-0.00203808783274333	-0.105931076211576
0.976396383658186	0.0236036163418140	23.5712230179595	0.131232454902737	-0.0247153129362766	-0.00199991274989180	0	-0.00177265662725520	-0.102208540412078
0.975198525825238	0.0248014741747620	24.7674369249873	0.122155590236272	-0.0205692385321809	-0.00107682192809973	0	-0.00146830962330279	-0.0984986189605120
0.973972026406254	0.0260279735937460	25.9922531106772	0.113723659452190	-0.0168286637462706	-0.000372459032458414	0	-0.00114472418440397	-0.0948239741791371
0.972716966124892	0.0272830338751080	27.2455909621555	0.105928016456172	-0.0134913879099117	0.000156120150918374	0	-0.000818475717572737	-0.0912054980303057
0.971433427358678	0.0285665726413220	28.5273682149501	0.0987482928345881	-0.0105438887742291	0.000545017832104109	0	-0.000502816491860280	-0.0876612814224877
0.970121494132410	0.0298785058675900	29.8375009595775	0.0921564342444696	-0.00796388385021177	0.000822987552285863	0	-0.000207976788282742	-0.0842056546130594
0.968781252111466	0.0312187478885340	31.1759036482260	0.0861195824513547	-0.00572354411037873	0.00101286717334853	0	5.84474337553976e-05	-0.0808497356577518
0.967412788595051	0.0325872114049490	32.5424891014990	0.0806020866773017	-0.00379271297133283	0.00113327993808929	0	0.000291641388828772	-0.0776028218696048
0.966016192509352	0.0339838074906480	33.9371685152507	0.0755670169011881	-0.00214010645162603	0.00119917977736441	0	0.000489350487056357	-0.0744722268660580
0.964591554400617	0.0354084455993831	35.3598514674977	0.0709773789249003	-0.000735002462061097	0.00122282936277474	0	0.000651242397896217	-0.0714626141030784
0.963138966428163	0.0368610335718370	36.8104459254013	0.0667969120569630	0.000450110317175610	0.00121558367747031	0	0.000778410180768712	-0.0685773425279664
0.961658522357297	0.0383414776427030	38.2888582523370	0.0629904529754106	0.00143896936040603	0.00118768543895375	0	0.000872801158457422	-0.0658189634470190
0.960150317552171	0.0398496824478291	39.7949932150294	0.0595241751848583	0.00225431844010027	0.00114614542925126	0	0.000936987815618052	-0.0631874591320470
0.958614448968554	0.0413855510314460	41.3287539907704	0.0563659983128376	0.00292148824251420	0.00109444968109373	0	0.000973756477797523	-0.0606799424409638
0.957051015146539	0.0429489848534610	42.8900421747023	0.0534861295879988	0.00346518897683529	0.00103481896969028	0	0.000986084547906646	-0.0582926187634187
0.955460116203162	0.0445398837968380	44.4787577871885	0.0508574529721577	0.00390337209720152	0.000970065186178181	0	0.000977209684484920	-0.0560218078674760
0.953841853824967	0.0461581461750330	46.0947992812385	0.0484554088755059	0.00424811744907341	0.000903121556341763	0	0.000950457713445098	-0.0538643706973244
0.952196331260483	0.0478036687395170	47.7380635500203	0.0462575544591467	0.00451171672303002	0.000835738379861973	0	0.000908591687272932	-0.0518160702748257
0.950523653312640	0.0494763466873600	49.4084459344342	0.0442434156292042	0.00470715660578895	0.000769114052861175	0	0.000854151329644459	-0.0498719178326126
0.948823926331108	0.0511760736688920	51.1058402307632	0.0423944243747071	0.00484500654687489	0.000704869714729991	0	0.000789924347669371	-0.0480276453160068
0.947097258204573	0.0529027417954270	52.8301386983865	0.0406936362536869	0.00493338503961770	0.000644576407815530	0	0.000718141348784256	-0.0462780903009797
0.945343758352940	0.0546562416470600	54.5812320675657	0.0391256194048957	0.00497820909580078	0.000589480663647302	0	0.000640962006525029	-0.0446185757055623
0.943563537719468	0.0564364622805320	56.3590095472991	0.0376766919811606	0.00498494142312463	0.000539975821863220	0	0.000560426855342476	-0.0430448048757624
0.941756708762842	0.0582432912371580	58.1633588332384	0.0363349800862038	0.00496111905276416	0.000495196679346091	0	0.000477800768559478	-0.0415518337625281
0.939923385449174	0.0600766145508260	59.9941661156776	0.0350901722669060	0.00491495070179191	0.000454230954929595	0	0.000393708461678664	-0.0401343946317496
0.938063683243942	0.0619363167560580	61.8513160876020	0.0339331884521394	0.00485103705289520	0.000417318145106090	0	0.000308733562209531	-0.0387884005374208
0.936177719103860	0.0638222808961400	63.7346919528076	0.0328555119807232	0.00477083725222584	0.000385191325980061	0	0.000223417390263266	-0.0375102128203005
0.934265611468690	0.0657343885313100	65.6441754340779	0.0318487558325408	0.00467625190215649	0.000357488199533032	0	0.000138684415220480	-0.0362956173317782
0.932327480252988	0.0676725197470121	67.5796467814262	0.0309048953755734	0.00457156925929183	0.000332826275462552	0	5.55672224496661e-05	-0.0351399118508855
0.930363446837786	0.0696365531622140	69.5409847804021	0.0300167465882178	0.00446010670675555	0.000309998943774343	0	-2.55496873402851e-05	-0.0340392261931813
0.928373634062212	0.0716263659377880	71.5280667604610	0.0291783430538361	0.00434425580773456	0.000287963053836357	0	-0.000104388632609786	-0.0329899448624117
0.926358166215055	0.0736418337849450	73.5407686033860	0.0283848294643914	0.00422846114811987	0.000265762870619578	0	-0.000180337336954706	-0.0319887581997255
0.924317169026263	0.0756828309737370	75.5789647517795	0.0276322338068711	0.00411422747589848	0.000243196480850449	0	-0.000252129461187209	-0.0310328556504419
0.922250769658387	0.0777492303416130	77.6425282176070	0.0269174990795440	0.00399874590265433	0.000221078907315145	0	-0.000318179506423428	-0.0301198592146922
0.920159096697961	0.0798409033020390	79.7313305908050	0.0262381781757019	0.00387921673630623	0.000200506325429169	0	-0.000377431628742404	-0.0292478761083128
0.918042280146832	0.0819577198531680	81.8452420479396	0.0255919472971382	0.00375559260803056	0.000181795739589247	0	-0.000429678191110609	-0.0284144916983466
0.915900451413422	0.0840995485865780	83.9841313609321	0.0249765415459275	0.00362912638902072	0.000164977478940549	0	-0.000475300714724230	-0.0276173324233235
0.913733743303946	0.0862662566960540	86.1478659058292	0.0243895951384554	0.00350011414720783	0.000150536528832611	0	-0.000515000922576033	-0.0268551069336893
0.911542290013565	0.0884577099864350	88.3363116716377	0.0238284365408344	0.00337149741352431	0.000138456581636328	0	-0.000549547031147259	-0.0261260777915243
0.909326227117490	0.0906737728825100	90.5493332692085	0.0232907213524192	0.00324755973731063	0.000128073574809582	0	-0.000579174874592296	-0.0254277708657943
0.907085691562025	0.0929143084379750	92.7867939401810	0.0227750331422434	0.00312839402251546	0.000119049923639562	0	-0.000603554354664791	-0.0247588519121135
0.904820821655567	0.0951791783444330	95.0485555659711	0.0222804478229473	0.00301089006176547	0.000111178996102610	0	-0.000623129210090161	-0.0241179029901170
0.902531757059545	0.0974682429404550	97.3344786768194	0.0218060487906009	0.00289200192116989	0.000104282030044533	0	-0.000638920594978344	-0.0235028871193079
0.900218638779309	0.0997813612206910	99.6444224608901	0.0213507564818596	0.00277116758755909	9.83568059278175e-05	0	-0.000652295120308375	-0.0229122775373910
0.897881609154969	0.102118390845031	101.978244773419	0.0209133788203560	0.00265067943212042	9.30652866479858e-05	0	-0.000664417370383221	-0.0223446714411058
0.895520811852185	0.104479188147815	104.335802145911	0.0204928395851621	0.00253355787533049	8.77550051219690e-05	0	-0.000675443133756785	-0.0217992658109826
0.893136391852902	0.106863608147098	106.716949795393	0.0200881678079887	0.00242130128346243	8.20247554894070e-05	0	-0.000685531895575782	-0.0212748999997328
0.890728495446042	0.109271504553958	109.121541633708	0.0196983265437561	0.00231352641590831	7.63123105105573e-05	0	-0.000694914933579451	-0.0207703601196302
0.888297270218144	0.111702729781856	111.549430276863	0.0193221258574375	0.00220863465183494	7.12190819256200e-05	0	-0.000703545615079355	-0.0202848480905925
0.885842865043957	0.114157134956043	114.000467054422	0.0189584719197674	0.00210757053489379	6.65885207724313e-05	0	-0.000710891437764546	-0.0198171769263665
0.883365430076986	0.116634569923014	116.474502018951	0.0186064894143297	0.00201248404885398	6.25502392002815e-05	0	-0.000716205510132413	-0.0193666995829467
0.880865116739994	0.119134883260006	118.971383955496	0.0182651813342214	0.00192318051566019	5.95771725716356e-05	0	-0.000719240447736898	-0.0189326223234515
0.878342077715455	0.121657922284545	121.490960391123	0.0179332833776780	0.00183834933391466	5.72700674782843e-05	0	-0.000720108060737556	-0.0185132569708901
0.875796466935961	0.124203533064039	124.033077604496	0.0176094862920992	0.00175678650554893	5.44003433375352e-05	0	-0.000719210026516451	-0.0181075739206148
0.873228439574594	0.126771560425406	126.597580635490	0.0172928000369788	0.00167879246838756	4.99527872613903e-05	0	-0.000717345963011305	-0.0177149538258161
0.870638152035239	0.129361847964761	129.184313294867	0.0169827652286164	0.00160489618987522	4.46420298454103e-05	0	-0.000715150012380436	-0.0173353116328034
0.868025761942871	0.131974238057129	131.793118173975	0.0166791938045924	0.00153454171528080	4.03634708757344e-05	0	-0.000712330393409555	-0.0169688309030360
0.865391428133783	0.134608571866217	134.423836654506	0.0163819905096483	0.00146711945734924	3.74946835590261e-05	0	-0.000707996966092045	-0.0166148163898388
0.862735310645790	0.137264689354210	137.076308918278	0.0160914082325501	0.00140296649891881	3.47558794125840e-05	0	-0.000701307290107190	-0.0162723044109160
0.860057570708376	0.139942429291624	139.750373957078	0.0158078714004823	0.00134270226967679	3.15546804878066e-05	0	-0.000692540401973355	-0.0159407527617522
0.857358370732808	0.142641629267192	142.445869582529	0.0155315163381457	0.00128597648042903	2.86889151847759e-05	0	-0.000683269209064133	-0.0156197000974031
0.854637874302212	0.145362125697788	145.162632436005	0.0152622522638370	0.00123278659786501	2.69508058728608e-05	0	-0.000674773108747639	-0.0153090981122691
0.851896246161607	0.148103753838393	147.900497998581	0.0149998539102812	0.00118402906522864	2.60289861718975e-05	0	-0.000667626188393532	-0.0150084412830383
0.849133652207900	0.150866347792100	150.659300601025	0.0147439220748714	0.00114061271258115	2.52071612643017e-05	0	-0.000661741791414567	-0.0147169852110250
0.846350259479846	0.153649740520154	153.438873433825	0.0144940888106822	0.00110226210221189	2.44642064715369e-05	0	-0.000656903549953657	-0.0144344827213174
0.843546236147967	0.156453763852033	156.239048557253	0.0142501395776058	0.00106691773875337	2.41503922205017e-05	0	-0.000652539937922450	-0.0141608468113539
0.840721751504436	0.159278248495564	159.059656911470	0.0140120980806496	0.00103186644209543	2.40651835585122e-05	0	-0.000647624544825659	-0.0138959505767250
0.837876975952927	0.162123024047073	161.900528326664	0.0137800918377731	0.000995323298806471	2.33851511308511e-05	0	-0.000641249653548909	-0.0136391431095745
0.835012080998426	0.164987919001574	164.761491533219	0.0135540044179808	0.000957850001050526	2.15285623760383e-05	0	-0.000632969754234296	-0.0133897410752585
0.832127239237012	0.167872760762988	167.642374171925	0.0133335650792662	0.000921030706330676	1.89303994908215e-05	0	-0.000623054316095201	-0.0131475129790588
0.829222624345595	0.170777375654405	170.543002804225	0.0131187169386586	0.000885607381119644	1.67849322999837e-05	0	-0.000612303760498812	-0.0129124183894921
0.826298411071630	0.173701588928370	173.463202922484	0.0129095195438768	0.000851828067471231	1.59062023651825e-05	0	-0.000601421092858244	-0.0126846107444791
0.823354775222793	0.176645224777207	176.402798960303	0.0127058554729886	0.000819630553007609	1.61198410639768e-05	0	-0.000590442743682444	-0.0124636799413757
0.820391893656623	0.179608106343377	179.361614302860	0.0125071485642728	0.000786458336341842	1.68260720422561e-05	0	-0.000578550057285013	-0.0122492031936177
0.817409944270136	0.182590055729864	182.339471297283	0.0123124695073196	0.000750877027491745	1.72745598144536e-05	0	-0.000564870706966119	-0.0120407460972557
0.814409105989404	0.185590894010596	185.336191263056	0.0121213669788814	0.000716787511943716	1.68318065753171e-05	0	-0.000549156601817932	-0.0118377306320629
0.811389558759105	0.188610441240895	188.351594502455	0.0119340451724955	0.000687298444617244	1.57792614549807e-05	0	-0.000532020960436678	-0.0116399215402287
0.808351483532041	0.191648516467959	191.385500311016	0.0117506120773568	0.000660408831713303	1.48860564782346e-05	0	-0.000514325402904059	-0.0114473068081584
0.805295062258629	0.194704937741371	194.437726988028	0.0115708794805802	0.000633557483828888	1.43758318272496e-05	0	-0.000496824636114114	-0.0112599683918665
0.802220477876358	0.197779522123642	197.508091847062	0.0113948298761229	0.000606623588466825	1.42332489993512e-05	0	-0.000480804142483712	-0.0110775397667525
0.799127914299221	0.200872085700779	200.596411226529	0.0112228976534917	0.000579767782940851	1.44939788255092e-05	0	-0.000466892792447627	-0.0109000708417487
0.796017556407118	0.203982443592882	203.702500500254	0.0110555006365594	0.000553434357407408	1.45862828218075e-05	0	-0.000454270561353584	-0.0107273549362324
0.792889590035230	0.207110409964770	206.826174088095	0.0108925020120946	0.000530001692934510	1.38240720241968e-05	0	-0.000441828958404958	-0.0105587478140609
0.789744201963366	0.210255798036634	209.967245466576	0.0107335081542847	0.000510664784051728	1.24522758263148e-05	0	-0.000429685752873060	-0.0103939317904214
0.786581579905283	0.213418420094717	213.125527179558	0.0105781812358011	0.000494186218224331	1.11209795234499e-05	0	-0.000418760173494093	-0.0102332174844298
0.783401912497981	0.216598087502019	216.300830848924	0.0104261000924125	0.000481066738483727	1.00441096886110e-05	0	-0.000409745546822867	-0.0100766906449035
0.780205389290971	0.219794610709029	219.492967185297	0.0102767226724399	0.000472327339961019	9.37944793314821e-06	0	-0.000403170410038121	-0.00992402934805749
0.776992200735514	0.223007799264486	222.701745998790	0.0101295109642206	0.000467391115498259	9.30226232601660e-06	0	-0.000399158754290801	-0.00977561806107479
0.773762538173847	0.226237461826153	225.926976209762	0.00998391021840149	0.000465756269280489	9.30498840271529e-06	0	-0.000397593529498866	-0.00963126785917558
0.770516593828366	0.229483406171634	229.168465859620	0.00983946595649845	0.000466015209624279	8.85063100434829e-06	0	-0.000397768238407520	-0.00949036844036085
0.767254560790802	0.232745439209198	232.426022121631	0.00969590661731053	0.000466526561905996	8.17279399841087e-06	0	-0.000398707305082536	-0.00935273653883419
0.763976633011366	0.236023366988634	235.699451311758	0.00955308676139617	0.000468299364414876	7.59914148405152e-06	0	-0.000399575820850245	-0.00921816191078434
0.760683005287870	0.239316994712130	238.988558899527	0.00941104945989476	0.000473209934904964	7.24006710209926e-06	0	-0.000399225562475994	-0.00908630856794616
0.757373873254824	0.242626126745176	242.293149518915	0.00927041834383140	0.000480164450550093	7.36922057438119e-06	0	-0.000396388977854216	-0.00895732139975652
0.754049433372521	0.245950566627479	245.613026979249	0.00913221169104787	0.000485610783225986	8.17603428150330e-06	0	-0.000390636809612216	-0.00883162019583247
0.750709882916086	0.249290117083914	248.947994276142	0.00899730992862494	0.000487309794429289	9.28286900569064e-06	0	-0.000382944285380275	-0.00870907399949982
0.747355419964512	0.252644580035488	252.297853602442	0.00886639462548758	0.000486843157155178	9.99929574436866e-06	0	-0.000374995361182155	-0.00858904838524509
0.743986243389676	0.256013756610324	255.662406359202	0.00873963303232313	0.000487999195891782	9.98725528961019e-06	0	-0.000368262982582079	-0.00847112853797317
0.740602552845327	0.259397447154673	259.041453166674	0.00861651542433123	0.000491474144387746	9.73371208289110e-06	0	-0.000363259715742560	-0.00835541279484301
0.737204548756065	0.262795451243935	262.434793875320	0.00849636703362113	0.000494241337545140	1.00725409391615e-05	0	-0.000359851923027104	-0.00824230967592291
0.733792432306285	0.266207567693715	265.842227576847	0.00837869688166165	0.000494792443569682	1.10855036508354e-05	0	-0.000357781853754901	-0.00813171641981438
0.730366405429121	0.269633594570879	269.263552615252	0.00826345011969590	0.000493329002707864	1.21033147024561e-05	0	-0.000356346382868638	-0.00802338900960911
0.726926670795350	0.273073329204650	272.698566597901	0.00815089361487673	0.000490184876976792	1.25193553314236e-05	0	-0.000354573667776433	-0.00791721656004906
0.723473431802295	0.276526568197705	276.147066406612	0.00804092935318231	0.000486467098700129	1.22393454658292e-05	0	-0.000351783183706523	-0.00781310744710313
0.720006892562701	0.279993107437299	279.608848208760	0.00793298858878507	0.000483709742213013	1.15541025292263e-05	0	-0.000347538962072242	-0.00771099659011644
0.716527257893592	0.283472742106408	283.083707468410	0.00782667754532253	0.000483288417154359	1.08090739255784e-05	0	-0.000341551188785455	-0.00761077692801244
0.713034733305116	0.286965266694884	286.571438957455	0.00772190317224760	0.000484559019516706	1.02128092946099e-05	0	-0.000334075434398384	-0.00751242728972909
0.709529524989368	0.290470475010632	290.071836766774	0.00761863023460636	0.000485064119894352	9.79383272737737e-06	0	-0.000326021432537806	-0.00741582236935202
0.706011839809202	0.293988160190798	293.584694317411	0.00751702977230076	0.000482428095270470	9.50296726498780e-06	0	-0.000318152684946200	-0.00732129025169069
0.702481885287018	0.297518114712982	297.109804371765	0.00741719384030866	0.000477203937778116	9.18392631971102e-06	0	-0.000310638518863127	-0.00722885113093829
0.698939869593541	0.301060130406459	300.646959044804	0.00731883997123230	0.000472594435807906	8.78038502662338e-06	0	-0.000303263846185756	-0.00713838293759317
0.695386001536580	0.304613998463420	304.195949815283	0.00722182133182779	0.000469744677640353	8.45614401434622e-06	0	-0.000295945663859254	-0.00704994426860705
0.691820490549772	0.308179509450228	307.756567536990	0.00712655821594138	0.000468315266153488	8.10204980531658e-06	0	-0.000288616226028212	-0.00696331834023786
0.688243546681314	0.311756453318686	311.328602449995	0.00703365137586580	0.000468153309680642	7.54546158147473e-06	0	-0.000281171935208822	-0.00687839444299552
0.684655380582674	0.315344619417326	314.911844191927	0.00694314254598171	0.000467769949195446	7.19485022625352e-06	0	-0.000273796432169441	-0.00679535307903091
0.681056203497295	0.318943796502705	318.506081809250	0.00685442169376700	0.000466302335081806	7.41298768400655e-06	0	-0.000266991671722957	-0.00671415771130285
0.677446227249278	0.322553772750722	322.111103768567	0.00676685879856652	0.000465439609427756	7.73636118094195e-06	0	-0.000261123294047261	-0.00663430734358625
0.673825664232057	0.326174335767943	325.726697967932	0.00668027641901359	0.000466278958644968	7.66351390026014e-06	0	-0.000256208238579103	-0.00655540108446041
0.670194727397058	0.329805272602942	329.352651748170	0.00659481187051486	0.000467598471881182	7.47057708107031e-06	0	-0.000252132424221238	-0.00647757904979669
0.666553630242341	0.333446369757659	332.988751904223	0.00651057123109912	0.000468541944106943	7.38623942155523e-06	0	-0.000248562120750328	-0.00640104879165558
0.662902586801238	0.337097413198762	336.634784696497	0.00642751435173171	0.000469851782562517	6.89064856834806e-06	0	-0.000245145466938676	-0.00632551297011481
0.659241811630970	0.340758188369030	340.290535862225	0.00634580464894390	0.000472355382356241	5.78332610500603e-06	0	-0.000241735451632670	-0.00625080767252768
0.655571519801254	0.344428480198746	343.955790626851	0.00626596819086554	0.000475248399522355	4.96817558453490e-06	0	-0.000238473964782696	-0.00617746035047923
0.651891926882905	0.348108073117095	347.630333715405	0.00618843333919493	0.000476541272388089	5.29441990385923e-06	0	-0.000235931139050807	-0.00610569542243919
0.648203248936409	0.351796751063591	351.313949363922	0.00611302283156706	0.000476716395411142	6.48607779994119e-06	0	-0.000234768940943740	-0.00603509963877555
0.644505702500508	0.355494297499492	355.006421330834	0.00603876650277065	0.000478367231497059	7.70191096057844e-06	0	-0.000235212256739608	-0.00596529579408710
0.640799504580753	0.359200495419247	358.707532908405	0.00596465049447745	0.000482138073036843	8.45214091292315e-06	0	-0.000237171954843163	-0.00589631523455622
0.637084872638058	0.362915127361942	362.417066934163	0.00589054504020273	0.000487341716270171	8.67427739371051e-06	0	-0.000240363458673963	-0.00582840523300162
0.633362024577238	0.366637975422762	366.134805802343	0.00581680051232992	0.000494352634656225	8.39610574836632e-06	0	-0.000244017727184295	-0.00576136764501010
0.629631178735543	0.370368821264457	369.860531475338	0.00574330414742649	0.000503358300090170	7.80683898143018e-06	0	-0.000247351454435627	-0.00569501702920255
0.625892553871169	0.374107446128831	373.594025495173	0.00566963257671364	0.000513114182640786	7.30665704452412e-06	0	-0.000249788692813380	-0.00562962409964961
0.622146369151775	0.377853630848225	377.335068994973	0.00559579433799946	0.000522249510163454	7.16797230292964e-06	0	-0.000250809715052623	-0.00556528258472433
0.618392844142982	0.381607155857018	381.083442710445	0.00552215928299017	0.000529777852083072	7.40939902696134e-06	0	-0.000250161402750876	-0.00550194131905842
0.614632198796856	0.385367801203144	384.838926991384	0.00544907958596603	0.000534486001190731	7.77723504604776e-06	0	-0.000248007906940849	-0.00543957133978465
0.610864653440400	0.389135346559600	388.601301813160	0.00537694616144479	0.000536693187348437	7.85183406310057e-06	0	-0.000244944757355785	-0.00537809771684288
0.607090428764018	0.392909571235982	392.370346788242	0.00530613585762055	0.000539052794437089	7.47049654090727e-06	0	-0.000241431240626230	-0.00531753782875849
0.603309745809984	0.396690254190016	396.145841177713	0.00523675685361252	0.000543671956218559	6.94590793486300e-06	0	-0.000237805879118708	-0.00525795331803928
0.599522825960891	0.400477174039109	399.927563902801	0.00516859496387206	0.000550394756358534	6.80185002293858e-06	0	-0.000234499269270297	-0.00519942112402297
0.595729890928107	0.404270109071893	403.715293556414	0.00510123959187274	0.000557197603191446	7.23856334399627e-06	0	-0.000231809375931784	-0.00514182378337771
0.591931162740206	0.408068837259794	407.508808414686	0.00503411913219785	0.000562304051974891	7.91450836273409e-06	0	-0.000229526849959611	-0.00508522662592433
0.588126863731402	0.411873136268598	411.307886448532	0.00496687964438793	0.000566638114116687	8.27435924536825e-06	0	-0.000227414596415677	-0.00502968923177173
0.584317216529976	0.415682783470024	415.112305335204	0.00489960425758803	0.000572441440364474	7.85254996714083e-06	0	-0.000225606997471172	-0.00497498085965101
0.580502444046688	0.419497555953312	418.921842469862	0.00483257805292637	0.000581687058433957	6.57256543420598e-06	0	-0.000224740455893142	-0.00492086615234069
0.576682769463188	0.423317230536812	422.736274977147	0.00476625963613953	0.000594450493107707	4.98220938381900e-06	0	-0.000225469006402129	-0.00486749301194280
0.572858416220421	0.427141583779579	426.555379722763	0.00470124281192999	0.000609327764500852	3.79348832651961e-06	0	-0.000227921119506029	-0.00481504555313453
0.569029608007019	0.430970391992981	430.378933325065	0.00463782361491801	0.000625089044077832	3.37527900564669e-06	0	-0.000231758237382668	-0.00476339242878990
0.565196568747695	0.434803431252305	434.206712166652	0.00457574986827798	0.000639736500440237	3.72197657139873e-06	0	-0.000236232862918668	-0.00471251446854046
0.561359522591622	0.438640477408378	438.038492405969	0.00451458491816608	0.000651784862011166	4.55754470534544e-06	0	-0.000240452007017581	-0.00466244974190272
0.557518693900813	0.442481306099187	441.874049988917	0.00445428684941336	0.000660995162485938	5.56230115267328e-06	0	-0.000243552464157094	-0.00461331636874655
0.553674307238495	0.446325692761505	445.713160660456	0.00439524370220218	0.000667761964366525	6.56965784144171e-06	0	-0.000244980740030333	-0.00456512558551321
0.549826587357469	0.450173412642531	449.555599976233	0.00433776722465732	0.000672637500954460	7.47089693536630e-06	0	-0.000244514838391179	-0.00451778572920571
0.545975759188475	0.454024240811525	453.401143314200	0.00428178068040607	0.000676946054675524	8.09493306600659e-06	0	-0.000242549147779169	-0.00447115154444291
0.542122047828549	0.457877952171451	457.249565886242	0.00422691980361731	0.000682150270383012	8.32178511239049e-06	0	-0.000239832992064178	-0.00442524020392971
0.538265678529370	0.461734321470630	461.100642749813	0.00417293555224112	0.000687668023957836	8.19189761628778e-06	0	-0.000237247039974478	-0.00437982540867520
0.534406876685606	0.465593123314394	464.954148819573	0.00411986836317915	0.000692586354008854	7.80660335285645e-06	0	-0.000235686137798474	-0.00433494755341967
0.530545867823260	0.469454132176740	468.809858879030	0.00406771470056487	0.000698264401389015	7.21402706505066e-06	0	-0.000235720811018458	-0.00429064240166776
0.526682877588002	0.473317122411998	472.667547592185	0.00401617893338731	0.000705461401518423	6.53901192121349e-06	0	-0.000237375105349192	-0.00424690682960132
0.522818131733503	0.477181868266497	476.526989515190	0.00396476315909135	0.000713919568916686	6.11260408839833e-06	0	-0.000240247918999474	-0.00420365062223110
0.518951856109769	0.481048143890231	480.387959107993	0.00391298720170355	0.000724047467244019	6.18060891639663e-06	0	-0.000243673865510112	-0.00416083213305211
0.515084276651456	0.484915723348544	484.250230746008	0.00386069430508174	0.000735103846510809	6.50058124696773e-06	0	-0.000246923035746961	-0.00411834984206865
0.511215619366204	0.488784380633796	488.113578731765	0.00380821456920621	0.000745952092531905	6.72002047546600e-06	0	-0.000249479815267703	-0.00407618468116994
0.507346110322946	0.492653889677054	491.977777306586	0.00375603453635371	0.000755992125850371	6.78245171906890e-06	0	-0.000250969238194515	-0.00403464906798341
0.503475975640227	0.496524024359773	495.842600662247	0.00370445758680339	0.000764982825174393	6.67276215266912e-06	0	-0.000251472438002136	-0.00399385988481498
0.499605441474518	0.500394558525482	499.707822952652	0.00365369204092158	0.000773153413231939	6.36192240967991e-06	0	-0.000251331858318859	-0.00395388636529824
0.495734734008523	0.504265265991477	503.573218305509	0.00360390761984545	0.000781410310105819	5.83196210446524e-06	0	-0.000250877782290312	-0.00391453864327970
0.491864079439485	0.508135920560515	507.438560834003	0.00355528800966449	0.000790100085509317	5.17002851453141e-06	0	-0.000250335892027155	-0.00387563813127654
0.487993703967496	0.512006296032504	511.303624648478	0.00350794284846124	0.000798125709915847	4.68500894796510e-06	0	-0.000249938040771042	-0.00383728964020641
0.484123833783795	0.515876166216205	515.168183868116	0.00346172959869578	0.000804601424188073	4.54579990053837e-06	0	-0.000249883330456275	-0.00379945284517159
0.480254695059071	0.519745304940929	519.032012632624	0.00341627791577721	0.000810459528091251	4.72924240413640e-06	0	-0.000250184284213315	-0.00376198368214929
0.476386513931761	0.523613486068239	522.894885113912	0.00337105652447840	0.000816709104787429	5.31252061767152e-06	0	-0.000250580269587667	-0.00372494130700423
0.472519516496348	0.527480483503652	526.756575527788	0.00332567166445392	0.000823101959105524	6.23122265032546e-06	0	-0.000250970933449921	-0.00368821977756273
0.468653928791660	0.531346071208340	530.616858145638	0.00328012811881839	0.000829823757457172	7.14644916378377e-06	0	-0.000251698116776293	-0.00365155195213298
0.464789976789160	0.535210023210840	534.475507306117	0.00323460586284138	0.000837632179868142	7.73110794966283e-06	0	-0.000253118248531222	-0.00361497917929041
0.460927886381244	0.539072113618756	538.332297426843	0.00318923263873613	0.000847364073048448	7.82472207082421e-06	0	-0.000255411221002640	-0.00357863265300771
0.457067883369534	0.542932116630466	542.187003016080	0.00314416018867653	0.000858947032708375	7.63338525509876e-06	0	-0.000258372612156181	-0.00354257152904947
0.453210193453172	0.546789806546828	546.039398684435	0.00309958577156785	0.000870327775491882	7.66168103503346e-06	0	-0.000261680552555285	-0.00350696422564180
0.449355042217111	0.550644957782889	549.889259156543	0.00305564896726999	0.000880133602666338	8.02641819139902e-06	0	-0.000265152948655273	-0.00347186284681351
0.445502655120408	0.554497344879592	553.736359282765	0.00301235960560192	0.000889642684994143	8.35493477342713e-06	0	-0.000268648736777994	-0.00343698272958532
0.441653257484521	0.558346742515479	557.580474050872	0.00296959305823503	0.000900110058511293	8.53919967994396e-06	0	-0.000272135495549464	-0.00340244833399366
0.437807074481598	0.562192925518402	561.421378597739	0.00292703013774738	0.000911406942491952	8.89111984708806e-06	0	-0.000275722071807271	-0.00336843740379879
0.433964331122771	0.566035668877229	565.258848221038	0.00288415348950632	0.000922970925017492	9.62414181124324e-06	0	-0.000279446833964964	-0.00333493850411721
0.430125252246457	0.569874747753543	569.092658390915	0.00284066034494317	0.000934339175201390	1.05670083660585e-05	0	-0.000283160146229795	-0.00330190551953997
0.426290062506648	0.573709937493352	572.922584761693	0.00279675818818336	0.000945601054087570	1.12889687951571e-05	0	-0.000286385573584990	-0.00326921680015444
0.422458986361208	0.577541013638792	576.748403183549	0.00275293502876425	0.000957631239655353	1.15173960068240e-05	0	-0.000288678549065425	-0.00323680459500210
0.418632248060179	0.581367751939821	580.569889714202	0.00270959561748918	0.000970085068551481	1.14137159279996e-05	0	-0.000289828396227499	-0.00320476028767094
0.414810071634071	0.585189928365929	584.386820630596	0.00266687521955691	0.000980913933907856	1.13677951410193e-05	0	-0.000289870975982516	-0.00317309778828772
0.410992680882176	0.589007319117824	588.198972440580	0.00262473814715107	0.000988862619339825	1.16360313516109e-05	0	-0.000288956715515688	-0.00314186099644609
0.407180299360863	0.592819700639137	592.006121894591	0.00258319283684882	0.000994889136067925	1.21598701903124e-05	0	-0.000287342512181294	-0.00311115697039641
0.403373150371893	0.596626849628107	595.808045997324	0.00254226943707458	0.00100122253786723	1.26604904720530e-05	0	-0.000285558039437503	-0.00308093720850012
0.399571456950723	0.600428543049277	599.604522019414	0.00250184843782231	0.00100877382874526	1.28887768641294e-05	0	-0.000284213313015731	-0.00305103501360687
0.395775441854823	0.604224558145177	603.395327509100	0.00246168489324654	0.00101729911926391	1.27537824249021e-05	0	-0.000283737366085441	-0.00302133903997928
0.391985327551991	0.608014672448009	607.180240303897	0.00242167642990180	0.00102712084480175	1.23227788908293e-05	0	-0.000284292067432432	-0.00299183756702637
0.388201336208670	0.611798663791330	610.959038542260	0.00238201206002047	0.00103812768988476	1.18008142306882e-05	0	-0.000285830473537555	-0.00296257144335523
0.384423689678278	0.615576310321722	614.731500675241	0.00234296273026642	0.00104958656620448	1.13764106103064e-05	0	-0.000288091388378917	-0.00293370132419439
0.380652609489528	0.619347390510472	618.497405478149	0.00230462909600535	0.00106124265682136	1.10992385518541e-05	0	-0.000290703995016541	-0.00290524364728714
0.376888316834764	0.623111683165236	622.256532062202	0.00226693375802061	0.00107307958578858	1.11184052908274e-05	0	-0.000293421807115120	-0.00287715769266540
0.373131032558295	0.626868967441705	626.008659886176	0.00222964896021611	0.00108445960582855	1.16717660027535e-05	0	-0.000296094082697104	-0.00284952777599001
0.369380977144738	0.630619022855262	629.753568768044	0.00219253041382710	0.00109501347709733	1.25699243754632e-05	0	-0.000298764987578937	-0.00282235467770216
0.365638370707360	0.634361629292640	633.491038896619	0.00215552988618521	0.00110562473355310	1.32617579523032e-05	0	-0.000301524245356620	-0.00279552439376835
0.361903432976434	0.638096567023566	637.220850843185	0.00211873820727281	0.00111724191988148	1.34623323068868e-05	0	-0.000304314340833192	-0.00276905147565360
0.358176383287593	0.641823616712407	640.942785573121	0.00208213379915254	0.00113009043875351	1.33523243495517e-05	0	-0.000307065845769183	-0.00274293693748402
0.354457440570193	0.645542559429807	644.656624457528	0.00204554239536466	0.00114339120149898	1.32762307726231e-05	0	-0.000309587049142983	-0.00271720408902336
0.350746823335682	0.649253176664318	648.362149284840	0.00200886292037976	0.00115602364747461	1.33367535932236e-05	0	-0.000311782351228846	-0.00269186096926242
0.347044749665977	0.652955250334023	652.059142272434	0.00197224103432854	0.00116771078134213	1.33015218623255e-05	0	-0.000313764241732627	-0.00266693041526435
0.343351437201842	0.656648562798158	655.747386078232	0.00193599881641201	0.00117948656815322	1.29906051384944e-05	0	-0.000315702246284221	-0.00264238536170939
0.339667103131283	0.660332896868717	659.426663812295	0.00190048078509959	0.00119199481118370	1.26377247948334e-05	0	-0.000317657734093327	-0.00261827146116979
0.335991964177940	0.664008035822060	663.096759048413	0.00186592379098335	0.00120444870181742	1.26427722315056e-05	0	-0.000319522592724784	-0.00259465556122153
0.332326236589492	0.667673763410508	666.757455835681	0.00183234701304648	0.00121601695298376	1.31029819955878e-05	0	-0.000321247934986998	-0.00257153601299329
0.328670136126073	0.671329863873927	670.408538710073	0.00179956706647466	0.00122646733762905	1.37150844298615e-05	0	-0.000322897469062739	-0.00254879415013484
0.325023878048688	0.674976121951312	674.049792706005	0.00176731632219544	0.00123629928977867	1.41009803824372e-05	0	-0.000324569556628702	-0.00252622544021989
0.321387677107645	0.678612322892355	677.681003367890	0.00173533483925790	0.00124577652239154	1.42368678871977e-05	0	-0.000326212689680163	-0.00250388905644882
0.317761747530993	0.682238252469007	681.301956761683	0.00170341656055769	0.00125468463275108	1.43418221107532e-05	0	-0.000327618597389370	-0.00248195373772198
0.314146303012970	0.685853696987030	684.912439486418	0.00167145411123754	0.00126362450729074	1.44402743109116e-05	0	-0.000328607344951572	-0.00246045522370581
0.310541556702459	0.689458443297541	688.512238685734	0.00163944364451833	0.00127349531047570	1.43752075220549e-05	0	-0.000329145778273898	-0.00243932708890136
0.306947721191458	0.693052278808542	692.101142059392	0.00160746704630486	0.00128425847483538	1.41267230541036e-05	0	-0.000329500579815953	-0.00241852149798346
0.303365008503555	0.696634991496445	695.678937874783	0.00157565487645619	0.00129538791556035	1.38924155178046e-05	0	-0.000330062311481465	-0.00239807650133312
0.299793630082419	0.700206369917581	699.245414978420	0.00154409340986152	0.00130638099965650	1.37782623297052e-05	0	-0.000330938075917132	-0.00237793853983025
0.296233796780298	0.703766203219702	702.800362807428	0.00151279039966648	0.00131705231610278	1.35912623807614e-05	0	-0.000331871684228209	-0.00235793844517279
0.292685718846532	0.707314281153468	706.343571401008	0.00148171422334995	0.00132765979349274	1.32010877251939e-05	0	-0.000332490264383070	-0.00233812186157939
0.289149605916075	0.710850394083925	709.874831411909	0.00145080325347688	0.00133827829331285	1.27731720085364e-05	0	-0.000332520690453463	-0.00231874982011796
0.285625666998030	0.714374333001970	713.393934117869	0.00141995128463826	0.00134868886439981	1.24095889331145e-05	0	-0.000331863594057911	-0.00229984603346375
0.282114110464196	0.717885889535804	716.900671433055	0.00138904135908274	0.00135853266581800	1.20178028687476e-05	0	-0.000330418757601400	-0.00228121727399654
0.278615144037633	0.721384855962367	720.394835919484	0.00135804886874090	0.00136745239106815	1.16141684004767e-05	0	-0.000328051207824273	-0.00226285911452445
0.275128974781231	0.724871025218769	723.876220798437	0.00132711118852949	0.00137535592606830	1.13759316707894e-05	0	-0.000324750184458979	-0.00224490659663146
0.271655809086303	0.728344190913697	727.344619961850	0.00129647704205469	0.00138256281528156	1.14346808601133e-05	0	-0.000320717269726605	-0.00222737209633555
0.268195852661185	0.731804147338815	730.799827983699	0.00126635652893225	0.00138958742421355	1.18098252078110e-05	0	-0.000316307607360283	-0.00221015587720959
0.264749310519851	0.735250689480149	734.241640131368	0.00123681076054992	0.00139653117969897	1.24633838232607e-05	0	-0.000311865011568265	-0.00219317023387693
0.261316386970551	0.738683613029449	737.669852376998	0.00120781551367160	0.00140298706404668	1.33268736788634e-05	0	-0.000307655884536037	-0.00217642218735075
0.257897285604454	0.742102714395546	741.084261408826	0.00117937406251771	0.00140865009007597	1.42959772235212e-05	0	-0.000303910917011773	-0.00215993579528651
0.254492209284309	0.745507790715691	744.484664642509	0.00115150676583976	0.00141391588374509	1.52376217092783e-05	0	-0.000300817750226689	-0.00214368951511992
0.251101360133135	0.748898639866865	747.870860232419	0.00112419619390347	0.00141976882814713	1.59789751463535e-05	0	-0.000298543311824744	-0.00212763420192354
0.247724939522905	0.752275060477095	751.242647082944	0.00109737812751364	0.00142731518827437	1.63454596526265e-05	0	-0.000297265055039748	-0.00211166957987468
0.244363148063271	0.755636851936729	754.599824859746	0.00107095214116903	0.00143728509185589	1.63486075852621e-05	0	-0.000297135830729189	-0.00209575542009265
0.241016185590289	0.758983814409711	757.942194001022	0.00104482496934900	0.00144917429212406	1.62285245356268e-05	0	-0.000298147838901731	-0.00208002013072146
0.237684251155170	0.762315748844830	761.269555728737	0.00101896217590407	0.00146142685132439	1.61700272721064e-05	0	-0.000300061899649472	-0.00206460183684684
0.234367543013051	0.765632456986949	764.581712059836	0.000993391072413177	0.00147312830559415	1.61355876742695e-05	0	-0.000302505584200767	-0.00204950020432556
0.231066258611781	0.768933741388219	767.878465817445	0.000968159787159501	0.00148443034108806	1.60745800583462e-05	0	-0.000305106239625485	-0.00203461829716100
0.227780594580726	0.772219405419274	771.159620642051	0.000943307006129990	0.00149559915245842	1.60827560674704e-05	0	-0.000307626741043112	-0.00201996397309174
0.224510746719602	0.775489253280398	774.424981002650	0.000918854806647923	0.00150657936264058	1.62266214978381e-05	0	-0.000309943716163714	-0.00200554838769383
0.221256909987317	0.778743090012683	777.674352207894	0.000894798416139011	0.00151733625339264	1.63922423307786e-05	0	-0.000311986807563999	-0.00199128260185611
0.218019278490844	0.781980721509156	780.907540417200	0.000871113479311110	0.00152800358086624	1.64286724428698e-05	0	-0.000313685389961646	-0.00197708258994621
0.214798045474110	0.785201954525890	784.124352651847	0.000847786654696459	0.00153858381584589	1.63320129796126e-05	0	-0.000314973851709956	-0.00196294681966117
0.211593403306909	0.788406596693091	787.324596806046	0.000824819883549496	0.00154897553047213	1.62324093245187e-05	0	-0.000315863736721352	-0.00194896543048776
0.208405543473838	0.791594456526162	790.508081657992	0.000802206673607706	0.00155884684254485	1.62694093911132e-05	0	-0.000316427981448607	-0.00193522508898043
0.205234656563255	0.794765343436745	793.674616880888	0.000779934325796575	0.00156758074970388	1.64784578559283e-05	0	-0.000316749240072677	-0.00192175593401291
0.202080932256261	0.797919067743739	796.824013053949	0.000758018895338683	0.00157499576068024	1.68023510601880e-05	0	-0.000316878732461044	-0.00190854191711639
0.198944559315707	0.801055440684293	799.956081673381	0.000736515875981069	0.00158156851486645	1.72261826564417e-05	0	-0.000316766987886753	-0.00189563272794587
0.195825725575225	0.804174274424775	803.070635163331	0.000715475569163786	0.00158791948875643	1.77848367112502e-05	0	-0.000316298301767637	-0.00188309342322532
0.192724617928286	0.807275382071714	806.167486886819	0.000694896716683052	0.00159442527568126	1.84385178953243e-05	0	-0.000315397056208038	-0.00187092080937238
0.189641422317281	0.810358577682719	809.246451156639	0.000674733467363099	0.00160110659991961	1.90745022160137e-05	0	-0.000314084834507034	-0.00185906887858724
0.186576323722628	0.813423676277372	812.307343246239	0.000654930783677179	0.00160765956772562	1.95973209393185e-05	0	-0.000312513430368978	-0.00184753305622525
0.183529506151914	0.816470493848086	815.349979400560	0.000635451821110498	0.00161381186634101	1.99249102765388e-05	0	-0.000310939128532336	-0.00183630494344660
0.180501152629053	0.819498847370947	818.374176846869	0.000616287713441976	0.00161980272936213	1.99779386137742e-05	0	-0.000309636748797069	-0.00182531917446269
0.177491445183478	0.822508554816522	821.379753805549	0.000597439938613090	0.00162612746969562	1.97421336415660e-05	0	-0.000308790891333985	-0.00181450954034031
0.174500564839367	0.825499435160633	824.366529500855	0.000578882489276138	0.00163318248306766	1.92793653790083e-05	0	-0.000308456838005811	-0.00180383250848550
0.171528691604886	0.828471308395114	827.334324171664	0.000560556537704344	0.00164115795238091	1.87101121891451e-05	0	-0.000308623516873846	-0.00179324707708389
0.168576004461474	0.831423995538526	830.282959082169	0.000542421043466610	0.00164977876189813	1.82096580190066e-05	0	-0.000309244568048929	-0.00178278560051042
0.165642681353152	0.834357318646848	833.212256532556	0.000524498475812705	0.00165846018032590	1.79005995949720e-05	0	-0.000310218717554809	-0.00177254025296035
0.162728899175862	0.837271100824138	836.122039869654	0.000506853804680493	0.00166679166926852	1.77594877633188e-05	0	-0.000311392596975326	-0.00176253697764910
0.159834833766845	0.840165166233155	839.012133497538	0.000489541590323687	0.00167471901794934	1.77039506270192e-05	0	-0.000312586862660980	-0.00175277696741277
0.156960659894045	0.843039340105955	841.882362888114	0.000472591524164105	0.00168248015796687	1.76826041697566e-05	0	-0.000313640834387535	-0.00174329668756724
0.154106551245546	0.845893448754454	844.732554591666	0.000456032096396858	0.00169043554983074	1.76844941629259e-05	0	-0.000314466220400565	-0.00173411222869358
0.151272680419049	0.848727319580951	847.562536247363	0.000439898126707427	0.00169858720941151	1.77985687794275e-05	0	-0.000315016468230969	-0.00172522729147631
0.148459218911375	0.851540781088625	850.372136593745	0.000424208709974440	0.00170618171428962	1.81890472630220e-05	0	-0.000315252360424741	-0.00171669494209241
0.145666337108011	0.854333662891989	853.161185479160	0.000408953330599103	0.00171231540196726	1.88644427129808e-05	0	-0.000315107346899089	-0.00170854672834705
0.142894204272683	0.857105795727317	855.929513872177	0.000394105612202575	0.00171693877298229	1.95846299676081e-05	0	-0.000314471546628116	-0.00170070541121140
0.140142988536976	0.859857011463024	858.676953871953	0.000379644045005069	0.00172076682016447	2.00990664056998e-05	0	-0.000313247161916207	-0.00169307253685432
0.137412856889981	0.862587143110019	861.403338718571	0.000365557044819427	0.00172433555784501	2.03626121117930e-05	0	-0.000311401753068580	-0.00168560416277277
0.134703975167984	0.865296024832016	864.108502803337	0.000351836449804200	0.00172762441308663	2.05019683268864e-05	0	-0.000308999220800597	-0.00167831023199578
0.132016508044196	0.867983491955804	866.792281679035	0.000338472934912971	0.00173041028422209	2.06735249164830e-05	0	-0.000306163083709083	-0.00167124486518115
0.129350619018518	0.870649380981482	869.454512070150	0.000325454964108261	0.00173265403810493	2.09511259995820e-05	0	-0.000303009945829044	-0.00166443767584619
0.126706470407344	0.873293529592656	872.095031883048	0.000312770770266083	0.00173460268159433	2.13141228089919e-05	0	-0.000299632559102804	-0.00165786431619393
0.124084223333413	0.875915776666587	874.713680216114	0.000300413454612333	0.00173650133016114	2.17021898180372e-05	0	-0.000296090108316935	-0.00165150891305067
0.121484037715691	0.878515962284309	877.310297369852	0.000288383742488177	0.00173835002551629	2.20352727973915e-05	0	-0.000292408692289945	-0.00164535623322759
0.118906072259304	0.881093927740696	879.884724856942	0.000276688497348667	0.00174004443752348	2.22466087223882e-05	0	-0.000288616417674537	-0.00163937415871193
0.116350484445512	0.883649515554488	882.436805412249	0.000265337639955323	0.00174147755213766	2.23515828132382e-05	0	-0.000284768170134709	-0.00163356041880487
0.113817430521716	0.886182569478284	884.966383002804	0.000254337138204319	0.00174255674453252	2.24382628942024e-05	0	-0.000280954654413044	-0.00162793403675068
0.111307065491528	0.888692934508472	887.473302837721	0.000243679681832996	0.00174331333560143	2.25882363303861e-05	0	-0.000277297001807176	-0.00162250319323727
0.108819543104865	0.891180456895135	889.957411378086	0.000233343533415554	0.00174394208618956	2.28242303962407e-05	0	-0.000273929298478661	-0.00161726704610918
0.106355015848106	0.893644984151894	892.418556346791	0.000223300304416701	0.00174473362999777	2.31050892717423e-05	0	-0.000270985823708114	-0.00161221900745553
0.103913634934285	0.896086365065715	894.856586738326	0.000213521382878015	0.00174604309887626	2.33481729041678e-05	0	-0.000268578589926239	-0.00160734068937650
0.101495550293332	0.898504449706668	897.271352828522	0.000203981851133207	0.00174824058183040	2.34711111160933e-05	0	-0.000266781317910660	-0.00160261045708572
0.0991009105623650	0.900899089437635	899.662706184249	0.000194666222280383	0.00175155476713163	2.34470715922670e-05	0	-0.000265631788482326	-0.00159803249384703
0.0967298630760300	0.903270136923970	902.030499673061	0.000185571937309888	0.00175596718678117	2.33211510035115e-05	0	-0.000265138696252505	-0.00159364053429183
0.0943825538568864	0.905617446143114	904.374587472799	0.000176705535920995	0.00176122356723388	2.31565788190758e-05	0	-0.000265278855572321	-0.00158945710825126
0.0920591276058468	0.907940872394153	906.694825081136	0.000168073926821147	0.00176696082502739	2.29828089411042e-05	0	-0.000265998367481164	-0.00158546948004431
0.0897597276926650	0.910240272307335	908.991069325077	0.000159678252606971	0.00177288685356073	2.28039910048535e-05	0	-0.000267219340747828	-0.00158165916579602
0.0874844961464766	0.912515503853523	911.263178370406	0.000151515738464726	0.00177884470660440	2.26307011983901e-05	0	-0.000268851436774439	-0.00157802834291606
0.0852335736463911	0.914766426353609	913.511011731079	0.000143586929972162	0.00178472999097010	2.24893950051837e-05	0	-0.000270809188141483	-0.00157459430462807
0.0830070995121384	0.916992900487862	915.734430278568	0.000135900413111697	0.00179044255334752	2.24081592069303e-05	0	-0.000273030904563369	-0.00157136844602331
0.0808052116947669	0.919194788305233	917.933296251145	0.000128471272830077	0.00179601242791085	2.23956619125375e-05	0	-0.000275493276037879	-0.00156834010307108
0.0786280467673990	0.921371953232601	920.107473263121	0.000121316232939976	0.00180168930790080	2.24268995837274e-05	0	-0.000278205530932074	-0.00156547640484235
0.0764757399160395	0.923524260083961	922.256826314018	0.000114449126345828	0.00180779540873889	2.24529659855485e-05	0	-0.000281190074282500	-0.00156273471040808
0.0743484249304427	0.925651575069557	924.381221797693	0.000107878037501926	0.00181451806720096	2.24392036260762e-05	0	-0.000284464839603216	-0.00156008331772374
0.0722462341950334	0.927753765804967	926.480527511404	0.000101604563124437	0.00182183326254613	2.23869064443333e-05	0	-0.000288029791136101	-0.00155750988572037
0.0701692986798893	0.929830701320111	928.554612664816	9.56249945630703e-05	0.00182956263176794	2.23092948021656e-05	0	-0.000291863937171559	-0.00155501191193471
0.0681177479317799	0.931882252068220	930.603347888947	8.99321674496545e-05	0.00183745770636597	2.22062419660954e-05	0	-0.000295931800206415	-0.00155259002760116
0.0660917100652639	0.933908289934736	932.626605245061	8.45168093508636e-05	0.00184524848641097	2.20703355437987e-05	0	-0.000300192248160775	-0.00155025060732866
0.0640913117538501	0.935908688246150	934.624258233496	7.93684323580973e-05	0.00185270692451355	2.19009294568676e-05	0	-0.000304605491482638	-0.00154800286030403
0.0621166782212164	0.937883321778784	936.596181802428	7.44757548916505e-05	0.00185970364642305	2.17052746902276e-05	0	-0.000309129798455645	-0.00154585268685080
0.0601679332324919	0.939832066767508	938.542252356582	6.98264427104062e-05	0.00186622522082054	2.14871086370775e-05	0	-0.000313712656112690	-0.00154379913169268
0.0582451990856020	0.941754800914398	940.462347765873	6.54073436511562e-05	0.00187237679902662	2.12378258106485e-05	0	-0.000318288885617676	-0.00154183318619859
0.0563485966026763	0.943651403397324	942.356347373987	6.12061074305127e-05	0.00187834234398460	2.09432499535570e-05	0	-0.000322785775363712	-0.00153994622700851
0.0544782451215212	0.945521754878479	944.224132006894	5.72126845207939e-05	0.00188430164014269	2.05945148873664e-05	0	-0.000327133174512238	-0.00153813266030034
0.0526342624871584	0.947365737512842	946.065583981302	5.34189725837043e-05	0.00189035640045253	2.01953119570645e-05	0	-0.000331275051232232	-0.00153638805654486
0.0508167650434277	0.949183234956572	947.880587113041	4.98170931372880e-05	0.00189648576566724	1.97723198315178e-05	0	-0.000335176923125406	-0.00153471154200400
0.0490258676246587	0.950974132375341	949.669026725377	4.63980726269954e-05	0.00190254792436085	1.93780878689123e-05	0	-0.000338826492926673	-0.00153310909061903
0.0472616835474092	0.952738316452591	951.430789657268	4.31519325038406e-05	0.00190834878397927	1.90695895042240e-05	0	-0.000342229169281639	-0.00153159357644708
0.0455243246022710	0.954475675397729	953.165764271542	4.00687804254374e-05	0.00191373512249376	1.88750931488798e-05	0	-0.000345402173661532	-0.00153017950544690
0.0438139010457482	0.956186098954252	954.873840463008	3.71398933281752e-05	0.00191864633205591	1.87813680195526e-05	0	-0.000348371532495690	-0.00152887421949855
0.0421305215922023	0.957869478407798	956.554909666505	3.43581592000690e-05	0.00192311353420405	1.87521430552309e-05	0	-0.000351171153344607	-0.00152767567098726
0.0404742934058703	0.959525706594130	958.208864864866	3.17178908015040e-05	0.00192723173648557	1.87540067701833e-05	0	-0.000353839493517678	-0.00152657723790247
0.0388453220929547	0.961154677907045	959.835600596822	2.92143956946154e-05	0.00193111675679346	1.87666431160982e-05	0	-0.000356412545103689	-0.00152557146277606
0.0372437116937855	0.962756288306215	961.435012964825	2.68436626338288e-05	0.00193485000697966	1.87825523473833e-05	0	-0.000358916171820797	-0.00152465321584062
0.0356695646750560	0.964330435324944	963.006999642807	2.46022454828311e-05	0.00193843776340555	1.88076955008388e-05	0	-0.000361361898087503	-0.00152382194768155
0.0341229819221338	0.965877018077866	964.551459883854	2.24871920311774e-05	0.00194181427268670	1.88599926146780e-05	0	-0.000363747092148113	-0.00152307972903917
0.0326040627314459	0.967395937268554	966.068294527812	2.04958805490934e-05	0.00194488381082536	1.89602817788851e-05	0	-0.000366057318463791	-0.00152242636761548
0.0311129048029407	0.968887095197059	967.557406008816	1.86257707596592e-05	0.00194757330552556	1.91206089568478e-05	0	-0.000368268852586997	-0.00152185621031647
0.0296496042326278	0.970350395767372	969.018698362736	1.68741453890126e-05	0.00194986947819239	1.93386965884843e-05	0	-0.000370351288269993	-0.00152135926650899
0.0282142555051929	0.971785744494807	970.452077234556	1.52379289343637e-05	0.00195182321471997	1.96007219065067e-05	0	-0.000372270697801384	-0.00152092489937188
0.0268069514866951	0.973193048513305	971.857449885666	1.37136571279319e-05	0.00195352044321217	1.98875947240516e-05	0	-0.000373993418303454	-0.00152054460622018
0.0254277834173406	0.974572216582659	973.234725201077	1.22975805603836e-05	0.00195504163588752	2.01802912641303e-05	0	-0.000375490046129198	-0.00152021269725018
0.0240768409043386	0.975923159095661	974.583813696555	1.09857945688390e-05	0.00195643617916443	2.04632881330351e-05	0	-0.000376738986120211	-0.00151992560596253
0.0227542119148381	0.977245788085162	975.904627525676	9.77431333058765e-06	0.00195771854664312	2.07268077863753e-05	0	-0.000377729037103106	-0.00151968070686569
0.0214599827689462	0.978540017231054	977.197080486797	8.65908811422647e-06	0.00195887575367329	2.09686849504403e-05	0	-0.000378460371532370	-0.00151947627838371
0.0201942381328298	0.979805761867170	978.461088029948	7.63599712595861e-06	0.00195987651725012	2.11948554418873e-05	0	-0.000378943386469706	-0.00151931254770311
0.0189570610119018	0.981042938988098	979.696567263630	6.70082150510637e-06	0.00196068163456994	2.14159070370802e-05	0	-0.000379195890383989	-0.00151919137902968
0.0177485327440904	0.982251467255910	980.903436961543	5.84922267727853e-06	0.00196125613700922	2.16403266423629e-05	0	-0.000379239990083257	-0.00151911408444037
0.0165687329931947	0.983431267006805	982.081617569216	5.07674412400137e-06	0.00196157890414582	2.18698041499010e-05	0	-0.000379099894656166	-0.00151907974064939
0.0154177397423275	0.984582260257673	983.231031210562	4.37884965177788e-06	0.00196164618058048	2.21006548591857e-05	0	-0.000378800899145638	-0.00151908557471466
0.0142956292874432	0.985704370712557	984.351601694331	3.75098602928299e-06	0.00196147145757363	2.23289778121127e-05	0	-0.000378368995534271	-0.00151912813740567
0.0132024762309563	0.986797523769044	985.443254520495	3.18864435955625e-06	0.00196108540723061	2.25537702428261e-05	0	-0.000377830514232946	-0.00151920315975960
0.0121383534754463	0.987861646524554	986.505916886523	2.68740279967330e-06	0.00196053430331653	2.27756921416220e-05	0	-0.000377211677640227	-0.00151930402328000
0.0111033322174536	0.988896667782546	987.539517693585	2.24295269340791e-06	0.00195987309202636	2.29945175931517e-05	0	-0.000376538219899003	-0.00151942105019992
0.0100974819413664	0.989902518058634	988.543987552651	1.85112179011501e-06	0.00195915465805384	2.32088920085869e-05	0	-0.000375835058395171	-0.00151954320954063
0.00912087041339739	0.990879129586603	989.519258790512	1.50790369982746e-06	0.00195842197493065	2.34181616355140e-05	0	-0.000375125827381151	-0.00151966097369462
0.00817356367565411	0.991826436324346	990.465265455694	1.20949047982283e-06	0.00195770694780855	2.36235455404702e-05	0	-0.000374432195203908	-0.00151976801842479
0.00725562604030164	0.992744373959698	991.381943324294	9.52297885508320e-07	0.00195703311306541	2.38273133454985e-05	0	-0.000373773094220683	-0.00151986121500595
0.00636712008381921	0.993632879916181	992.269229905713	7.32974491676998e-07	0.00195641763346558	2.40308956892752e-05	0	-0.000373164074734611	-0.00151993981427421
0.00550810664135135	0.994491893358649	993.127064448293	5.48392697978032e-07	0.00195587151631882	2.42333195835176e-05	0	-0.000372616936933087	-0.00152000454477948
0.00467864480115515	0.995321355198845	993.955387944872	3.95626065058976e-07	0.00195539981024427	2.44306440265165e-05	0	-0.000372139682299362	-0.00152005684923731
0.00387879189914286	0.996121208100857	994.754143138223	2.71920456827038e-07	0.00195500305351550	2.46164397935632e-05	0	-0.000371736739763865	-0.00152009833952111
0.00310860351352288	0.996891396486477	995.523274526414	1.74665975304119e-07	0.00195467947065806	2.47830231917007e-05	0	-0.000371409385675315	-0.00152013049216480
0.00236813345953710	0.997631866540463	996.262728368056	1.01374111076069e-07	0.00195442666231816	2.49229839506765e-05	0	-0.000371156271094716	-0.00152015453508236
0.00165743378429843	0.998342566215702	996.972452687468	4.96616943160506e-08	0.00195424210686282	2.50305543264478e-05	0	-0.000370973981211193	-0.00152017145518771
0.000976554761726947	0.999023445238273	997.652397279723	1.72412080988251e-08	0.00195412273675861	2.50956682056772e-05	0	-0.000370857580871525	-0.00152018206636545
0.000325544887587024	0.999674455112413	998.302513715613	1.91625061846326e-09	0.00195389248665806	2.51578575418394e-05	0	-0.000370635050661859	-0.00152018708762582
