# Postprocessed results of turbulent pipe flow 
# Reynolds stress transporation term: k 
# ------------------------------------------------------------------
# uTau = 0.0264811 
# nu = 2.65252e-05 
# ------------------------------------------------------------------
# r	 1-r	 y+	 production	 Turbulent_Transport	 Viscous_Transport	  Pressure_Strain	 Pressure_Transport	 Viscous_Dissipation	 
# ------------------------------------------------------------------
1	0	0	0	 -5.16988e-26	0	8.30202e-06	 -5.42101e-20	  -1.18943e-48	 
0.999903	9.7e-05	0.0968387	0	 -2.79783e-12	1.00215e-07	8.30202e-06	 -8.69117e-06	  -2.57551e-08	 
0.999776	0.0002245	0.224127	0	 -4.97678e-11	2.62605e-07	1.7951e-05	 -1.82119e-05	  -1.27643e-07	 
0.999618	0.0003823	0.381664	0	 -4.0394e-10	5.81001e-07	2.83303e-05	 -2.82854e-05	  -3.38885e-07	 
0.999429	0.0005705	0.569552	0	 -2.07498e-09	1.05588e-06	3.84502e-05	 -3.81736e-05	  -6.7457e-07	 
0.999211	0.0007891	0.787788	0	 -7.79457e-09	1.68126e-06	4.76257e-05	 -4.72738e-05	  -1.14036e-06	 
0.998962	0.001038	1.03627	0	 -2.34659e-08	2.39064e-06	5.53803e-05	 -5.48235e-05	  -1.72099e-06	 
0.998683	0.0013172	1.31501	0	 -5.92315e-08	3.14814e-06	6.14418e-05	 -6.06284e-05	  -2.39134e-06	 
0.998373	0.0016268	1.6241	0	 -1.29695e-07	3.87458e-06	6.59605e-05	 -6.48179e-05	  -3.09631e-06	 
0.998034	0.0019665	1.96323	0	 -2.51794e-07	4.51908e-06	6.84006e-05	 -6.7808e-05	  -3.84432e-06	 
0.997663	0.0023366	2.33272	0	 -4.43999e-07	5.01052e-06	6.91177e-05	 -6.86465e-05	  -4.56802e-06	 
0.997263	0.0027368	2.73225	0	 -7.15431e-07	5.37172e-06	6.88705e-05	 -6.83494e-05	  -5.31883e-06	 
0.996833	0.0031672	3.16193	0	 -1.09359e-06	5.56749e-06	6.67955e-05	 -6.74248e-05	  -6.04479e-06	 
0.996372	0.0036278	3.62177	0	 -1.579e-06	5.63667e-06	6.46044e-05	 -6.50061e-05	  -6.81959e-06	 
0.995882	0.0041184	4.11155	0	 -2.17916e-06	5.68821e-06	6.10137e-05	 -6.23287e-05	  -7.63582e-06	 
0.995361	0.0046391	4.63139	0	 -3.0054e-06	5.64024e-06	5.783e-05	 -5.91131e-05	  -8.52354e-06	 
0.99481	0.0051899	5.18127	0	 -4.08139e-06	5.56494e-06	5.42614e-05	 -5.65165e-05	  -9.55095e-06	 
0.994229	0.0057706	5.76101	0	 -5.46922e-06	5.42539e-06	5.13099e-05	 -5.36885e-05	  -1.06099e-05	 
0.993619	0.0063813	6.37069	0	 -7.1462e-06	5.28454e-06	4.90502e-05	 -5.1743e-05	  -1.18667e-05	 
0.992978	0.0070218	7.01013	0	 -9.06641e-06	5.12977e-06	4.90116e-05	 -5.1792e-05	  -1.31248e-05	 
0.992308	0.0076923	7.67951	0	 -1.11207e-05	4.9743e-06	5.34301e-05	 -5.46885e-05	  -1.4575e-05	 
0.991607	0.0083925	8.37855	0	 -1.31776e-05	4.83876e-06	6.29265e-05	 -6.07406e-05	  -1.59624e-05	 
0.990877	0.0091225	9.10733	0	 -1.50118e-05	4.71189e-06	6.9105e-05	 -6.61161e-05	  -1.73952e-05	 
0.990118	0.0098822	9.86577	0	 -1.65949e-05	4.58024e-06	6.99459e-05	 -6.8362e-05	  -1.88536e-05	 
0.989329	0.0106715	10.6538	0	 -1.78343e-05	4.48673e-06	6.87476e-05	 -6.77859e-05	  -2.02194e-05	 
0.98851	0.0114905	11.4714	0	 -1.89435e-05	4.56592e-06	6.77163e-05	 -6.65281e-05	  -2.14503e-05	 
0.987661	0.0123389	12.3184	0	 -2.00462e-05	4.71808e-06	6.75308e-05	 -6.53521e-05	  -2.27759e-05	 
0.986783	0.0132169	13.1949	0	 -2.13784e-05	4.80519e-06	6.79077e-05	 -6.46478e-05	  -2.37271e-05	 
0.985876	0.0141243	14.1008	0	 -2.28648e-05	4.81372e-06	6.88066e-05	 -6.41068e-05	  -2.46588e-05	 
0.984939	0.015061	15.036	0	 -2.5061e-05	4.78459e-06	6.96865e-05	 -6.31297e-05	  -2.55621e-05	 
0.983973	0.016027	16.0004	0	 -2.82096e-05	4.69995e-06	7.01532e-05	 -6.23418e-05	  -2.63272e-05	 
0.982978	0.0170223	16.994	0	 -3.18794e-05	4.49955e-06	7.14667e-05	 -6.16942e-05	  -2.71246e-05	 
0.981953	0.0180467	18.0167	0	 -3.55964e-05	4.11905e-06	7.15277e-05	 -6.14646e-05	  -2.78374e-05	 
0.9809	0.0191002	19.0684	0	 -3.85882e-05	3.59258e-06	7.13471e-05	 -6.22123e-05	  -2.86352e-05	 
0.979817	0.0201827	20.1491	0	 -4.03613e-05	3.08031e-06	7.05865e-05	 -6.23232e-05	  -2.93187e-05	 
0.978706	0.0212941	21.2587	0	 -4.12342e-05	2.79024e-06	6.85666e-05	 -6.27054e-05	  -2.99033e-05	 
0.977565	0.0224345	22.3972	0	 -4.13327e-05	2.68717e-06	6.56311e-05	 -6.2835e-05	  -3.02659e-05	 
0.976396	0.0236036	23.5644	0	 -4.05905e-05	2.70402e-06	6.15901e-05	 -6.22797e-05	  -3.05654e-05	 
0.975198	0.0248015	24.7603	0	 -3.94305e-05	2.73247e-06	5.67465e-05	 -6.07803e-05	  -3.08186e-05	 
0.973972	0.026028	25.9847	0	 -3.84191e-05	2.70976e-06	5.25176e-05	 -5.91048e-05	  -3.08466e-05	 
0.972717	0.027283	27.2376	0	 -3.75851e-05	2.57803e-06	4.89823e-05	 -5.66971e-05	  -3.11462e-05	 
0.971433	0.0285666	28.5191	0	 -3.73793e-05	2.31331e-06	4.79706e-05	 -5.43921e-05	  -3.14154e-05	 
0.970121	0.0298785	29.8288	0	 -3.74414e-05	2.04519e-06	4.98735e-05	 -5.30767e-05	  -3.18355e-05	 
0.968781	0.0312187	31.1668	0	 -3.84081e-05	2.03373e-06	5.28703e-05	 -5.27643e-05	  -3.21978e-05	 
0.967413	0.0325872	32.533	0	 -3.93779e-05	2.23574e-06	5.60025e-05	 -5.3232e-05	  -3.25312e-05	 
0.966016	0.0339838	33.9273	0	 -4.05534e-05	2.41688e-06	5.90592e-05	 -5.46765e-05	  -3.32187e-05	 
0.964592	0.0354084	35.3495	0	 -4.15981e-05	2.50203e-06	6.05129e-05	 -5.57332e-05	  -3.33139e-05	 
0.963139	0.036861	36.7997	0	 -4.26242e-05	2.49139e-06	6.20447e-05	 -5.6066e-05	  -3.39322e-05	 
0.961658	0.0383415	38.2778	0	 -4.25158e-05	2.37061e-06	6.20856e-05	 -5.56933e-05	  -3.40459e-05	 
0.96015	0.0398497	39.7834	0	 -4.1887e-05	2.19802e-06	6.20787e-05	 -5.44386e-05	  -3.4222e-05	 
0.958614	0.0413856	41.3168	0	 -4.07475e-05	1.99187e-06	6.06846e-05	 -5.30089e-05	  -3.44299e-05	 
0.957051	0.042949	42.8776	0	 -4.04078e-05	1.72907e-06	5.9409e-05	 -5.26134e-05	  -3.47046e-05	 
0.95546	0.0445399	44.4659	0	 -4.10542e-05	1.47176e-06	5.87064e-05	 -5.25083e-05	  -3.47568e-05	 
0.953842	0.0461581	46.0814	0	 -4.28143e-05	1.54063e-06	5.84625e-05	 -5.36682e-05	  -3.46592e-05	 
0.952196	0.0478037	47.7242	0	 -4.45281e-05	1.78574e-06	5.8906e-05	 -5.51507e-05	  -3.43159e-05	 
0.950524	0.0494763	49.394	0	 -4.55837e-05	1.90105e-06	5.96956e-05	 -5.71866e-05	  -3.41783e-05	 
0.948824	0.0511761	51.091	0	 -4.53372e-05	1.91266e-06	6.08213e-05	 -5.81046e-05	  -3.39899e-05	 
0.947097	0.0529027	52.8147	0	 -4.38617e-05	1.87779e-06	6.20661e-05	 -5.78818e-05	  -3.37824e-05	 
0.945344	0.0546562	54.5653	0	 -4.18524e-05	1.87136e-06	6.26311e-05	 -5.68898e-05	  -3.35269e-05	 
0.943563	0.0564365	56.3427	0	 -3.96671e-05	1.88317e-06	6.33438e-05	 -5.56165e-05	  -3.33024e-05	 
0.941757	0.0582433	58.1465	0	 -3.80054e-05	1.98628e-06	6.37821e-05	 -5.45527e-05	  -3.30156e-05	 
0.939923	0.0600766	59.9767	0	 -3.63912e-05	2.02529e-06	6.39752e-05	 -5.50535e-05	  -3.27786e-05	 
0.938064	0.0619363	61.8333	0	 -3.50275e-05	1.92228e-06	6.42288e-05	 -5.66616e-05	  -3.2453e-05	 
0.936178	0.0638223	63.7162	0	 -3.43299e-05	1.82561e-06	6.51406e-05	 -5.90242e-05	  -3.24138e-05	 
0.934266	0.0657344	65.6251	0	 -3.35787e-05	1.72909e-06	6.55175e-05	 -6.11736e-05	  -3.2291e-05	 
0.932327	0.0676725	67.56	0	 -3.37462e-05	1.67026e-06	6.55692e-05	 -6.28338e-05	  -3.22002e-05	 
0.930363	0.0696366	69.5208	0	 -3.44393e-05	1.63403e-06	6.47056e-05	 -6.46432e-05	  -3.23542e-05	 
0.928374	0.0716264	71.5073	0	 -3.53558e-05	1.60803e-06	6.2847e-05	 -6.4785e-05	  -3.25486e-05	 
0.926358	0.0736418	73.5194	0	 -3.64352e-05	1.56354e-06	5.99946e-05	 -6.3278e-05	  -3.26579e-05	 
0.924317	0.0756828	75.557	0	 -3.67631e-05	1.52673e-06	5.65468e-05	 -6.10682e-05	  -3.268e-05	 
0.922251	0.0777492	77.6199	0	 -3.59924e-05	1.54037e-06	5.32916e-05	 -5.88167e-05	  -3.29023e-05	 
0.920159	0.0798409	79.7082	0	 -3.46016e-05	1.56288e-06	5.11767e-05	 -5.57051e-05	  -3.2853e-05	 
0.918042	0.0819577	81.8214	0	 -3.24751e-05	1.52688e-06	4.99669e-05	 -5.2588e-05	  -3.30234e-05	 
0.915901	0.0840995	83.9597	0	 -3.02607e-05	1.49603e-06	4.92981e-05	 -4.93701e-05	  -3.2811e-05	 
0.913734	0.0862663	86.1229	0	 -2.84109e-05	1.48087e-06	4.90022e-05	 -4.66674e-05	  -3.24741e-05	 
0.911542	0.0884577	88.3106	0	 -2.77221e-05	1.46064e-06	4.92497e-05	 -4.50229e-05	  -3.20829e-05	 
0.909326	0.0906738	90.5231	0	 -2.78352e-05	1.41218e-06	4.84462e-05	 -4.40013e-05	  -3.18287e-05	 
0.907086	0.0929143	92.7598	0	 -2.82398e-05	1.35481e-06	4.74949e-05	 -4.31275e-05	  -3.13859e-05	 
0.904821	0.0951792	95.021	0	 -2.89857e-05	1.32532e-06	4.61618e-05	 -4.22446e-05	  -3.10857e-05	 
0.902532	0.0974682	97.3062	0	 -2.95458e-05	1.35508e-06	4.48374e-05	 -4.12506e-05	  -3.07925e-05	 
0.900219	0.0997814	99.6155	0	 -3.01836e-05	1.45116e-06	4.44805e-05	 -4.06775e-05	  -3.06733e-05	 
0.897882	0.102118	101.949	0	 -3.04297e-05	1.55598e-06	4.44825e-05	 -4.02495e-05	  -3.01745e-05	 
0.895521	0.104479	104.306	0	 -3.05736e-05	1.57369e-06	4.57329e-05	 -4.0788e-05	  -2.99822e-05	 
0.893136	0.106864	106.686	0	 -3.08112e-05	1.46899e-06	4.69215e-05	 -4.29593e-05	  -2.97865e-05	 
0.890729	0.109271	109.09	0	 -3.14959e-05	1.33082e-06	4.88409e-05	 -4.54221e-05	  -2.9594e-05	 
0.888297	0.111703	111.517	0	 -3.21645e-05	1.21513e-06	5.00527e-05	 -4.76864e-05	  -2.93924e-05	 
0.885843	0.114157	113.967	0	 -3.2041e-05	1.13912e-06	4.99875e-05	 -4.77053e-05	  -2.93616e-05	 
0.883365	0.116635	116.441	0	 -3.1302e-05	1.10675e-06	4.8482e-05	 -4.59915e-05	  -2.92369e-05	 
0.880865	0.119135	118.937	0	 -3.00005e-05	1.10052e-06	4.64668e-05	 -4.3554e-05	  -2.90957e-05	 
0.878342	0.121658	121.456	0	 -2.84586e-05	1.10805e-06	4.41117e-05	 -4.1154e-05	  -2.87238e-05	 
0.875796	0.124204	123.997	0	 -2.74971e-05	1.10059e-06	4.18894e-05	 -4.02471e-05	  -2.83736e-05	 
0.873228	0.126772	126.561	0	 -2.74661e-05	1.05862e-06	4.03253e-05	 -4.10137e-05	  -2.79816e-05	 
0.870638	0.129362	129.147	0	 -2.82139e-05	1.05283e-06	3.95136e-05	 -4.25673e-05	  -2.75489e-05	 
0.868026	0.131974	131.755	0	 -2.92927e-05	1.0897e-06	3.83981e-05	 -4.40454e-05	  -2.74529e-05	 
0.865391	0.134609	134.385	0	 -3.01043e-05	1.17408e-06	3.75642e-05	 -4.48481e-05	  -2.72443e-05	 
0.862735	0.137265	137.036	0	 -2.98894e-05	1.23555e-06	3.69094e-05	 -4.48236e-05	  -2.73427e-05	 
0.860058	0.139942	139.71	0	 -2.92056e-05	1.25502e-06	3.62189e-05	 -4.48119e-05	  -2.70328e-05	 
0.857358	0.142642	142.404	0	 -2.8661e-05	1.21852e-06	3.60202e-05	 -4.44424e-05	  -2.7073e-05	 
0.854638	0.145362	145.12	0	 -2.8613e-05	1.14317e-06	3.60616e-05	 -4.49217e-05	  -2.70802e-05	 
0.851896	0.148104	147.858	0	 -2.8922e-05	1.07598e-06	3.60501e-05	 -4.6071e-05	  -2.72692e-05	 
0.849134	0.150866	150.615	0	 -2.9467e-05	1.0589e-06	3.64985e-05	 -4.73974e-05	  -2.71337e-05	 
0.84635	0.15365	153.394	0	 -2.97441e-05	1.08735e-06	3.70182e-05	 -4.84293e-05	  -2.71964e-05	 
0.843546	0.156454	156.194	0	 -2.98832e-05	1.11514e-06	3.75984e-05	 -4.89049e-05	  -2.71971e-05	 
0.840722	0.159278	159.013	0	 -3.00486e-05	1.11159e-06	3.77367e-05	 -4.85e-05	  -2.71557e-05	 
0.837877	0.162123	161.853	0	 -3.05546e-05	1.09436e-06	3.76708e-05	 -4.75856e-05	  -2.70117e-05	 
0.835012	0.164988	164.714	0	 -3.12811e-05	1.10607e-06	3.75638e-05	 -4.65359e-05	  -2.68467e-05	 
0.832127	0.167873	167.594	0	 -3.16412e-05	1.13323e-06	3.74708e-05	 -4.51668e-05	  -2.69722e-05	 
0.829223	0.170777	170.493	0	 -3.15129e-05	1.1391e-06	3.77615e-05	 -4.33878e-05	  -2.65828e-05	 
0.826298	0.173702	173.413	0	 -3.10212e-05	1.10049e-06	3.87443e-05	 -4.15552e-05	  -2.63149e-05	 
0.823355	0.176645	176.352	0	 -3.08547e-05	1.00297e-06	4.04645e-05	 -4.10205e-05	  -2.59129e-05	 
0.820392	0.179608	179.309	0	 -3.11054e-05	9.10728e-07	4.23953e-05	 -4.21661e-05	  -2.54503e-05	 
0.81741	0.18259	182.287	0	 -3.13403e-05	8.56626e-07	4.41604e-05	 -4.37009e-05	  -2.48912e-05	 
0.814409	0.185591	185.282	0	 -3.13921e-05	8.58836e-07	4.56431e-05	 -4.55792e-05	  -2.46097e-05	 
0.81139	0.18861	188.297	0	 -3.14429e-05	8.91652e-07	4.68452e-05	 -4.71838e-05	  -2.42928e-05	 
0.808352	0.191648	191.33	0	 -3.18314e-05	9.40009e-07	4.8059e-05	 -4.79683e-05	  -2.38912e-05	 
0.805295	0.194705	194.381	0	 -3.21095e-05	9.77319e-07	4.88484e-05	 -4.70531e-05	  -2.34595e-05	 
0.802221	0.197779	197.451	0	 -3.2044e-05	1.01267e-06	4.90801e-05	 -4.56913e-05	  -2.3347e-05	 
0.799128	0.200872	200.538	0	 -3.18507e-05	1.05325e-06	4.93203e-05	 -4.46884e-05	  -2.29333e-05	 
0.796018	0.203982	203.643	0	 -3.15054e-05	1.1158e-06	4.94211e-05	 -4.49351e-05	  -2.27259e-05	 
0.79289	0.20711	206.766	0	 -3.15361e-05	1.15938e-06	4.92801e-05	 -4.57413e-05	  -2.24988e-05	 
0.789744	0.210256	209.906	0	 -3.1765e-05	1.13528e-06	4.82804e-05	 -4.68304e-05	  -2.21674e-05	 
0.786582	0.213418	213.064	0	 -3.2132e-05	1.04948e-06	4.69585e-05	 -4.77668e-05	  -2.1884e-05	 
0.783402	0.216598	216.238	0	 -3.28593e-05	9.7921e-07	4.55876e-05	 -4.89746e-05	  -2.14838e-05	 
0.780205	0.219795	219.429	0	 -3.39341e-05	9.59625e-07	4.47808e-05	 -5.01858e-05	  -2.11887e-05	 
0.776992	0.223008	222.637	0	 -3.46638e-05	9.83376e-07	4.44667e-05	 -5.10429e-05	  -2.08864e-05	 
0.773763	0.226237	225.861	0	 -3.47834e-05	1.0233e-06	4.3922e-05	 -5.01691e-05	  -2.06007e-05	 
0.770517	0.229483	229.102	0	 -3.40404e-05	1.08576e-06	4.30084e-05	 -4.87554e-05	  -2.04662e-05	 
0.767255	0.232745	232.358	0	 -3.31261e-05	1.17248e-06	4.14434e-05	 -4.77123e-05	  -2.02742e-05	 
0.763977	0.236023	235.631	0	 -3.2926e-05	1.28577e-06	3.98675e-05	 -4.80497e-05	  -2.02983e-05	 
0.760683	0.239317	238.919	0	 -3.35582e-05	1.37845e-06	3.90551e-05	 -4.88465e-05	  -2.03364e-05	 
0.757374	0.242626	242.223	0	 -3.41529e-05	1.42803e-06	3.9327e-05	 -4.96805e-05	  -2.01499e-05	 
0.754049	0.245951	245.542	0	 -3.44921e-05	1.39504e-06	4.00042e-05	 -4.99841e-05	  -1.99874e-05	 
0.75071	0.24929	248.876	0	 -3.43926e-05	1.29487e-06	4.08336e-05	 -5.01028e-05	  -2.00634e-05	 
0.747355	0.252645	252.225	0	 -3.39495e-05	1.16154e-06	4.14452e-05	 -5.00405e-05	  -2.01036e-05	 
0.743986	0.256014	255.588	0	 -3.38376e-05	1.04998e-06	4.22261e-05	 -5.03877e-05	  -2.02232e-05	 
0.740603	0.259397	258.966	0	 -3.41065e-05	9.73756e-07	4.25915e-05	 -5.08905e-05	  -2.04231e-05	 
0.737205	0.262795	262.359	0	 -3.40931e-05	9.0272e-07	4.24968e-05	 -5.01347e-05	  -2.04679e-05	 
0.733792	0.266208	265.765	0	 -3.35369e-05	8.29594e-07	4.20045e-05	 -4.81613e-05	  -2.06459e-05	 
0.730366	0.269634	269.185	0	 -3.2695e-05	7.74378e-07	4.15748e-05	 -4.57917e-05	  -2.09696e-05	 
0.726927	0.273073	272.619	0	 -3.18565e-05	7.42993e-07	4.12828e-05	 -4.35334e-05	  -2.12491e-05	 
0.723473	0.276527	276.067	0	 -3.08494e-05	7.35898e-07	4.07369e-05	 -4.16154e-05	  -2.14931e-05	 
0.720007	0.279993	279.528	0	 -2.97335e-05	7.57155e-07	4.13245e-05	 -3.98121e-05	  -2.15267e-05	 
0.716527	0.283473	283.001	0	 -2.88697e-05	7.819e-07	4.16387e-05	 -3.83461e-05	  -2.11504e-05	 
0.713035	0.286965	286.488	0	 -2.81759e-05	7.84115e-07	4.14884e-05	 -3.74186e-05	  -2.07391e-05	 
0.70953	0.29047	289.988	0	 -2.773e-05	7.52668e-07	4.11826e-05	 -3.71401e-05	  -2.04272e-05	 
0.706012	0.293988	293.499	0	 -2.71579e-05	7.05286e-07	4.12451e-05	 -3.78242e-05	  -2.03701e-05	 
0.702482	0.297518	297.023	0	 -2.63152e-05	6.89875e-07	4.15034e-05	 -3.81963e-05	  -2.06261e-05	 
0.69894	0.30106	300.56	0	 -2.52581e-05	7.07035e-07	4.14173e-05	 -3.82297e-05	  -2.12061e-05	 
0.695386	0.304614	304.108	0	 -2.403e-05	7.53939e-07	4.03072e-05	 -3.77498e-05	  -2.17206e-05	 
0.69182	0.30818	307.667	0	 -2.34928e-05	7.99932e-07	3.85759e-05	 -3.73787e-05	  -2.2082e-05	 
0.688244	0.311756	311.238	0	 -2.33914e-05	8.47769e-07	3.6624e-05	 -3.76386e-05	  -2.24393e-05	 
0.684655	0.315345	314.82	0	 -2.37717e-05	8.84859e-07	3.48616e-05	 -3.80344e-05	  -2.28236e-05	 
0.681056	0.318944	318.414	0	 -2.44566e-05	8.85282e-07	3.31766e-05	 -3.85826e-05	  -2.32591e-05	 
0.677446	0.322554	322.018	0	 -2.55983e-05	8.34086e-07	3.17787e-05	 -4.00246e-05	  -2.36201e-05	 
0.673826	0.326174	325.632	0	 -2.68413e-05	7.51169e-07	3.04877e-05	 -4.1603e-05	  -2.37829e-05	 
0.670195	0.329805	329.257	0	 -2.8361e-05	6.84783e-07	2.95554e-05	 -4.32568e-05	  -2.40961e-05	 
0.666554	0.333446	332.892	0	 -3.03693e-05	6.49548e-07	2.89916e-05	 -4.41321e-05	  -2.44115e-05	 
0.662903	0.337097	336.537	0	 -3.25372e-05	6.60359e-07	2.92081e-05	 -4.48404e-05	  -2.47164e-05	 
0.659242	0.340758	340.192	0	 -3.42832e-05	6.95791e-07	2.9659e-05	 -4.49361e-05	  -2.4968e-05	 
0.655571	0.344429	343.856	0	 -3.56182e-05	7.09435e-07	3.07825e-05	 -4.49768e-05	  -2.47818e-05	 
0.651892	0.348108	347.529	0	 -3.66196e-05	7.21735e-07	3.18121e-05	 -4.52169e-05	  -2.45414e-05	 
0.648203	0.351797	351.212	0	 -3.77665e-05	7.62063e-07	3.29179e-05	 -4.61152e-05	  -2.45601e-05	 
0.644506	0.355494	354.903	0	 -3.82753e-05	8.24565e-07	3.39019e-05	 -4.67122e-05	  -2.47785e-05	 
0.640799	0.359201	358.603	0	 -3.8263e-05	8.60599e-07	3.42365e-05	 -4.5861e-05	  -2.49122e-05	 
0.637085	0.362915	362.312	0	 -3.7079e-05	8.43523e-07	3.45214e-05	 -4.42573e-05	  -2.50147e-05	 
0.633362	0.366638	366.028	0	 -3.50174e-05	7.971e-07	3.4868e-05	 -4.28803e-05	  -2.50272e-05	 
0.629631	0.370369	369.753	0	 -3.25249e-05	7.67974e-07	3.53293e-05	 -4.18663e-05	  -2.46931e-05	 
0.625893	0.374107	373.485	0	 -3.11863e-05	7.85705e-07	3.64189e-05	 -4.23445e-05	  -2.42069e-05	 
0.622146	0.377854	377.225	0	 -3.05197e-05	8.26868e-07	3.75351e-05	 -4.40849e-05	  -2.38753e-05	 
0.618393	0.381607	380.973	0	 -3.04606e-05	8.59214e-07	3.90826e-05	 -4.70055e-05	  -2.33206e-05	 
0.614632	0.385368	384.727	0	 -3.01698e-05	8.84024e-07	4.01563e-05	 -5.01355e-05	  -2.29304e-05	 
0.610865	0.389135	388.488	0	 -2.96647e-05	8.74749e-07	4.13571e-05	 -5.28753e-05	  -2.26074e-05	 
0.60709	0.39291	392.256	0	 -2.91302e-05	8.32603e-07	4.19635e-05	 -5.49467e-05	  -2.25449e-05	 
0.60331	0.39669	396.031	0	 -2.85622e-05	7.74186e-07	4.16176e-05	 -5.56621e-05	  -2.24996e-05	 
0.599523	0.400477	399.811	0	 -2.83068e-05	7.35815e-07	4.08364e-05	 -5.53189e-05	  -2.25156e-05	 
0.59573	0.40427	403.598	0	 -2.8572e-05	7.40708e-07	4.00713e-05	 -5.3817e-05	  -2.28164e-05	 
0.591931	0.408069	407.39	0	 -2.88225e-05	7.65693e-07	3.91911e-05	 -5.18628e-05	  -2.32082e-05	 
0.588127	0.411873	411.188	0	 -2.90272e-05	7.82336e-07	3.84804e-05	 -4.99891e-05	  -2.36662e-05	 
0.584317	0.415683	414.992	0	 -2.87529e-05	7.94111e-07	3.78572e-05	 -4.81972e-05	  -2.38464e-05	 
0.580502	0.419498	418.8	0	 -2.7729e-05	8.10297e-07	3.77172e-05	 -4.61934e-05	  -2.38122e-05	 
0.576683	0.423317	422.613	0	 -2.63403e-05	8.20076e-07	3.72306e-05	 -4.40063e-05	  -2.35175e-05	 
0.572858	0.427142	426.431	0	 -2.5064e-05	8.15107e-07	3.69404e-05	 -4.2321e-05	  -2.32664e-05	 
0.56903	0.43097	430.254	0	 -2.46153e-05	8.25571e-07	3.7012e-05	 -4.1225e-05	  -2.33336e-05	 
0.565197	0.434803	434.081	0	 -2.46989e-05	8.54018e-07	3.73641e-05	 -4.08043e-05	  -2.34375e-05	 
0.56136	0.43864	437.911	0	 -2.50234e-05	8.94654e-07	3.76445e-05	 -4.09968e-05	  -2.35254e-05	 
0.557519	0.442481	441.746	0	 -2.5003e-05	9.56613e-07	3.80721e-05	 -4.09578e-05	  -2.36185e-05	 
0.553674	0.446326	445.584	0	 -2.43672e-05	1.02898e-06	3.85867e-05	 -4.03691e-05	  -2.33235e-05	 
0.549827	0.450173	449.425	0	 -2.32928e-05	1.08135e-06	3.79056e-05	 -3.94713e-05	  -2.29023e-05	 
0.545976	0.454024	453.269	0	 -2.27647e-05	1.08318e-06	3.71447e-05	 -3.85755e-05	  -2.2669e-05	 
0.542122	0.457878	457.117	0	 -2.27889e-05	1.03862e-06	3.65881e-05	 -3.86118e-05	  -2.27231e-05	 
0.538266	0.461734	460.967	0	 -2.33396e-05	9.84663e-07	3.66069e-05	 -3.92486e-05	  -2.25385e-05	 
0.534407	0.465593	464.819	0	 -2.38238e-05	9.34327e-07	3.72218e-05	 -3.98909e-05	  -2.24905e-05	 
0.530546	0.469454	468.674	0	 -2.43682e-05	8.66022e-07	3.76014e-05	 -4.04619e-05	  -2.24911e-05	 
0.526683	0.473317	472.53	0	 -2.51014e-05	8.27665e-07	3.78464e-05	 -4.11199e-05	  -2.28132e-05	 
0.522818	0.477182	476.389	0	 -2.60117e-05	8.17938e-07	3.79152e-05	 -4.15105e-05	  -2.32506e-05	 
0.518952	0.481048	480.248	0	 -2.74048e-05	8.30524e-07	3.80825e-05	 -4.20942e-05	  -2.39473e-05	 
0.515084	0.484916	484.11	0	 -2.89579e-05	8.49327e-07	3.83429e-05	 -4.3099e-05	  -2.45902e-05	 
0.511216	0.488784	487.972	0	 -3.05593e-05	8.52119e-07	3.86078e-05	 -4.40288e-05	  -2.51356e-05	 
0.507346	0.492654	491.835	0	 -3.1418e-05	8.36594e-07	3.85809e-05	 -4.41411e-05	  -2.53094e-05	 
0.503476	0.496524	495.699	0	 -3.17202e-05	8.13941e-07	3.78136e-05	 -4.34079e-05	  -2.53892e-05	 
0.499605	0.500395	499.563	0	 -3.21383e-05	8.01625e-07	3.71349e-05	 -4.28184e-05	  -2.53094e-05	 
0.495735	0.504265	503.427	0	 -3.30357e-05	7.96179e-07	3.73948e-05	 -4.25928e-05	  -2.55434e-05	 
0.491864	0.508136	507.291	0	 -3.42949e-05	7.98885e-07	3.85705e-05	 -4.3026e-05	  -2.58742e-05	 
0.487994	0.512006	511.155	0	 -3.56934e-05	8.15034e-07	4.02094e-05	 -4.33099e-05	  -2.59243e-05	 
0.484124	0.515876	515.019	0	 -3.68716e-05	8.39634e-07	4.14364e-05	 -4.37292e-05	  -2.56447e-05	 
0.480255	0.519745	518.881	0	 -3.78248e-05	8.49848e-07	4.20773e-05	 -4.41844e-05	  -2.55494e-05	 
0.476386	0.523613	522.743	0	 -3.87001e-05	8.57228e-07	4.20007e-05	 -4.49327e-05	  -2.51427e-05	 
0.472519	0.527481	526.604	0	 -3.91558e-05	8.3544e-07	4.19077e-05	 -4.55849e-05	  -2.4977e-05	 
0.468654	0.531346	530.463	0	 -3.9115e-05	8.08385e-07	4.1486e-05	 -4.5731e-05	  -2.50548e-05	 
0.46479	0.53521	534.32	0	 -3.87107e-05	7.83745e-07	4.04184e-05	 -4.57195e-05	  -2.49586e-05	 
0.460928	0.539072	538.176	0	 -3.77546e-05	7.49675e-07	3.92668e-05	 -4.55089e-05	  -2.45224e-05	 
0.457068	0.542932	542.029	0	 -3.70679e-05	7.17795e-07	3.81801e-05	 -4.5117e-05	  -2.40417e-05	 
0.45321	0.54679	545.881	0	 -3.60326e-05	7.02883e-07	3.73447e-05	 -4.48061e-05	  -2.36495e-05	 
0.449355	0.550645	549.73	0	 -3.48994e-05	7.18038e-07	3.6903e-05	 -4.45683e-05	  -2.3468e-05	 
0.445503	0.554497	553.575	0	 -3.3514e-05	7.52707e-07	3.73233e-05	 -4.36296e-05	  -2.37004e-05	 
0.441653	0.558347	557.418	0	 -3.19625e-05	7.45589e-07	3.76741e-05	 -4.21358e-05	  -2.37661e-05	 
0.437807	0.562193	561.258	0	 -3.00853e-05	7.02591e-07	3.87428e-05	 -4.05835e-05	  -2.36804e-05	 
0.433964	0.566036	565.095	0	 -2.7592e-05	6.49724e-07	4.01629e-05	 -3.92999e-05	  -2.36879e-05	 
0.430125	0.569875	568.927	0	 -2.52616e-05	5.8922e-07	4.14805e-05	 -3.76564e-05	  -2.36165e-05	 
0.42629	0.57371	572.756	0	 -2.316e-05	5.32681e-07	4.23954e-05	 -3.63121e-05	  -2.36788e-05	 
0.422459	0.577541	576.581	0	 -2.16527e-05	5.20945e-07	4.3261e-05	 -3.52507e-05	  -2.38099e-05	 
0.418632	0.581368	580.401	0	 -2.08958e-05	5.5149e-07	4.35947e-05	 -3.50874e-05	  -2.40354e-05	 
0.41481	0.58519	584.217	0	 -2.05287e-05	5.95576e-07	4.37933e-05	 -3.49624e-05	  -2.41561e-05	 
0.410993	0.589007	588.028	0	 -2.05665e-05	6.22058e-07	4.34236e-05	 -3.5156e-05	  -2.40365e-05	 
0.40718	0.59282	591.834	0	 -2.1152e-05	6.49596e-07	4.29247e-05	 -3.51869e-05	  -2.37847e-05	 
0.403373	0.596627	595.635	0	 -2.15615e-05	6.99765e-07	4.25309e-05	 -3.55695e-05	  -2.35049e-05	 
0.399572	0.600429	599.43	0	 -2.19891e-05	7.77101e-07	4.19479e-05	 -3.62611e-05	  -2.34469e-05	 
0.395775	0.604225	603.22	0	 -2.25101e-05	8.46223e-07	4.1929e-05	 -3.73872e-05	  -2.32808e-05	 
0.391985	0.608015	607.004	0	 -2.29603e-05	8.93678e-07	4.20594e-05	 -3.86066e-05	  -2.29682e-05	 
0.388201	0.611799	610.782	0	 -2.32648e-05	9.11923e-07	4.1795e-05	 -3.95651e-05	  -2.28292e-05	 
0.384424	0.615576	614.553	0	 -2.32372e-05	9.24622e-07	4.17834e-05	 -3.98625e-05	  -2.26226e-05	 
0.380653	0.619347	618.318	0	 -2.27465e-05	9.18379e-07	4.13251e-05	 -3.94391e-05	  -2.26352e-05	 
0.376888	0.623112	622.076	0	 -2.21528e-05	8.93119e-07	4.06422e-05	 -3.92527e-05	  -2.25532e-05	 
0.373131	0.626869	625.827	0	 -2.13961e-05	8.33463e-07	4.02057e-05	 -3.97227e-05	  -2.24055e-05	 
0.369381	0.630619	629.571	0	 -2.07022e-05	7.55632e-07	4.01931e-05	 -3.96861e-05	  -2.20626e-05	 
0.365638	0.634362	633.307	0	 -2.00948e-05	6.66833e-07	4.06486e-05	 -3.98163e-05	  -2.16324e-05	 
0.361903	0.638097	637.036	0	 -1.97144e-05	5.98613e-07	4.10701e-05	 -3.93224e-05	  -2.12261e-05	 
0.358176	0.641824	640.757	0	 -1.95188e-05	5.57565e-07	4.1683e-05	 -3.83316e-05	  -2.10496e-05	 
0.354457	0.645543	644.469	0	 -1.96152e-05	5.51998e-07	4.18843e-05	 -3.7417e-05	  -2.08651e-05	 
0.350747	0.649253	648.174	0	 -1.99927e-05	5.71558e-07	4.16377e-05	 -3.65708e-05	  -2.0602e-05	 
0.347045	0.652955	651.87	0	 -2.06315e-05	6.07185e-07	4.08466e-05	 -3.60168e-05	  -2.02338e-05	 
0.343351	0.656649	655.557	0	 -2.15428e-05	6.35789e-07	4.03604e-05	 -3.55372e-05	  -1.97793e-05	 
0.339667	0.660333	659.235	0	 -2.26319e-05	6.48148e-07	3.98817e-05	 -3.52661e-05	  -1.93833e-05	 
0.335992	0.664008	662.904	0	 -2.34925e-05	6.36133e-07	3.95131e-05	 -3.44996e-05	  -1.91282e-05	 
0.332326	0.667674	666.564	0	 -2.4161e-05	6.14627e-07	3.90187e-05	 -3.38332e-05	  -1.91917e-05	 
0.32867	0.67133	670.214	0	 -2.50582e-05	5.90493e-07	3.81713e-05	 -3.35756e-05	  -1.93521e-05	 
0.325024	0.674976	673.854	0	 -2.58436e-05	5.72668e-07	3.71303e-05	 -3.37573e-05	  -1.94949e-05	 
0.321388	0.678612	677.484	0	 -2.6643e-05	5.70111e-07	3.61108e-05	 -3.36464e-05	  -1.95533e-05	 
0.317762	0.682238	681.104	0	 -2.71602e-05	5.73184e-07	3.54917e-05	 -3.32384e-05	  -1.95257e-05	 
0.314146	0.685854	684.713	0	 -2.75185e-05	5.87621e-07	3.56185e-05	 -3.30169e-05	  -1.95749e-05	 
0.310542	0.689458	688.312	0	 -2.78816e-05	6.07773e-07	3.57905e-05	 -3.30056e-05	  -1.97611e-05	 
0.306948	0.693052	691.9	0	 -2.82278e-05	6.16087e-07	3.5923e-05	 -3.28628e-05	  -1.98625e-05	 
0.303365	0.696635	695.477	0	 -2.833e-05	6.04607e-07	3.59139e-05	 -3.28571e-05	  -1.96742e-05	 
0.299794	0.700206	699.042	0	 -2.80535e-05	5.8058e-07	3.60735e-05	 -3.24928e-05	  -1.94113e-05	 
0.296234	0.703766	702.596	0	 -2.79864e-05	5.62447e-07	3.59633e-05	 -3.21073e-05	  -1.92492e-05	 
0.292686	0.707314	706.138	0	 -2.81476e-05	5.63836e-07	3.62125e-05	 -3.20151e-05	  -1.93366e-05	 
0.28915	0.71085	709.669	0	 -2.82992e-05	5.95508e-07	3.65945e-05	 -3.15379e-05	  -1.98179e-05	 
0.285626	0.714374	713.187	0	 -2.86151e-05	6.44299e-07	3.72451e-05	 -3.11904e-05	  -2.04775e-05	 
0.282114	0.717886	716.692	0	 -2.90858e-05	6.8188e-07	3.78419e-05	 -3.1438e-05	  -2.11935e-05	 
0.278615	0.721385	720.186	0	 -2.96731e-05	7.11764e-07	3.86402e-05	 -3.19867e-05	  -2.16038e-05	 
0.275129	0.724871	723.666	0	 -3.02212e-05	7.2647e-07	3.93401e-05	 -3.28414e-05	  -2.20569e-05	 
0.271656	0.728344	727.133	0	 -3.12395e-05	7.20645e-07	3.9886e-05	 -3.41959e-05	  -2.22388e-05	 
0.268196	0.731804	730.587	0	 -3.22224e-05	6.82195e-07	4.01135e-05	 -3.55182e-05	  -2.2557e-05	 
0.264749	0.735251	734.028	0	 -3.3145e-05	6.14759e-07	3.94865e-05	 -3.69944e-05	  -2.31127e-05	 
0.261316	0.738684	737.456	0	 -3.3697e-05	5.45729e-07	3.88589e-05	 -3.82261e-05	  -2.37638e-05	 
0.257897	0.742103	740.869	0	 -3.40777e-05	4.94825e-07	3.84625e-05	 -3.9291e-05	  -2.47264e-05	 
0.254492	0.745508	744.268	0	 -3.42956e-05	4.65061e-07	3.82171e-05	 -4.03038e-05	  -2.55919e-05	 
0.251101	0.748899	747.654	0	 -3.43546e-05	4.59695e-07	3.79275e-05	 -4.16807e-05	  -2.58485e-05	 
0.247725	0.752275	751.024	0	 -3.47432e-05	4.91406e-07	3.81947e-05	 -4.2989e-05	  -2.59056e-05	 
0.244363	0.755637	754.381	0	 -3.46551e-05	5.52071e-07	3.82411e-05	 -4.43079e-05	  -2.60617e-05	 
0.241016	0.758984	757.722	0	 -3.42292e-05	6.17589e-07	3.83639e-05	 -4.44084e-05	  -2.65652e-05	 
0.237684	0.762316	761.048	0	 -3.30888e-05	6.82717e-07	3.94581e-05	 -4.47024e-05	  -2.71112e-05	 
0.234368	0.765632	764.36	0	 -3.20236e-05	7.3061e-07	4.05488e-05	 -4.47035e-05	  -2.77825e-05	 
0.231066	0.768934	767.655	0	 -3.12935e-05	7.59296e-07	4.14629e-05	 -4.53829e-05	  -2.81769e-05	 
0.227781	0.772219	770.936	0	 -3.10505e-05	7.8796e-07	4.21023e-05	 -4.57057e-05	  -2.86372e-05	 
0.224511	0.775489	774.2	0	 -3.0441e-05	8.15909e-07	4.25567e-05	 -4.58343e-05	  -2.90279e-05	 
0.221257	0.778743	777.448	0	 -2.99706e-05	8.46246e-07	4.31425e-05	 -4.54747e-05	  -2.95178e-05	 
0.218019	0.781981	780.681	0	 -2.94255e-05	8.67039e-07	4.37132e-05	 -4.48143e-05	  -2.95945e-05	 
0.214798	0.785202	783.897	0	 -2.90595e-05	8.6625e-07	4.41547e-05	 -4.43286e-05	  -2.97917e-05	 
0.211593	0.788407	787.096	0	 -2.91179e-05	8.56068e-07	4.4494e-05	 -4.40722e-05	  -2.99121e-05	 
0.208405	0.791594	790.278	0	 -2.95731e-05	8.44442e-07	4.44921e-05	 -4.4229e-05	  -3.00387e-05	 
0.205235	0.794765	793.444	0	 -2.97069e-05	8.49319e-07	4.4497e-05	 -4.44234e-05	  -3.0166e-05	 
0.202081	0.797919	796.593	0	 -2.9416e-05	8.54806e-07	4.42855e-05	 -4.34442e-05	  -3.03451e-05	 
0.198945	0.801055	799.724	0	 -2.88866e-05	8.6565e-07	4.37285e-05	 -4.24657e-05	  -3.02858e-05	 
0.195826	0.804174	802.837	0	 -2.82535e-05	8.73823e-07	4.33059e-05	 -4.11488e-05	  -3.04048e-05	 
0.192725	0.807275	805.933	0	 -2.78656e-05	8.80602e-07	4.24937e-05	 -3.98412e-05	  -3.03151e-05	 
0.189641	0.810359	809.011	0	 -2.78531e-05	8.85969e-07	4.17341e-05	 -3.86087e-05	  -3.03613e-05	 
0.186576	0.813424	812.071	0	 -2.83703e-05	8.92495e-07	4.13762e-05	 -3.77123e-05	  -3.02066e-05	 
0.18353	0.81647	815.113	0	 -2.93691e-05	8.97861e-07	4.04561e-05	 -3.67717e-05	  -3.03828e-05	 
0.180501	0.819499	818.136	0	 -3.05955e-05	8.9943e-07	3.95022e-05	 -3.57957e-05	  -3.04853e-05	 
0.177491	0.822509	821.141	0	 -3.2161e-05	8.84728e-07	3.86619e-05	 -3.4694e-05	  -3.05764e-05	 
0.174501	0.825499	824.127	0	 -3.35729e-05	8.56845e-07	3.77998e-05	 -3.39577e-05	  -3.03436e-05	 
0.171529	0.828471	827.094	0	 -3.47955e-05	8.2553e-07	3.68381e-05	 -3.33017e-05	  -3.03693e-05	 
0.168576	0.831424	830.042	0	 -3.5698e-05	8.0311e-07	3.6245e-05	 -3.26415e-05	  -3.04915e-05	 
0.165643	0.834357	832.97	0	 -3.68196e-05	7.96024e-07	3.57925e-05	 -3.1753e-05	  -3.05992e-05	 
0.162729	0.837271	835.879	0	 -3.78953e-05	7.95797e-07	3.55393e-05	 -3.06462e-05	  -3.07415e-05	 
0.159835	0.840165	838.768	0	 -3.89559e-05	7.78742e-07	3.51853e-05	 -2.96021e-05	  -3.096e-05	 
0.156961	0.843039	841.638	0	 -4.02682e-05	7.55263e-07	3.43522e-05	 -2.85869e-05	  -3.10111e-05	 
0.154107	0.845893	844.487	0	 -4.13353e-05	7.2222e-07	3.41342e-05	 -2.7991e-05	  -3.10112e-05	 
0.151273	0.848727	847.316	0	 -4.2639e-05	6.9632e-07	3.42244e-05	 -2.77183e-05	  -3.08821e-05	 
0.148459	0.851541	850.125	0	 -4.33614e-05	6.70032e-07	3.43946e-05	 -2.79675e-05	  -3.08974e-05	 
0.145666	0.854334	852.913	0	 -4.40259e-05	6.53414e-07	3.48407e-05	 -2.84303e-05	  -3.08185e-05	 
0.142894	0.857106	855.681	0	 -4.43001e-05	6.46776e-07	3.53333e-05	 -2.90183e-05	  -3.05828e-05	 
0.140143	0.859857	858.427	0	 -4.45351e-05	6.51343e-07	3.60934e-05	 -2.95296e-05	  -3.05135e-05	 
0.137413	0.862587	861.153	0	 -4.40376e-05	6.69031e-07	3.66627e-05	 -3.00166e-05	  -3.04498e-05	 
0.134704	0.865296	863.857	0	 -4.37284e-05	6.90656e-07	3.71586e-05	 -3.08576e-05	  -3.0627e-05	 
0.132017	0.867984	866.54	0	 -4.32164e-05	7.10007e-07	3.71563e-05	 -3.16265e-05	  -3.06493e-05	 
0.129351	0.870649	869.202	0	 -4.31229e-05	7.18673e-07	3.70699e-05	 -3.28231e-05	  -3.07316e-05	 
0.126706	0.873293	871.842	0	 -4.27275e-05	7.26532e-07	3.66347e-05	 -3.38702e-05	  -3.07648e-05	 
0.124084	0.875916	874.46	0	 -4.2433e-05	7.27621e-07	3.65488e-05	 -3.50933e-05	  -3.08932e-05	 
0.121484	0.878516	877.055	0	 -4.17233e-05	7.50558e-07	3.61118e-05	 -3.58995e-05	  -3.08091e-05	 
0.118906	0.881094	879.629	0	 -4.11632e-05	8.06248e-07	3.58625e-05	 -3.65081e-05	  -3.0945e-05	 
0.11635	0.883649	882.18	0	 -4.05987e-05	8.9907e-07	3.53239e-05	 -3.70637e-05	  -3.11561e-05	 
0.113817	0.886183	884.709	0	 -4.04414e-05	1.02017e-06	3.47103e-05	 -3.67798e-05	  -3.15163e-05	 
0.111307	0.888693	887.215	0	 -4.10316e-05	1.13325e-06	3.38298e-05	 -3.69262e-05	  -3.17804e-05	 
0.108819	0.891181	889.699	0	 -4.15605e-05	1.23836e-06	3.30403e-05	 -3.69014e-05	  -3.23341e-05	 
0.106355	0.893645	892.159	0	 -4.26443e-05	1.31064e-06	3.25549e-05	 -3.67836e-05	  -3.24158e-05	 
0.103914	0.896086	894.597	0	 -4.43812e-05	1.34348e-06	3.24176e-05	 -3.7296e-05	  -3.24608e-05	 
0.101496	0.898504	897.011	0	 -4.58673e-05	1.34483e-06	3.25891e-05	 -3.75855e-05	  -3.23804e-05	 
0.0991009	0.900899	899.401	0	 -4.68342e-05	1.34784e-06	3.27139e-05	 -3.76181e-05	  -3.25288e-05	 
0.0967299	0.90327	901.768	0	 -4.76654e-05	1.34433e-06	3.30067e-05	 -3.72467e-05	  -3.24333e-05	 
0.0943825	0.905617	904.112	0	 -4.80949e-05	1.34932e-06	3.3457e-05	 -3.69303e-05	  -3.2594e-05	 
0.0920591	0.907941	906.431	0	 -4.77533e-05	1.35182e-06	3.33939e-05	 -3.67062e-05	  -3.2363e-05	 
0.0897597	0.91024	908.727	0	 -4.70856e-05	1.35419e-06	3.31882e-05	 -3.6637e-05	  -3.2712e-05	 
0.0874845	0.912516	910.998	0	 -4.67176e-05	1.36612e-06	3.26015e-05	 -3.63739e-05	  -3.27672e-05	 
0.0852336	0.914766	913.246	0	 -4.63853e-05	1.36818e-06	3.22979e-05	 -3.64313e-05	  -3.26987e-05	 
0.0830071	0.916993	915.468	0	 -4.62407e-05	1.37573e-06	3.2041e-05	 -3.65901e-05	  -3.26853e-05	 
0.0808052	0.919195	917.667	0	 -4.64221e-05	1.39158e-06	3.18309e-05	 -3.71446e-05	  -3.2668e-05	 
0.0786281	0.921372	919.84	0	 -4.67976e-05	1.40295e-06	3.17904e-05	 -3.80698e-05	  -3.27113e-05	 
0.0764757	0.923524	921.989	0	 -4.75631e-05	1.41966e-06	3.20684e-05	 -3.93277e-05	  -3.26373e-05	 
0.0743484	0.925652	924.113	0	 -4.82077e-05	1.43873e-06	3.26554e-05	 -4.06446e-05	  -3.26965e-05	 
0.0722462	0.927754	926.211	0	 -4.8738e-05	1.46423e-06	3.30016e-05	 -4.20569e-05	  -3.27498e-05	 
0.0701693	0.929831	928.285	0	 -4.9792e-05	1.48104e-06	3.33171e-05	 -4.35847e-05	  -3.25828e-05	 
0.0681178	0.931882	930.333	0	 -5.03783e-05	1.50065e-06	3.35688e-05	 -4.49666e-05	  -3.26521e-05	 
0.0660917	0.933908	932.356	0	 -5.08251e-05	1.53792e-06	3.34148e-05	 -4.62281e-05	  -3.22711e-05	 
0.0640913	0.935909	934.353	0	 -5.10124e-05	1.56578e-06	3.30754e-05	 -4.76178e-05	  -3.19839e-05	 
0.0621167	0.937883	936.324	0	 -5.07304e-05	1.61893e-06	3.27985e-05	 -4.91301e-05	  -3.16061e-05	 
0.0601679	0.939832	938.27	0	 -5.01512e-05	1.65663e-06	3.28796e-05	 -5.04772e-05	  -3.12505e-05	 
0.0582452	0.941755	940.189	0	 -4.97089e-05	1.6842e-06	3.31091e-05	 -5.19155e-05	  -3.11507e-05	 
0.0563486	0.943651	942.083	0	 -4.9273e-05	1.69402e-06	3.34987e-05	 -5.36807e-05	  -3.07056e-05	 
0.0544782	0.945522	943.95	0	 -4.87283e-05	1.65494e-06	3.37911e-05	 -5.53575e-05	  -3.05362e-05	 
0.0526343	0.947366	945.791	0	 -4.87517e-05	1.59566e-06	3.43161e-05	 -5.67338e-05	  -3.02463e-05	 
0.0508168	0.949183	947.605	0	 -4.87998e-05	1.55795e-06	3.48166e-05	 -5.81569e-05	  -2.98846e-05	 
0.0490259	0.950974	949.393	0	 -4.94611e-05	1.58214e-06	3.52516e-05	 -5.89909e-05	  -2.94158e-05	 
0.0472617	0.952738	951.154	0	 -4.94183e-05	1.65498e-06	3.55783e-05	 -5.92935e-05	  -2.90179e-05	 
0.0455243	0.954476	952.889	0	 -4.96413e-05	1.7742e-06	3.58443e-05	 -5.93882e-05	  -2.88855e-05	 
0.0438139	0.956186	954.596	0	 -4.93892e-05	1.89985e-06	3.5886e-05	 -5.81823e-05	  -2.8531e-05	 
0.0421305	0.957869	956.277	0	 -4.92108e-05	2.04227e-06	3.6007e-05	 -5.72697e-05	  -2.83289e-05	 
0.0404743	0.959526	957.93	0	 -4.84415e-05	2.1664e-06	3.60526e-05	 -5.55099e-05	  -2.80381e-05	 
0.0388453	0.961155	959.557	0	 -4.75518e-05	2.26109e-06	3.62583e-05	 -5.37957e-05	  -2.77428e-05	 
0.0372437	0.962756	961.156	0	 -4.69211e-05	2.35621e-06	3.64971e-05	 -5.21991e-05	  -2.75209e-05	 
0.0356696	0.96433	962.727	0	 -4.614e-05	2.42129e-06	3.68842e-05	 -5.06655e-05	  -2.71958e-05	 
0.034123	0.965877	964.271	0	 -4.54281e-05	2.51679e-06	3.71988e-05	 -4.96385e-05	  -2.69288e-05	 
0.0326041	0.967396	965.788	0	 -4.54295e-05	2.60652e-06	3.75942e-05	 -4.9001e-05	  -2.67032e-05	 
0.0311129	0.968887	967.276	0	 -4.58034e-05	2.73003e-06	3.79743e-05	 -4.88185e-05	  -2.63725e-05	 
0.0296496	0.97035	968.737	0	 -4.6598e-05	2.82247e-06	3.84102e-05	 -4.90184e-05	  -2.61937e-05	 
0.0282143	0.971786	970.17	0	 -4.812e-05	2.94969e-06	3.87019e-05	 -4.95727e-05	  -2.59706e-05	 
0.0268069	0.973193	971.575	0	 -4.92715e-05	3.07562e-06	3.89335e-05	 -5.04619e-05	  -2.57397e-05	 
0.0254278	0.974572	972.952	0	 -5.06512e-05	3.2209e-06	3.92046e-05	 -5.16633e-05	  -2.56275e-05	 
0.0240768	0.975923	974.301	0	 -5.22571e-05	3.38152e-06	3.9486e-05	 -5.28051e-05	  -2.55833e-05	 
0.0227542	0.977246	975.621	0	 -5.34814e-05	3.53128e-06	3.96123e-05	 -5.46675e-05	  -2.54142e-05	 
0.02146	0.97854	976.913	0	 -5.4499e-05	3.69719e-06	3.98748e-05	 -5.61067e-05	  -2.53221e-05	 
0.0201942	0.979806	978.177	0	 -5.49977e-05	3.84804e-06	4.01317e-05	 -5.73914e-05	  -2.52336e-05	 
0.0189571	0.981043	979.412	0	 -5.60119e-05	3.99543e-06	4.03766e-05	 -5.8251e-05	  -2.51248e-05	 
0.0177485	0.982251	980.618	0	 -5.70597e-05	4.14255e-06	4.07013e-05	 -5.90659e-05	  -2.50483e-05	 
0.0165687	0.983431	981.796	0	 -5.79036e-05	4.30212e-06	4.10393e-05	 -5.97237e-05	  -2.50106e-05	 
0.0154177	0.984582	982.945	0	 -5.88985e-05	4.43301e-06	4.16504e-05	 -6.00723e-05	  -2.50645e-05	 
0.0142956	0.985704	984.066	0	 -5.9993e-05	4.61689e-06	4.20042e-05	 -5.9868e-05	  -2.49977e-05	 
0.0132025	0.986798	985.157	0	 -6.08429e-05	4.79621e-06	4.20896e-05	 -6.00296e-05	  -2.47831e-05	 
0.0121383	0.987862	986.219	0	 -6.18996e-05	4.96484e-06	4.21869e-05	 -6.05134e-05	  -2.48557e-05	 
0.0111033	0.988897	987.253	0	 -6.30263e-05	5.12903e-06	4.21922e-05	 -6.10498e-05	  -2.47789e-05	 
0.0100975	0.989903	988.257	0	 -6.38375e-05	5.31578e-06	4.22884e-05	 -6.15451e-05	  -2.47803e-05	 
0.00912087	0.990879	989.232	0	 -6.46862e-05	5.4624e-06	4.25863e-05	 -6.2461e-05	  -2.4782e-05	 
0.00817356	0.991826	990.177	0	 -6.49454e-05	5.60554e-06	4.29178e-05	 -6.30032e-05	  -2.4839e-05	 
0.00725563	0.992744	991.094	0	 -6.5934e-05	5.75908e-06	4.32079e-05	 -6.33398e-05	  -2.48775e-05	 
0.00636712	0.993633	991.981	0	 -6.64247e-05	5.86327e-06	4.35258e-05	 -6.35891e-05	  -2.47518e-05	 
0.00550811	0.994492	992.839	0	 -6.69882e-05	5.95679e-06	4.37544e-05	 -6.39686e-05	  -2.47653e-05	 
0.00467865	0.995321	993.667	0	 -6.75081e-05	6.05742e-06	4.40184e-05	 -6.4292e-05	  -2.46361e-05	 
0.00387879	0.996121	994.465	0	 -6.75573e-05	6.1083e-06	4.43987e-05	 -6.44596e-05	  -2.4589e-05	 
0.0031086	0.996891	995.234	0	 -6.79352e-05	6.18134e-06	4.43981e-05	 -6.44831e-05	  -2.46329e-05	 
0.00236813	0.997632	995.973	0	 -6.82896e-05	6.21166e-06	4.43658e-05	 -6.47739e-05	  -2.46187e-05	 
0.00165743	0.998343	996.683	0	 -6.82353e-05	6.25371e-06	4.46379e-05	 -6.49603e-05	  -2.46857e-05	 
0.000976555	0.999023	997.363	0	 -6.87812e-05	6.28401e-06	4.4461e-05	 -6.49703e-05	  -2.47006e-05	 
0.000325545	0.999674	998.012	0	 -6.84469e-05	6.34814e-06	4.47293e-05	 -6.50019e-05	  -2.45657e-05	 
