# Postprocessed results of turbulent pipe flow 
# Reynolds stress transporation term: k 
# ------------------------------------------------------------------
# uTau = 0.0264811 
# nu = 2.65252e-05 
# ------------------------------------------------------------------
# r	 1-r	 y+	 production	 Turbulent_Transport	 Viscous_Transport	  Pressure_Strain	 Pressure_Transport	 Viscous_Dissipation	 
# ------------------------------------------------------------------
1	0	0	-3.98273e-59	 -1.27055e-21	0	6.01853e-35	 -1.35525e-20	  -1.92996e-16	 
0.999903	9.7e-05	0.0968387	-1.55812e-09	 -1.41054e-08	0.00029243	6.93939e-08	 -4.35068e-06	  -0.000290927	 
0.999776	0.0002245	0.224127	-1.98124e-08	 -9.84567e-08	0.000270775	1.6777e-07	 -9.13045e-06	  -0.000281304	 
0.999618	0.0003823	0.381664	-1.00771e-07	 -4.13128e-07	0.000256275	3.04691e-07	 -1.41314e-05	  -0.000270531	 
0.999429	0.0005705	0.569552	-3.48442e-07	 -1.28311e-06	0.000243267	4.97788e-07	 -1.90511e-05	  -0.000262765	 
0.999211	0.0007891	0.787788	-9.55411e-07	 -3.28387e-06	0.000231533	7.64412e-07	 -2.35519e-05	  -0.000255209	 
0.998962	0.001038	1.03627	-2.23845e-06	 -7.32842e-06	0.000219285	1.17922e-06	 -2.73485e-05	  -0.000247767	 
0.998683	0.0013172	1.31501	-4.69851e-06	 -1.46488e-05	0.000204553	1.84994e-06	 -3.03845e-05	  -0.000242398	 
0.998373	0.0016268	1.6241	-8.97482e-06	 -2.63672e-05	0.000185462	3.00664e-06	 -3.26078e-05	  -0.000236564	 
0.998034	0.0019665	1.96323	-1.58632e-05	 -4.40247e-05	0.000159569	4.12806e-06	 -3.38122e-05	  -0.000228969	 
0.997663	0.0023366	2.33272	-2.61509e-05	 -6.76108e-05	0.000132089	3.50303e-06	 -3.42548e-05	  -0.000217837	 
0.997263	0.0027368	2.73225	-4.0412e-05	 -9.63378e-05	0.00012973	2.4032e-06	 -3.41311e-05	  -0.000202779	 
0.996833	0.0031672	3.16193	-5.8814e-05	 -0.000127053	0.00019895	2.16353e-06	 -3.34586e-05	  -0.000183564	 
0.996372	0.0036278	3.62177	-8.05558e-05	 -0.000156026	0.000212694	3.06243e-06	 -3.24873e-05	  -0.000161419	 
0.995882	0.0041184	4.11155	-0.000104766	 -0.000179043	0.000190385	4.38462e-06	 -3.11428e-05	  -0.000140568	 
0.995361	0.0046391	4.63139	-0.000128395	 -0.000189561	0.00019618	5.7682e-06	 -2.96575e-05	  -0.00012334	 
0.99481	0.0051899	5.18127	-0.000149293	 -0.000186006	0.000207176	7.26171e-06	 -2.80925e-05	  -0.000110306	 
0.994229	0.0057706	5.76101	-0.000164199	 -0.000164947	0.000206297	8.91603e-06	 -2.66595e-05	  -0.000102046	 
0.993619	0.0063813	6.37069	-0.000172563	 -0.000132611	0.000191928	1.07488e-05	 -2.56962e-05	  -9.7165e-05	 
0.992978	0.0070218	7.01013	-0.000173375	 -0.000109154	0.000164688	1.26553e-05	 -2.56784e-05	  -9.43991e-05	 
0.992308	0.0076923	7.67951	-0.000168769	 -0.000111426	0.000131415	1.41245e-05	 -2.7291e-05	  -9.06675e-05	 
0.991607	0.0083925	8.37855	-0.000164516	 -0.000113362	9.81168e-05	1.34784e-05	 -3.03194e-05	  -8.58483e-05	 
0.990877	0.0091225	9.10733	-0.000171883	 -0.000105067	8.13071e-05	1.02604e-05	 -3.30093e-05	  -8.04516e-05	 
0.990118	0.0098822	9.86577	-0.000194127	 -0.000104068	8.97369e-05	6.89726e-06	 -3.40331e-05	  -7.51618e-05	 
0.989329	0.0106715	10.6538	-0.000223759	 -0.000109113	0.000111127	4.59865e-06	 -3.37273e-05	  -7.13832e-05	 
0.98851	0.0114905	11.4714	-0.000252023	 -0.000118215	0.000129232	4.07636e-06	 -3.31155e-05	  -6.92225e-05	 
0.987661	0.0123389	12.3184	-0.000276831	 -0.000127484	0.000134609	5.06984e-06	 -3.24878e-05	  -7.04701e-05	 
0.986783	0.0132169	13.1949	-0.000294701	 -0.000135323	0.000125958	6.59258e-06	 -3.21433e-05	  -7.26222e-05	 
0.985876	0.0141243	14.1008	-0.000302373	 -0.00014235	0.000111039	8.28377e-06	 -3.18445e-05	  -7.66028e-05	 
0.984939	0.015061	15.036	-0.000306147	 -0.000146338	9.44785e-05	1.03534e-05	 -3.15143e-05	  -8.04915e-05	 
0.983973	0.016027	16.0004	-0.000304241	 -0.00014769	8.00295e-05	1.29222e-05	 -3.10611e-05	  -8.35556e-05	 
0.982978	0.0170223	16.994	-0.000297429	 -0.000146159	6.7427e-05	1.59603e-05	 -3.06436e-05	  -8.6056e-05	 
0.981953	0.0180467	18.0167	-0.000286592	 -0.000144182	5.76819e-05	1.92896e-05	 -3.07097e-05	  -8.86712e-05	 
0.9809	0.0191002	19.0684	-0.000275467	 -0.000139913	5.04924e-05	2.23644e-05	 -3.08287e-05	  -9.24327e-05	 
0.979817	0.0201827	20.1491	-0.000263123	 -0.000134667	4.41537e-05	2.52154e-05	 -3.12418e-05	  -9.68221e-05	 
0.978706	0.0212941	21.2587	-0.000249613	 -0.00012866	3.79566e-05	2.71687e-05	 -3.14038e-05	  -0.000100264	 
0.977565	0.0224345	22.3972	-0.000236242	 -0.000119606	3.22922e-05	2.76364e-05	 -3.12908e-05	  -0.000103388	 
0.976396	0.0236036	23.5644	-0.000223374	 -0.000111733	2.74124e-05	2.66598e-05	 -3.09429e-05	  -0.000105087	 
0.975198	0.0248015	24.7603	-0.000210699	 -0.00010315	2.32168e-05	2.39272e-05	 -3.02891e-05	  -0.000104582	 
0.973972	0.026028	25.9847	-0.00019714	 -9.66509e-05	2.02779e-05	1.99453e-05	 -2.92177e-05	  -0.000103089	 
0.972717	0.027283	27.2376	-0.000183017	 -9.06608e-05	1.88514e-05	1.51729e-05	 -2.80116e-05	  -0.000101785	 
0.971433	0.0285666	28.5191	-0.000167552	 -8.28891e-05	1.84411e-05	1.05399e-05	 -2.6897e-05	  -0.000100169	 
0.970121	0.0298785	29.8288	-0.000151158	 -7.23849e-05	1.77605e-05	7.01916e-06	 -2.63754e-05	  -9.91855e-05	 
0.968781	0.0312187	31.1668	-0.000136184	 -6.20661e-05	1.67134e-05	4.76107e-06	 -2.59769e-05	  -9.84293e-05	 
0.967413	0.0325872	32.533	-0.000128122	 -5.39094e-05	1.52769e-05	3.5983e-06	 -2.61649e-05	  -9.68124e-05	 
0.966016	0.0339838	33.9273	-0.000123388	 -4.88055e-05	1.28786e-05	3.11258e-06	 -2.68597e-05	  -9.46685e-05	 
0.964592	0.0354084	35.3495	-0.000121369	 -4.75077e-05	9.73622e-06	3.09353e-06	 -2.74578e-05	  -9.27254e-05	 
0.963139	0.036861	36.7997	-0.000118141	 -4.78232e-05	7.41519e-06	3.42777e-06	 -2.74993e-05	  -9.05665e-05	 
0.961658	0.0383415	38.2778	-0.000115657	 -4.82954e-05	6.44456e-06	3.91666e-06	 -2.71888e-05	  -8.88676e-05	 
0.96015	0.0398497	39.7834	-0.000114023	 -4.80112e-05	6.47276e-06	4.43001e-06	 -2.67316e-05	  -8.70695e-05	 
0.958614	0.0413856	41.3168	-0.000112974	 -4.76044e-05	7.44186e-06	5.00821e-06	 -2.606e-05	  -8.55063e-05	 
0.957051	0.042949	42.8776	-0.00011323	 -4.69679e-05	8.26667e-06	5.84035e-06	 -2.5541e-05	  -8.42719e-05	 
0.95546	0.0445399	44.4659	-0.00011461	 -4.78979e-05	8.06414e-06	6.86151e-06	 -2.57292e-05	  -8.36819e-05	 
0.953842	0.0461581	46.0814	-0.000114737	 -5.02606e-05	7.22092e-06	7.98764e-06	 -2.61409e-05	  -8.28556e-05	 
0.952196	0.0478037	47.7242	-0.000115069	 -5.438e-05	6.01282e-06	9.14331e-06	 -2.70885e-05	  -8.15819e-05	 
0.950524	0.0494763	49.394	-0.000113869	 -5.92882e-05	5.42629e-06	1.02585e-05	 -2.78642e-05	  -8.05227e-05	 
0.948824	0.0511761	51.091	-0.000112007	 -6.13355e-05	6.92112e-06	1.13442e-05	 -2.84129e-05	  -7.89507e-05	 
0.947097	0.0529027	52.8147	-0.000110842	 -6.21516e-05	8.47316e-06	1.23976e-05	 -2.84037e-05	  -7.76089e-05	 
0.945344	0.0546562	54.5653	-0.000108441	 -6.16572e-05	9.4982e-06	1.36277e-05	 -2.77692e-05	  -7.59015e-05	 
0.943563	0.0564365	56.3427	-0.000106085	 -6.03798e-05	1.01081e-05	1.47408e-05	 -2.72837e-05	  -7.38223e-05	 
0.941757	0.0582433	58.1465	-0.000102372	 -5.87917e-05	9.89381e-06	1.5324e-05	 -2.6806e-05	  -7.1846e-05	 
0.939923	0.0600766	59.9767	-9.91159e-05	 -5.76761e-05	9.04459e-06	1.50206e-05	 -2.72287e-05	  -6.99955e-05	 
0.938064	0.0619363	61.8333	-9.53195e-05	 -5.6506e-05	8.29599e-06	1.41568e-05	 -2.80031e-05	  -6.8066e-05	 
0.936178	0.0638223	63.7162	-9.24553e-05	 -5.43732e-05	7.60308e-06	1.32242e-05	 -2.92224e-05	  -6.65277e-05	 
0.934266	0.0657344	65.6251	-8.88816e-05	 -5.14637e-05	7.08292e-06	1.24529e-05	 -3.03382e-05	  -6.47727e-05	 
0.932327	0.0676725	67.56	-8.57228e-05	 -4.8188e-05	6.87357e-06	1.18713e-05	 -3.14283e-05	  -6.35251e-05	 
0.930363	0.0696366	69.5208	-8.08885e-05	 -4.57537e-05	6.60772e-06	1.13954e-05	 -3.19859e-05	  -6.19276e-05	 
0.928374	0.0716264	71.5073	-7.45879e-05	 -4.30358e-05	5.84953e-06	1.08643e-05	 -3.1931e-05	  -6.02135e-05	 
0.926358	0.0736418	73.5194	-6.8294e-05	 -4.03003e-05	5.63635e-06	1.0398e-05	 -3.12358e-05	  -5.84587e-05	 
0.924317	0.0756828	75.557	-6.20899e-05	 -3.80004e-05	5.8165e-06	9.85594e-06	 -3.01766e-05	  -5.77105e-05	 
0.922251	0.0777492	77.6199	-5.70438e-05	 -3.75636e-05	5.80859e-06	9.22244e-06	 -2.87571e-05	  -5.68254e-05	 
0.920159	0.0798409	79.7082	-5.3174e-05	 -3.9194e-05	5.37137e-06	8.60749e-06	 -2.72718e-05	  -5.68194e-05	 
0.918042	0.0819577	81.8214	-5.05954e-05	 -4.11111e-05	4.53743e-06	8.33569e-06	 -2.56854e-05	  -5.66019e-05	 
0.915901	0.0840995	83.9597	-4.90061e-05	 -4.26645e-05	3.81353e-06	8.25786e-06	 -2.40526e-05	  -5.62815e-05	 
0.913734	0.0862663	86.1229	-4.82153e-05	 -4.46505e-05	3.56188e-06	8.31325e-06	 -2.28e-05	  -5.56789e-05	 
0.911542	0.0884577	88.3106	-4.77857e-05	 -4.74481e-05	3.65557e-06	8.51127e-06	 -2.19696e-05	  -5.47146e-05	 
0.909326	0.0906738	90.5231	-4.73128e-05	 -5.04346e-05	4.06591e-06	9.02818e-06	 -2.15168e-05	  -5.36967e-05	 
0.907086	0.0929143	92.7598	-4.73615e-05	 -5.2523e-05	4.35091e-06	9.99921e-06	 -2.106e-05	  -5.27802e-05	 
0.904821	0.0951792	95.021	-4.77889e-05	 -5.41925e-05	4.52192e-06	1.12376e-05	 -2.06476e-05	  -5.21823e-05	 
0.902532	0.0974682	97.3062	-4.87707e-05	 -5.54933e-05	4.80058e-06	1.25162e-05	 -2.01661e-05	  -5.16768e-05	 
0.900219	0.0997814	99.6155	-5.1395e-05	 -5.67567e-05	4.93412e-06	1.32487e-05	 -1.98472e-05	  -5.12415e-05	 
0.897882	0.102118	101.949	-5.50438e-05	 -5.81017e-05	4.72246e-06	1.30746e-05	 -1.96701e-05	  -5.13181e-05	 
0.895521	0.104479	104.306	-5.90778e-05	 -5.8948e-05	4.27501e-06	1.19375e-05	 -1.99659e-05	  -5.16639e-05	 
0.893136	0.106864	106.686	-6.18313e-05	 -5.83434e-05	3.76845e-06	9.97526e-06	 -2.08785e-05	  -5.1755e-05	 
0.890729	0.109271	109.09	-6.36334e-05	 -5.72484e-05	2.95966e-06	8.29715e-06	 -2.24105e-05	  -5.18553e-05	 
0.888297	0.111703	111.517	-6.49955e-05	 -5.61999e-05	2.29626e-06	7.51853e-06	 -2.33922e-05	  -5.22134e-05	 
0.885843	0.114157	113.967	-6.70613e-05	 -5.52385e-05	2.58563e-06	7.33116e-06	 -2.34867e-05	  -5.2806e-05	 
0.883365	0.116635	116.441	-7.00003e-05	 -5.48198e-05	2.819e-06	6.89586e-06	 -2.26551e-05	  -5.35308e-05	 
0.880865	0.119135	118.937	-7.29609e-05	 -5.38382e-05	2.9232e-06	5.75676e-06	 -2.15857e-05	  -5.35286e-05	 
0.878342	0.121658	121.456	-7.51568e-05	 -5.28388e-05	3.52968e-06	4.29017e-06	 -2.06442e-05	  -5.34867e-05	 
0.875796	0.124204	123.997	-7.68295e-05	 -5.25509e-05	3.97402e-06	3.23555e-06	 -2.03151e-05	  -5.30677e-05	 
0.873228	0.126772	126.561	-7.9747e-05	 -5.26776e-05	3.66259e-06	2.94453e-06	 -2.06162e-05	  -5.25308e-05	 
0.870638	0.129362	129.147	-8.39853e-05	 -5.32822e-05	2.87107e-06	3.15281e-06	 -2.14405e-05	  -5.32835e-05	 
0.868026	0.131974	131.755	-8.88717e-05	 -5.46216e-05	2.13322e-06	3.56237e-06	 -2.23397e-05	  -5.37124e-05	 
0.865391	0.134609	134.385	-9.38983e-05	 -5.5344e-05	1.60909e-06	4.15328e-06	 -2.2683e-05	  -5.33825e-05	 
0.862735	0.137265	137.036	-9.9615e-05	 -5.56465e-05	1.6161e-06	4.95599e-06	 -2.29026e-05	  -5.33136e-05	 
0.860058	0.139942	139.71	-0.000106344	 -5.57088e-05	2.27694e-06	5.58911e-06	 -2.27751e-05	  -5.32912e-05	 
0.857358	0.142642	142.404	-0.000111084	 -5.63178e-05	2.94148e-06	6.0147e-06	 -2.26901e-05	  -5.31821e-05	 
0.854638	0.145362	145.12	-0.000113814	 -5.62491e-05	2.92421e-06	6.33403e-06	 -2.28314e-05	  -5.29236e-05	 
0.851896	0.148104	147.858	-0.000114426	 -5.54919e-05	2.90421e-06	6.94296e-06	 -2.32734e-05	  -5.24573e-05	 
0.849134	0.150866	150.615	-0.000113267	 -5.53052e-05	3.06584e-06	7.80854e-06	 -2.39512e-05	  -5.19849e-05	 
0.84635	0.15365	153.394	-0.000109204	 -5.51005e-05	3.32682e-06	8.72494e-06	 -2.44491e-05	  -5.12802e-05	 
0.843546	0.156454	156.194	-0.000104064	 -5.44838e-05	2.5833e-06	9.43094e-06	 -2.46365e-05	  -5.01122e-05	 
0.840722	0.159278	159.013	-9.76743e-05	 -5.39981e-05	2.20193e-06	9.70739e-06	 -2.43774e-05	  -4.90026e-05	 
0.837877	0.162123	161.853	-9.08859e-05	 -5.37927e-05	2.36017e-06	9.60348e-06	 -2.40484e-05	  -4.82876e-05	 
0.835012	0.164988	164.714	-8.51159e-05	 -5.41044e-05	2.84708e-06	9.22004e-06	 -2.34858e-05	  -4.76818e-05	 
0.832127	0.167873	167.594	-7.94177e-05	 -5.30263e-05	3.15648e-06	8.77652e-06	 -2.26876e-05	  -4.80141e-05	 
0.829223	0.170777	170.493	-7.39079e-05	 -5.14833e-05	2.98219e-06	8.29987e-06	 -2.17464e-05	  -4.7756e-05	 
0.826298	0.173702	173.413	-6.93902e-05	 -4.92984e-05	2.75132e-06	7.85123e-06	 -2.09222e-05	  -4.71469e-05	 
0.823355	0.176645	176.352	-6.59898e-05	 -4.54767e-05	2.87036e-06	7.86621e-06	 -2.05404e-05	  -4.60833e-05	 
0.820392	0.179608	179.309	-6.30691e-05	 -4.18693e-05	3.12513e-06	8.53411e-06	 -2.09752e-05	  -4.55918e-05	 
0.81741	0.18259	182.287	-5.9755e-05	 -3.99958e-05	3.05689e-06	9.69403e-06	 -2.19062e-05	  -4.45328e-05	 
0.814409	0.185591	185.282	-5.71363e-05	 -4.0103e-05	2.92849e-06	1.09424e-05	 -2.28644e-05	  -4.34336e-05	 
0.81139	0.18861	188.297	-5.42703e-05	 -4.06639e-05	3.07549e-06	1.18999e-05	 -2.3704e-05	  -4.30359e-05	 
0.808352	0.191648	191.33	-5.10683e-05	 -4.05165e-05	2.66751e-06	1.24491e-05	 -2.40172e-05	  -4.20801e-05	 
0.805295	0.194705	194.381	-4.85679e-05	 -3.95042e-05	2.04589e-06	1.24063e-05	 -2.37893e-05	  -4.12788e-05	 
0.802221	0.197779	197.451	-4.68256e-05	 -3.82265e-05	1.75864e-06	1.20819e-05	 -2.31088e-05	  -4.08219e-05	 
0.799128	0.200872	200.538	-4.55828e-05	 -3.78702e-05	2.07479e-06	1.1479e-05	 -2.26315e-05	  -4.02094e-05	 
0.796018	0.203982	203.643	-4.4753e-05	 -3.81516e-05	2.40563e-06	1.0731e-05	 -2.26581e-05	  -3.96119e-05	 
0.79289	0.20711	206.766	-4.36272e-05	 -3.75807e-05	2.62188e-06	9.90799e-06	 -2.3104e-05	  -3.88017e-05	 
0.789744	0.210256	209.906	-4.29217e-05	 -3.52304e-05	2.73369e-06	8.92864e-06	 -2.34103e-05	  -3.80252e-05	 
0.786582	0.213418	213.064	-4.31356e-05	 -3.27305e-05	2.6606e-06	7.91886e-06	 -2.38896e-05	  -3.75417e-05	 
0.783402	0.216598	216.238	-4.40962e-05	 -3.12829e-05	2.66233e-06	7.248e-06	 -2.43988e-05	  -3.70866e-05	 
0.780205	0.219795	219.429	-4.61258e-05	 -3.20833e-05	2.72214e-06	7.03869e-06	 -2.49715e-05	  -3.68183e-05	 
0.776992	0.223008	222.637	-4.75296e-05	 -3.35509e-05	2.73671e-06	7.3657e-06	 -2.51224e-05	  -3.63924e-05	 
0.773763	0.226237	225.861	-4.79992e-05	 -3.42322e-05	2.66084e-06	8.2891e-06	 -2.46966e-05	  -3.57325e-05	 
0.770517	0.229483	229.102	-4.65792e-05	 -3.42049e-05	2.78542e-06	9.44142e-06	 -2.38831e-05	  -3.49215e-05	 
0.767255	0.232745	232.358	-4.39739e-05	 -3.38507e-05	3.13442e-06	1.08269e-05	 -2.34502e-05	  -3.42819e-05	 
0.763977	0.236023	235.631	-4.14744e-05	 -3.43834e-05	3.33583e-06	1.20662e-05	 -2.3488e-05	  -3.37532e-05	 
0.760683	0.239317	238.919	-3.9035e-05	 -3.5653e-05	3.06844e-06	1.33314e-05	 -2.39142e-05	  -3.38326e-05	 
0.757374	0.242626	242.223	-3.73882e-05	 -3.80688e-05	2.4537e-06	1.45337e-05	 -2.42939e-05	  -3.38547e-05	 
0.754049	0.245951	245.542	-3.71282e-05	 -3.9983e-05	2.27896e-06	1.55836e-05	 -2.44165e-05	  -3.38519e-05	 
0.75071	0.24929	248.876	-3.78091e-05	 -4.14022e-05	2.5761e-06	1.60938e-05	 -2.43324e-05	  -3.40154e-05	 
0.747355	0.252645	252.225	-3.84773e-05	 -4.15448e-05	2.78681e-06	1.5978e-05	 -2.43829e-05	  -3.42071e-05	 
0.743986	0.256014	255.588	-3.92383e-05	 -4.17341e-05	2.59121e-06	1.51043e-05	 -2.47246e-05	  -3.44885e-05	 
0.740603	0.259397	258.966	-3.99256e-05	 -4.27074e-05	2.26927e-06	1.39476e-05	 -2.47984e-05	  -3.48128e-05	 
0.737205	0.262795	262.359	-4.11751e-05	 -4.44843e-05	1.82637e-06	1.28589e-05	 -2.44463e-05	  -3.51676e-05	 
0.733792	0.266208	265.765	-4.31992e-05	 -4.63179e-05	1.77196e-06	1.20623e-05	 -2.3732e-05	  -3.53555e-05	 
0.730366	0.269634	269.185	-4.5807e-05	 -4.58902e-05	1.7964e-06	1.15327e-05	 -2.24597e-05	  -3.54379e-05	 
0.726927	0.273073	272.619	-4.81525e-05	 -4.41395e-05	1.72975e-06	1.10404e-05	 -2.13859e-05	  -3.51878e-05	 
0.723473	0.276527	276.067	-5.06688e-05	 -4.2529e-05	1.66551e-06	1.06851e-05	 -2.043e-05	  -3.53582e-05	 
0.720007	0.279993	279.528	-5.36058e-05	 -4.07564e-05	1.64269e-06	1.03387e-05	 -1.97221e-05	  -3.56985e-05	 
0.716527	0.283473	283.001	-5.63692e-05	 -3.82373e-05	1.41157e-06	9.55727e-06	 -1.91903e-05	  -3.55725e-05	 
0.713035	0.286965	286.488	-5.89708e-05	 -3.57148e-05	1.44366e-06	8.63874e-06	 -1.89489e-05	  -3.65648e-05	 
0.70953	0.29047	289.988	-6.10546e-05	 -3.34932e-05	2.02874e-06	7.39396e-06	 -1.90044e-05	  -3.80909e-05	 
0.706012	0.293988	293.499	-6.32457e-05	 -3.16074e-05	2.83282e-06	6.27664e-06	 -1.92675e-05	  -3.92368e-05	 
0.702482	0.297518	297.023	-6.45589e-05	 -3.05277e-05	3.05402e-06	5.60847e-06	 -1.95285e-05	  -4.01103e-05	 
0.69894	0.30106	300.56	-6.44978e-05	 -3.00484e-05	2.92181e-06	5.38692e-06	 -1.95206e-05	  -4.06536e-05	 
0.695386	0.304614	304.108	-6.52749e-05	 -2.97593e-05	2.45685e-06	5.65714e-06	 -1.93429e-05	  -4.12182e-05	 
0.69182	0.30818	307.667	-6.62691e-05	 -2.92699e-05	1.90499e-06	6.36364e-06	 -1.92042e-05	  -4.23093e-05	 
0.688244	0.311756	311.238	-6.75577e-05	 -2.89153e-05	1.92851e-06	7.46579e-06	 -1.92551e-05	  -4.26862e-05	 
0.684655	0.315345	314.82	-6.90387e-05	 -2.8772e-05	2.29248e-06	8.63353e-06	 -1.93958e-05	  -4.2581e-05	 
0.681056	0.318944	318.414	-6.92222e-05	 -2.91328e-05	2.25755e-06	9.66792e-06	 -1.98188e-05	  -4.26715e-05	 
0.677446	0.322554	322.018	-6.84691e-05	 -2.97455e-05	2.17677e-06	1.0363e-05	 -2.04309e-05	  -4.28318e-05	 
0.673826	0.326174	325.632	-6.52101e-05	 -3.05776e-05	2.20802e-06	1.05118e-05	 -2.11392e-05	  -4.33765e-05	 
0.670195	0.329805	329.257	-6.26898e-05	 -3.29626e-05	2.19939e-06	9.94484e-06	 -2.1652e-05	  -4.45674e-05	 
0.666554	0.333446	332.892	-6.22698e-05	 -3.64555e-05	1.9545e-06	8.99087e-06	 -2.20567e-05	  -4.47914e-05	 
0.662903	0.337097	336.537	-6.41182e-05	 -4.03288e-05	1.4497e-06	7.7861e-06	 -2.22336e-05	  -4.44564e-05	 
0.659242	0.340758	340.192	-6.61956e-05	 -4.30457e-05	1.21372e-06	6.55413e-06	 -2.23135e-05	  -4.48116e-05	 
0.655571	0.344429	343.856	-6.6917e-05	 -4.45967e-05	1.09953e-06	5.42969e-06	 -2.19556e-05	  -4.44236e-05	 
0.651892	0.348108	347.529	-6.83572e-05	 -4.48827e-05	1.19375e-06	4.69052e-06	 -2.19877e-05	  -4.42295e-05	 
0.648203	0.351797	351.212	-6.98062e-05	 -4.52241e-05	1.5542e-06	4.87704e-06	 -2.23399e-05	  -4.2977e-05	 
0.644506	0.355494	354.903	-7.21227e-05	 -4.50346e-05	1.96224e-06	5.81296e-06	 -2.23299e-05	  -4.2075e-05	 
0.640799	0.359201	358.603	-7.52811e-05	 -4.36425e-05	2.04258e-06	6.36516e-06	 -2.18489e-05	  -4.14969e-05	 
0.637085	0.362915	362.312	-7.82905e-05	 -4.15689e-05	1.79275e-06	6.22881e-06	 -2.10636e-05	  -4.10753e-05	 
0.633362	0.366638	366.028	-8.00849e-05	 -3.97894e-05	1.35976e-06	5.69874e-06	 -2.03164e-05	  -4.04974e-05	 
0.629631	0.370369	369.753	-8.17006e-05	 -3.83528e-05	1.30022e-06	4.94729e-06	 -1.98736e-05	  -3.98883e-05	 
0.625893	0.374107	373.485	-8.22372e-05	 -3.70923e-05	1.26243e-06	4.23479e-06	 -2.02724e-05	  -3.93246e-05	 
0.622146	0.377854	377.225	-8.09962e-05	 -3.59309e-05	9.79515e-07	3.6515e-06	 -2.14454e-05	  -3.87852e-05	 
0.618393	0.381607	380.973	-7.99274e-05	 -3.48186e-05	8.0003e-07	3.01554e-06	 -2.28301e-05	  -3.83774e-05	 
0.614632	0.385368	384.727	-7.91546e-05	 -3.25715e-05	9.24049e-07	2.30295e-06	 -2.46658e-05	  -3.84443e-05	 
0.610865	0.389135	388.488	-7.76136e-05	 -2.88476e-05	1.53732e-06	1.70318e-06	 -2.61263e-05	  -3.8744e-05	 
0.60709	0.39291	392.256	-7.61436e-05	 -2.49783e-05	1.93302e-06	1.59654e-06	 -2.72749e-05	  -3.84588e-05	 
0.60331	0.39669	396.031	-7.45653e-05	 -2.28326e-05	2.05963e-06	1.87885e-06	 -2.76063e-05	  -3.80306e-05	 
0.599523	0.400477	399.811	-7.41878e-05	 -2.31688e-05	1.96814e-06	2.20638e-06	 -2.73987e-05	  -3.79962e-05	 
0.59573	0.40427	403.598	-7.32464e-05	 -2.44673e-05	1.60328e-06	2.75566e-06	 -2.6719e-05	  -3.88909e-05	 
0.591931	0.408069	407.39	-7.23899e-05	 -2.49545e-05	1.61523e-06	4.00869e-06	 -2.58407e-05	  -3.90689e-05	 
0.588127	0.411873	411.188	-7.10935e-05	 -2.46126e-05	1.99926e-06	5.81312e-06	 -2.48686e-05	  -3.90657e-05	 
0.584317	0.415683	414.992	-6.95888e-05	 -2.4327e-05	2.56081e-06	7.82987e-06	 -2.3757e-05	  -3.925e-05	 
0.580502	0.419498	418.8	-6.83915e-05	 -2.48601e-05	2.66992e-06	9.99899e-06	 -2.25927e-05	  -3.98338e-05	 
0.576683	0.423317	422.613	-6.62698e-05	 -2.56535e-05	2.29951e-06	1.21786e-05	 -2.16673e-05	  -3.99176e-05	 
0.572858	0.427142	426.431	-6.42831e-05	 -2.61254e-05	1.52578e-06	1.39326e-05	 -2.07023e-05	  -3.96373e-05	 
0.56903	0.43097	430.254	-6.20539e-05	 -2.69706e-05	8.3912e-07	1.48584e-05	 -2.02164e-05	  -3.90389e-05	 
0.565197	0.434803	434.081	-6.09945e-05	 -2.78118e-05	8.00007e-07	1.50551e-05	 -1.99589e-05	  -3.94416e-05	 
0.56136	0.43864	437.911	-6.02175e-05	 -2.8021e-05	8.26546e-07	1.44397e-05	 -1.98887e-05	  -3.93443e-05	 
0.557519	0.442481	441.746	-6.03198e-05	 -2.78754e-05	9.47146e-07	1.36978e-05	 -1.9959e-05	  -3.93956e-05	 
0.553674	0.446326	445.584	-6.00302e-05	 -2.78323e-05	1.3172e-06	1.26223e-05	 -1.97759e-05	  -3.99697e-05	 
0.549827	0.450173	449.425	-5.9022e-05	 -2.83944e-05	2.06562e-06	1.12661e-05	 -1.93746e-05	  -3.97631e-05	 
0.545976	0.454024	453.269	-5.74627e-05	 -2.94356e-05	2.4815e-06	9.72755e-06	 -1.91728e-05	  -3.95861e-05	 
0.542122	0.457878	457.117	-5.6397e-05	 -3.10415e-05	2.60636e-06	8.08991e-06	 -1.91966e-05	  -3.88432e-05	 
0.538266	0.461734	460.967	-5.54107e-05	 -3.25652e-05	2.42456e-06	6.49944e-06	 -1.96815e-05	  -3.80897e-05	 
0.534407	0.465593	464.819	-5.41884e-05	 -3.3927e-05	2.01802e-06	5.26556e-06	 -2.02618e-05	  -3.81468e-05	 
0.530546	0.469454	468.674	-5.23209e-05	 -3.45003e-05	1.69786e-06	4.21422e-06	 -2.06337e-05	  -3.82878e-05	 
0.526683	0.473317	472.53	-5.02928e-05	 -3.55637e-05	1.66724e-06	3.42467e-06	 -2.0801e-05	  -3.85115e-05	 
0.522818	0.477182	476.389	-4.98701e-05	 -3.68018e-05	1.67309e-06	3.06546e-06	 -2.12918e-05	  -3.89856e-05	 
0.518952	0.481048	480.248	-5.02712e-05	 -3.82469e-05	1.6573e-06	3.12742e-06	 -2.16771e-05	  -3.8853e-05	 
0.515084	0.484916	484.11	-5.04499e-05	 -3.91447e-05	1.70914e-06	3.50328e-06	 -2.22818e-05	  -3.89393e-05	 
0.511216	0.488784	487.972	-5.0041e-05	 -3.90002e-05	1.79256e-06	4.08757e-06	 -2.27201e-05	  -3.96635e-05	 
0.507346	0.492654	491.835	-4.99573e-05	 -3.72124e-05	1.85241e-06	4.66731e-06	 -2.28652e-05	  -4.04917e-05	 
0.503476	0.496524	495.699	-4.99128e-05	 -3.43751e-05	1.91282e-06	5.57919e-06	 -2.25861e-05	  -4.16279e-05	 
0.499605	0.500395	499.563	-4.98342e-05	 -3.13859e-05	1.94866e-06	6.83518e-06	 -2.2219e-05	  -4.16957e-05	 
0.495735	0.504265	503.427	-5.11034e-05	 -3.00777e-05	1.93248e-06	8.23292e-06	 -2.22228e-05	  -4.1168e-05	 
0.491864	0.508136	507.291	-5.27116e-05	 -3.06784e-05	1.9002e-06	9.78209e-06	 -2.24575e-05	  -4.12418e-05	 
0.487994	0.512006	511.155	-5.45734e-05	 -3.14722e-05	1.86e-06	1.17971e-05	 -2.28482e-05	  -4.12956e-05	 
0.484124	0.515876	515.019	-5.51429e-05	 -3.19443e-05	1.9643e-06	1.39913e-05	 -2.31373e-05	  -4.09489e-05	 
0.480255	0.519745	518.881	-5.44948e-05	 -3.18468e-05	2.05937e-06	1.6013e-05	 -2.34379e-05	  -4.03961e-05	 
0.476386	0.523613	522.743	-5.38092e-05	 -3.30612e-05	2.03659e-06	1.73907e-05	 -2.37954e-05	  -4.06957e-05	 
0.472519	0.527481	526.604	-5.26458e-05	 -3.52081e-05	1.90409e-06	1.83247e-05	 -2.39907e-05	  -4.10935e-05	 
0.468654	0.531346	530.463	-5.10619e-05	 -3.70882e-05	1.6306e-06	1.89156e-05	 -2.42502e-05	  -4.14334e-05	 
0.46479	0.53521	534.32	-4.87055e-05	 -3.75622e-05	1.52109e-06	1.92113e-05	 -2.42677e-05	  -4.13781e-05	 
0.460928	0.539072	538.176	-4.69576e-05	 -3.76578e-05	1.57634e-06	1.92846e-05	 -2.38347e-05	  -4.07357e-05	 
0.457068	0.542932	542.029	-4.50227e-05	 -3.74154e-05	1.7434e-06	1.90989e-05	 -2.37049e-05	  -4.07577e-05	 
0.45321	0.54679	545.881	-4.35909e-05	 -3.77301e-05	1.90069e-06	1.87865e-05	 -2.34302e-05	  -4.11281e-05	 
0.449355	0.550645	549.73	-4.10339e-05	 -3.76706e-05	2.00685e-06	1.85327e-05	 -2.29685e-05	  -4.08855e-05	 
0.445503	0.554497	553.575	-3.87202e-05	 -3.67198e-05	2.12592e-06	1.82014e-05	 -2.23104e-05	  -4.0763e-05	 
0.441653	0.558347	557.418	-3.62312e-05	 -3.452e-05	2.15233e-06	1.7481e-05	 -2.14876e-05	  -4.06882e-05	 
0.437807	0.562193	561.258	-3.36569e-05	 -3.10162e-05	2.10266e-06	1.6566e-05	 -2.06069e-05	  -4.1145e-05	 
0.433964	0.566036	565.095	-3.13487e-05	 -2.75925e-05	2.08605e-06	1.56066e-05	 -1.97898e-05	  -4.09627e-05	 
0.430125	0.569875	568.927	-2.9447e-05	 -2.50461e-05	2.17497e-06	1.49529e-05	 -1.89394e-05	  -4.10887e-05	 
0.42629	0.57371	572.756	-2.74366e-05	 -2.34964e-05	1.98346e-06	1.46682e-05	 -1.80967e-05	  -4.14963e-05	 
0.422459	0.577541	576.581	-2.59525e-05	 -2.21448e-05	1.53671e-06	1.47235e-05	 -1.77054e-05	  -4.1906e-05	 
0.418632	0.581368	580.401	-2.52502e-05	 -2.06713e-05	1.25021e-06	1.50288e-05	 -1.73938e-05	  -4.2179e-05	 
0.41481	0.58519	584.217	-2.5284e-05	 -1.91646e-05	1.29175e-06	1.53598e-05	 -1.74147e-05	  -4.24914e-05	 
0.410993	0.589007	588.028	-2.58966e-05	 -1.82809e-05	1.63462e-06	1.57018e-05	 -1.74902e-05	  -4.24035e-05	 
0.40718	0.59282	591.834	-2.68008e-05	 -1.83484e-05	1.94865e-06	1.5981e-05	 -1.76202e-05	  -4.21706e-05	 
0.403373	0.596627	595.635	-2.8192e-05	 -2.02296e-05	1.94569e-06	1.62864e-05	 -1.78268e-05	  -4.19212e-05	 
0.399572	0.600429	599.43	-2.93506e-05	 -2.42213e-05	1.74415e-06	1.63746e-05	 -1.82584e-05	  -4.17712e-05	 
0.395775	0.604225	603.22	-2.98226e-05	 -2.89213e-05	1.71642e-06	1.63636e-05	 -1.88384e-05	  -4.14849e-05	 
0.391985	0.608015	607.004	-2.95957e-05	 -3.20231e-05	1.71773e-06	1.62088e-05	 -1.9331e-05	  -4.05024e-05	 
0.388201	0.611799	610.782	-2.92775e-05	 -3.31911e-05	1.79937e-06	1.61389e-05	 -1.96636e-05	  -4.00049e-05	 
0.384424	0.615576	614.553	-2.92563e-05	 -3.34966e-05	1.98398e-06	1.57302e-05	 -1.97808e-05	  -4.02035e-05	 
0.380653	0.619347	618.318	-2.93811e-05	 -3.26781e-05	2.13496e-06	1.52395e-05	 -1.96343e-05	  -4.0498e-05	 
0.376888	0.623112	622.076	-2.92578e-05	 -3.08753e-05	2.12168e-06	1.46236e-05	 -1.95331e-05	  -4.08375e-05	 
0.373131	0.626869	625.827	-2.90667e-05	 -2.74009e-05	1.9788e-06	1.40518e-05	 -1.95774e-05	  -4.10589e-05	 
0.369381	0.630619	629.571	-2.88461e-05	 -2.39232e-05	1.80943e-06	1.33031e-05	 -1.98349e-05	  -4.05729e-05	 
0.365638	0.634362	633.307	-2.81881e-05	 -2.19641e-05	1.73755e-06	1.22772e-05	 -1.98878e-05	  -3.97318e-05	 
0.361903	0.638097	637.036	-2.73907e-05	 -2.11181e-05	1.78705e-06	1.09893e-05	 -1.9766e-05	  -3.92721e-05	 
0.358176	0.641824	640.757	-2.71887e-05	 -2.11324e-05	1.84061e-06	9.50938e-06	 -1.95688e-05	  -3.88473e-05	 
0.354457	0.645543	644.469	-2.71566e-05	 -2.18635e-05	1.81098e-06	8.00902e-06	 -1.92339e-05	  -3.80136e-05	 
0.350747	0.649253	648.174	-2.72881e-05	 -2.33342e-05	1.73999e-06	6.88324e-06	 -1.9012e-05	  -3.69957e-05	 
0.347045	0.652955	651.87	-2.73066e-05	 -2.48206e-05	1.49716e-06	6.51887e-06	 -1.89521e-05	  -3.67067e-05	 
0.343351	0.656649	655.557	-2.77438e-05	 -2.60589e-05	1.03116e-06	7.0738e-06	 -1.89528e-05	  -3.63315e-05	 
0.339667	0.660333	659.235	-2.8006e-05	 -2.74218e-05	8.56527e-07	8.55386e-06	 -1.88848e-05	  -3.61718e-05	 
0.335992	0.664008	662.904	-2.83334e-05	 -2.8772e-05	9.46829e-07	1.04126e-05	 -1.87388e-05	  -3.57716e-05	 
0.332326	0.667674	666.564	-2.84506e-05	 -3.0138e-05	1.11126e-06	1.22317e-05	 -1.87115e-05	  -3.52587e-05	 
0.32867	0.67133	670.214	-2.84692e-05	 -3.11538e-05	1.36485e-06	1.35381e-05	 -1.89189e-05	  -3.49116e-05	 
0.325024	0.674976	673.854	-2.82285e-05	 -3.24947e-05	1.68932e-06	1.40874e-05	 -1.92381e-05	  -3.5268e-05	 
0.321388	0.678612	677.484	-2.76239e-05	 -3.40975e-05	1.84229e-06	1.38632e-05	 -1.95408e-05	  -3.53508e-05	 
0.317762	0.682238	681.104	-2.63013e-05	 -3.57514e-05	1.93676e-06	1.30718e-05	 -1.96387e-05	  -3.50946e-05	 
0.314146	0.685854	684.713	-2.50336e-05	 -3.7657e-05	2.08504e-06	1.18693e-05	 -1.96395e-05	  -3.48659e-05	 
0.310542	0.689458	688.312	-2.31939e-05	 -3.97e-05	2.24004e-06	1.05483e-05	 -1.98059e-05	  -3.41761e-05	 
0.306948	0.693052	691.9	-2.12642e-05	 -4.09673e-05	2.25411e-06	9.25848e-06	 -1.98986e-05	  -3.37479e-05	 
0.303365	0.696635	695.477	-1.94738e-05	 -4.08514e-05	2.26182e-06	8.62943e-06	 -1.97237e-05	  -3.37046e-05	 
0.299794	0.700206	699.042	-1.81103e-05	 -4.10042e-05	2.26429e-06	8.68662e-06	 -1.95523e-05	  -3.40496e-05	 
0.296234	0.703766	702.596	-1.73948e-05	 -4.19006e-05	2.24766e-06	9.14277e-06	 -1.94869e-05	  -3.46248e-05	 
0.292686	0.707314	706.138	-1.71408e-05	 -4.29077e-05	2.1687e-06	9.93544e-06	 -1.95497e-05	  -3.56233e-05	 
0.28915	0.71085	709.669	-1.73233e-05	 -4.44184e-05	1.97558e-06	1.0693e-05	 -1.93323e-05	  -3.65412e-05	 
0.285626	0.714374	713.187	-1.78387e-05	 -4.61717e-05	1.81519e-06	1.11424e-05	 -1.9451e-05	  -3.62881e-05	 
0.282114	0.717886	716.692	-1.83058e-05	 -4.75723e-05	1.81917e-06	1.12261e-05	 -1.94994e-05	  -3.62113e-05	 
0.278615	0.721385	720.186	-1.85578e-05	 -4.844e-05	1.95538e-06	1.10462e-05	 -1.99748e-05	  -3.63404e-05	 
0.275129	0.724871	723.666	-1.8748e-05	 -4.93734e-05	2.0333e-06	1.10032e-05	 -2.04314e-05	  -3.62272e-05	 
0.271656	0.728344	727.133	-1.94779e-05	 -5.05319e-05	1.93214e-06	1.13353e-05	 -2.09662e-05	  -3.64145e-05	 
0.268196	0.731804	730.587	-2.0729e-05	 -5.06717e-05	1.72193e-06	1.21071e-05	 -2.17643e-05	  -3.74083e-05	 
0.264749	0.735251	734.028	-2.24653e-05	 -4.9757e-05	1.53754e-06	1.27115e-05	 -2.23836e-05	  -3.86031e-05	 
0.261316	0.738684	737.456	-2.4426e-05	 -4.81044e-05	1.6118e-06	1.31564e-05	 -2.30456e-05	  -3.9724e-05	 
0.257897	0.742103	740.869	-2.57085e-05	 -4.71474e-05	1.76873e-06	1.30865e-05	 -2.34585e-05	  -4.17557e-05	 
0.254492	0.745508	744.268	-2.67287e-05	 -4.63443e-05	1.82056e-06	1.26954e-05	 -2.39236e-05	  -4.27991e-05	 
0.251101	0.748899	747.654	-2.70835e-05	 -4.6774e-05	1.82413e-06	1.19044e-05	 -2.45022e-05	  -4.29474e-05	 
0.247725	0.752275	751.024	-2.72228e-05	 -4.70775e-05	1.84751e-06	1.0905e-05	 -2.52332e-05	  -4.30197e-05	 
0.244363	0.755637	754.381	-2.71281e-05	 -4.68584e-05	1.97157e-06	9.60278e-06	 -2.55462e-05	  -4.36123e-05	 
0.241016	0.758984	757.722	-2.72416e-05	 -4.65645e-05	2.19172e-06	8.22616e-06	 -2.57725e-05	  -4.39981e-05	 
0.237684	0.762316	761.048	-2.73191e-05	 -4.62265e-05	2.34326e-06	7.09861e-06	 -2.57973e-05	  -4.379e-05	 
0.234368	0.765632	764.36	-2.73946e-05	 -4.64977e-05	2.3651e-06	6.33614e-06	 -2.58078e-05	  -4.36494e-05	 
0.231066	0.768934	767.655	-2.76206e-05	 -4.6706e-05	2.27978e-06	5.83675e-06	 -2.60986e-05	  -4.35905e-05	 
0.227781	0.772219	770.936	-2.78419e-05	 -4.7321e-05	2.16863e-06	5.48398e-06	 -2.64806e-05	  -4.37296e-05	 
0.224511	0.775489	774.2	-2.79865e-05	 -4.79727e-05	2.13112e-06	5.32472e-06	 -2.64791e-05	  -4.36148e-05	 
0.221257	0.778743	777.448	-2.86796e-05	 -4.84058e-05	2.17941e-06	5.44278e-06	 -2.61828e-05	  -4.36081e-05	 
0.218019	0.781981	780.681	-2.9442e-05	 -4.85611e-05	2.29612e-06	5.63517e-06	 -2.58424e-05	  -4.35738e-05	 
0.214798	0.785202	783.897	-3.00264e-05	 -4.89691e-05	2.43825e-06	5.87194e-06	 -2.54706e-05	  -4.35258e-05	 
0.211593	0.788407	787.096	-3.06378e-05	 -4.94969e-05	2.54724e-06	6.07707e-06	 -2.53879e-05	  -4.34808e-05	 
0.208405	0.791594	790.278	-3.091e-05	 -5.00372e-05	2.567e-06	6.25788e-06	 -2.54138e-05	  -4.38013e-05	 
0.205235	0.794765	793.444	-3.08391e-05	 -4.95465e-05	2.53499e-06	6.31162e-06	 -2.53633e-05	  -4.39338e-05	 
0.202081	0.797919	796.593	-3.01503e-05	 -4.81114e-05	2.46563e-06	6.25402e-06	 -2.48367e-05	  -4.44369e-05	 
0.198945	0.801055	799.724	-3.01672e-05	 -4.52785e-05	2.30622e-06	6.09112e-06	 -2.42104e-05	  -4.43561e-05	 
0.195826	0.804174	802.837	-2.99684e-05	 -4.16088e-05	2.00469e-06	5.82763e-06	 -2.34215e-05	  -4.49048e-05	 
0.192725	0.807275	805.933	-2.99726e-05	 -3.82228e-05	1.63249e-06	5.49732e-06	 -2.26172e-05	  -4.51073e-05	 
0.189641	0.810359	809.011	-2.9786e-05	 -3.54122e-05	1.38696e-06	5.16424e-06	 -2.1971e-05	  -4.55683e-05	 
0.186576	0.813424	812.071	-2.96393e-05	 -3.33674e-05	1.37332e-06	4.89664e-06	 -2.13144e-05	  -4.58681e-05	 
0.18353	0.81647	815.113	-2.96011e-05	 -3.19358e-05	1.41104e-06	4.54696e-06	 -2.06161e-05	  -4.65707e-05	 
0.180501	0.819499	818.136	-2.98467e-05	 -3.0872e-05	1.50124e-06	4.10937e-06	 -2.01011e-05	  -4.68528e-05	 
0.177491	0.822509	821.141	-2.97801e-05	 -2.99235e-05	1.58555e-06	3.67306e-06	 -1.95753e-05	  -4.74186e-05	 
0.174501	0.825499	824.127	-2.93051e-05	 -2.88871e-05	1.66269e-06	3.29635e-06	 -1.92464e-05	  -4.75748e-05	 
0.171529	0.828471	827.094	-2.86397e-05	 -2.76492e-05	1.80319e-06	2.99931e-06	 -1.8758e-05	  -4.80465e-05	 
0.168576	0.831424	830.042	-2.7805e-05	 -2.6246e-05	1.97844e-06	2.84434e-06	 -1.84466e-05	  -4.83643e-05	 
0.165643	0.834357	832.97	-2.69834e-05	 -2.5135e-05	2.15864e-06	2.94364e-06	 -1.80472e-05	  -4.84418e-05	 
0.162729	0.837271	835.879	-2.61064e-05	 -2.43484e-05	2.22996e-06	3.23551e-06	 -1.75067e-05	  -4.8741e-05	 
0.159835	0.840165	838.768	-2.54956e-05	 -2.39968e-05	2.17347e-06	3.33269e-06	 -1.71414e-05	  -4.86772e-05	 
0.156961	0.843039	841.638	-2.44437e-05	 -2.4229e-05	2.06909e-06	3.2537e-06	 -1.68143e-05	  -4.91326e-05	 
0.154107	0.845893	844.487	-2.35653e-05	 -2.443e-05	2.02522e-06	3.33247e-06	 -1.67192e-05	  -4.9863e-05	 
0.151273	0.848727	847.316	-2.28724e-05	 -2.46182e-05	2.0919e-06	3.62822e-06	 -1.69383e-05	  -5.00508e-05	 
0.148459	0.851541	850.125	-2.18957e-05	 -2.51171e-05	2.2278e-06	3.97987e-06	 -1.73156e-05	  -4.9944e-05	 
0.145666	0.854334	852.913	-2.11355e-05	 -2.54711e-05	2.35934e-06	4.25546e-06	 -1.78305e-05	  -4.95584e-05	 
0.142894	0.857106	855.681	-2.01311e-05	 -2.63207e-05	2.42903e-06	4.38289e-06	 -1.83105e-05	  -4.94044e-05	 
0.140143	0.859857	858.427	-1.90559e-05	 -2.77101e-05	2.42434e-06	4.45382e-06	 -1.87591e-05	  -4.91941e-05	 
0.137413	0.862587	861.153	-1.81436e-05	 -2.94446e-05	2.38943e-06	4.5868e-06	 -1.90089e-05	  -4.88867e-05	 
0.134704	0.865296	863.857	-1.72815e-05	 -3.11541e-05	2.36398e-06	4.74853e-06	 -1.94473e-05	  -4.88068e-05	 
0.132017	0.867984	866.54	-1.65512e-05	 -3.2735e-05	2.3504e-06	4.86485e-06	 -1.99549e-05	  -4.86501e-05	 
0.129351	0.870649	869.202	-1.59441e-05	 -3.42521e-05	2.33678e-06	4.91824e-06	 -2.06285e-05	  -4.84901e-05	 
0.126706	0.873293	871.842	-1.52927e-05	 -3.64654e-05	2.32676e-06	4.95916e-06	 -2.15282e-05	  -4.85224e-05	 
0.124084	0.875916	874.46	-1.4715e-05	 -3.96125e-05	2.29218e-06	5.06868e-06	 -2.22526e-05	  -4.87768e-05	 
0.121484	0.878516	877.055	-1.4013e-05	 -4.36037e-05	2.23928e-06	5.21314e-06	 -2.30198e-05	  -4.92471e-05	 
0.118906	0.881094	879.629	-1.35713e-05	 -4.75233e-05	2.18745e-06	5.45184e-06	 -2.36968e-05	  -4.97624e-05	 
0.11635	0.883649	882.18	-1.32727e-05	 -5.04676e-05	2.1086e-06	5.73175e-06	 -2.43868e-05	  -4.98425e-05	 
0.113817	0.886183	884.709	-1.28933e-05	 -5.24119e-05	1.91181e-06	6.0501e-06	 -2.52059e-05	  -5.00052e-05	 
0.111307	0.888693	887.215	-1.26517e-05	 -5.36068e-05	1.68326e-06	6.18421e-06	 -2.58389e-05	  -4.98959e-05	 
0.108819	0.891181	889.699	-1.23164e-05	 -5.46206e-05	1.52311e-06	6.15568e-06	 -2.68639e-05	  -5.00886e-05	 
0.106355	0.893645	892.159	-1.20837e-05	 -5.54821e-05	1.45368e-06	5.97272e-06	 -2.79431e-05	  -4.99117e-05	 
0.103914	0.896086	894.597	-1.19019e-05	 -5.70873e-05	1.45272e-06	5.7943e-06	 -2.91338e-05	  -4.97884e-05	 
0.101496	0.898504	897.011	-1.18353e-05	 -5.89181e-05	1.50175e-06	5.56494e-06	 -3.03208e-05	  -4.93855e-05	 
0.0991009	0.900899	899.401	-1.18315e-05	 -6.11639e-05	1.60562e-06	5.35041e-06	 -3.12767e-05	  -4.85388e-05	 
0.0967299	0.90327	901.768	-1.18661e-05	 -6.31293e-05	1.78057e-06	5.07369e-06	 -3.2275e-05	  -4.8665e-05	 
0.0943825	0.905617	904.112	-1.19151e-05	 -6.54525e-05	1.95183e-06	4.80115e-06	 -3.29146e-05	  -4.86746e-05	 
0.0920591	0.907941	906.431	-1.19466e-05	 -6.67589e-05	2.07597e-06	4.40866e-06	 -3.34814e-05	  -4.90144e-05	 
0.0897597	0.91024	908.727	-1.18459e-05	 -6.92369e-05	2.11427e-06	3.88819e-06	 -3.42452e-05	  -4.94525e-05	 
0.0874845	0.912516	910.998	-1.1711e-05	 -7.11284e-05	2.01848e-06	3.31429e-06	 -3.48796e-05	  -4.99724e-05	 
0.0852336	0.914766	913.246	-1.16005e-05	 -7.28732e-05	1.824e-06	2.773e-06	 -3.6064e-05	  -5.01437e-05	 
0.0830071	0.916993	915.468	-1.1446e-05	 -7.53227e-05	1.64502e-06	2.26385e-06	 -3.69578e-05	  -4.99103e-05	 
0.0808052	0.919195	917.667	-1.13011e-05	 -7.71616e-05	1.58889e-06	1.75588e-06	 -3.82926e-05	  -5.00909e-05	 
0.0786281	0.921372	919.84	-1.11824e-05	 -7.92147e-05	1.63652e-06	1.31535e-06	 -3.98e-05	  -5.0091e-05	 
0.0764757	0.923524	921.989	-1.10213e-05	 -8.07412e-05	1.71585e-06	1.04088e-06	 -4.13964e-05	  -4.99469e-05	 
0.0743484	0.925652	924.113	-1.09506e-05	 -8.30157e-05	1.77816e-06	1.00549e-06	 -4.27439e-05	  -4.99696e-05	 
0.0722462	0.927754	926.211	-1.07983e-05	 -8.53662e-05	1.81856e-06	1.16404e-06	 -4.3994e-05	  -4.96632e-05	 
0.0701693	0.929831	928.285	-1.05275e-05	 -8.75242e-05	1.84733e-06	1.43347e-06	 -4.52006e-05	  -4.98142e-05	 
0.0681178	0.931882	930.333	-1.02021e-05	 -8.95858e-05	1.9095e-06	1.74858e-06	 -4.64186e-05	  -5.0042e-05	 
0.0660917	0.933908	932.356	-9.84124e-06	 -9.10249e-05	2.02443e-06	2.04509e-06	 -4.68556e-05	  -5.04404e-05	 
0.0640913	0.935909	934.353	-9.42849e-06	 -9.21906e-05	2.15461e-06	2.33739e-06	 -4.75061e-05	  -5.03661e-05	 
0.0621167	0.937883	936.324	-9.05991e-06	 -9.24587e-05	2.27909e-06	2.58095e-06	 -4.76944e-05	  -5.01897e-05	 
0.0601679	0.939832	938.27	-8.74304e-06	 -9.26033e-05	2.38121e-06	2.76095e-06	 -4.80997e-05	  -4.9926e-05	 
0.0582452	0.941755	940.189	-8.48346e-06	 -9.23768e-05	2.48395e-06	2.85301e-06	 -4.8604e-05	  -4.95391e-05	 
0.0563486	0.943651	942.083	-8.10477e-06	 -9.24848e-05	2.58083e-06	2.87575e-06	 -4.93617e-05	  -4.87393e-05	 
0.0544782	0.945522	943.95	-7.72811e-06	 -9.3682e-05	2.69653e-06	2.80626e-06	 -4.98346e-05	  -4.84744e-05	 
0.0526343	0.947366	945.791	-7.30576e-06	 -9.4233e-05	2.73372e-06	2.72634e-06	 -5.06438e-05	  -4.80621e-05	 
0.0508168	0.949183	947.605	-6.84953e-06	 -9.57629e-05	2.70956e-06	2.65523e-06	 -5.17462e-05	  -4.78949e-05	 
0.0490259	0.950974	949.393	-6.45628e-06	 -9.75771e-05	2.60796e-06	2.60066e-06	 -5.26197e-05	  -4.74246e-05	 
0.0472617	0.952738	951.154	-6.0944e-06	 -9.87544e-05	2.49111e-06	2.53626e-06	 -5.3193e-05	  -4.72917e-05	 
0.0455243	0.954476	952.889	-5.76165e-06	 -9.95216e-05	2.4088e-06	2.48407e-06	 -5.37128e-05	  -4.66873e-05	 
0.0438139	0.956186	954.596	-5.46238e-06	 -9.98419e-05	2.39252e-06	2.41929e-06	 -5.3669e-05	  -4.6176e-05	 
0.0421305	0.957869	956.277	-5.15196e-06	 -9.93511e-05	2.43063e-06	2.35626e-06	 -5.33966e-05	  -4.52597e-05	 
0.0404743	0.959526	957.93	-4.79055e-06	 -9.89731e-05	2.50219e-06	2.29934e-06	 -5.30284e-05	  -4.40333e-05	 
0.0388453	0.961155	959.557	-4.45033e-06	 -9.79114e-05	2.59681e-06	2.25164e-06	 -5.23611e-05	  -4.3187e-05	 
0.0372437	0.962756	961.156	-4.09306e-06	 -9.70242e-05	2.7212e-06	2.19185e-06	 -5.20736e-05	  -4.21562e-05	 
0.0356696	0.96433	962.727	-3.76472e-06	 -9.62336e-05	2.88317e-06	2.13671e-06	 -5.13539e-05	  -4.16584e-05	 
0.034123	0.965877	964.271	-3.44329e-06	 -9.53896e-05	3.0406e-06	2.08735e-06	 -5.11719e-05	  -4.11756e-05	 
0.0326041	0.967396	965.788	-3.13543e-06	 -9.54702e-05	3.22939e-06	2.0713e-06	 -5.15158e-05	  -4.0831e-05	 
0.0311129	0.968887	967.276	-2.86896e-06	 -9.56766e-05	3.40696e-06	2.08314e-06	 -5.20765e-05	  -4.10241e-05	 
0.0296496	0.97035	968.737	-2.61494e-06	 -9.641e-05	3.61599e-06	2.11252e-06	 -5.29222e-05	  -4.10288e-05	 
0.0282143	0.971786	970.17	-2.36969e-06	 -9.75909e-05	3.86422e-06	2.12384e-06	 -5.35435e-05	  -4.08325e-05	 
0.0268069	0.973193	971.575	-2.15808e-06	 -9.91529e-05	4.12757e-06	2.06102e-06	 -5.42901e-05	  -4.07564e-05	 
0.0254278	0.974572	972.952	-1.97449e-06	 -0.000100442	4.3979e-06	1.90985e-06	 -5.53817e-05	  -4.05004e-05	 
0.0240768	0.975923	974.301	-1.79428e-06	 -0.000101477	4.65538e-06	1.70726e-06	 -5.6023e-05	  -4.0065e-05	 
0.0227542	0.977246	975.621	-1.63452e-06	 -0.000103139	4.89522e-06	1.52942e-06	 -5.70485e-05	  -3.96061e-05	 
0.02146	0.97854	976.913	-1.47824e-06	 -0.000104164	5.17137e-06	1.41368e-06	 -5.74459e-05	  -3.92353e-05	 
0.0201942	0.979806	978.177	-1.32657e-06	 -0.000105352	5.44811e-06	1.38737e-06	 -5.78555e-05	  -3.90779e-05	 
0.0189571	0.981043	979.412	-1.18827e-06	 -0.000106042	5.76811e-06	1.41584e-06	 -5.83414e-05	  -3.90721e-05	 
0.0177485	0.982251	980.618	-1.06002e-06	 -0.000107095	6.06357e-06	1.38152e-06	 -5.87593e-05	  -3.91201e-05	 
0.0165687	0.983431	981.796	-9.3458e-07	 -0.000107252	6.38635e-06	1.26417e-06	 -5.91211e-05	  -3.89498e-05	 
0.0154177	0.984582	982.945	-8.13838e-07	 -0.000108204	6.72405e-06	1.12961e-06	 -5.97734e-05	  -3.89962e-05	 
0.0142956	0.985704	984.066	-7.1282e-07	 -0.00010896	7.0365e-06	9.72278e-07	 -6.07172e-05	  -3.88371e-05	 
0.0132025	0.986798	985.157	-6.12006e-07	 -0.000109164	7.29395e-06	7.59033e-07	 -6.163e-05	  -3.85337e-05	 
0.0121383	0.987862	986.219	-5.25425e-07	 -0.00010908	7.64202e-06	5.08979e-07	 -6.19874e-05	  -3.8497e-05	 
0.0111033	0.988897	987.253	-4.42396e-07	 -0.000109542	7.95433e-06	3.03271e-07	 -6.23379e-05	  -3.87363e-05	 
0.0100975	0.989903	988.257	-3.69257e-07	 -0.000109841	8.36364e-06	1.91274e-07	 -6.29386e-05	  -3.88262e-05	 
0.00912087	0.990879	989.232	-3.04651e-07	 -0.000109913	8.72665e-06	1.36279e-07	 -6.33714e-05	  -3.89957e-05	 
0.00817356	0.991826	990.177	-2.45124e-07	 -0.000109877	9.09427e-06	9.79231e-08	 -6.38369e-05	  -3.89911e-05	 
0.00725563	0.992744	991.094	-1.9467e-07	 -0.00011006	9.44355e-06	6.66509e-08	 -6.40728e-05	  -3.92258e-05	 
0.00636712	0.993633	991.981	-1.51042e-07	 -0.00011032	9.78518e-06	4.21933e-08	 -6.4522e-05	  -3.92425e-05	 
0.00550811	0.994492	992.839	-1.1322e-07	 -0.000110512	1.01311e-05	2.48807e-08	 -6.45129e-05	  -3.93882e-05	 
0.00467865	0.995321	993.667	-8.27295e-08	 -0.000111	1.03887e-05	1.33557e-08	 -6.46726e-05	  -3.93233e-05	 
0.00387879	0.996121	994.465	-5.67197e-08	 -0.000110704	1.06356e-05	6.48564e-09	 -6.48803e-05	  -3.90483e-05	 
0.0031086	0.996891	995.234	-3.67193e-08	 -0.000111237	1.08725e-05	2.70913e-09	 -6.50577e-05	  -3.92983e-05	 
0.00236813	0.997632	995.973	-2.14676e-08	 -0.000111862	1.10437e-05	9.3233e-10	 -6.4979e-05	  -3.92488e-05	 
0.00165743	0.998343	996.683	-1.05173e-08	 -0.000111871	1.12517e-05	2.24376e-10	 -6.52484e-05	  -3.93805e-05	 
0.000976555	0.999023	997.363	-3.65248e-09	 -0.000111858	1.13415e-05	2.72664e-11	 -6.53807e-05	  -3.92563e-05	 
0.000325545	0.999674	998.012	-4.05169e-10	 -0.00011133	1.15973e-05	1.80266e-12	 -6.52592e-05	  -3.91709e-05	 
