# Postprocessed results of turbulent pipe flow 
# Reynolds stress transporation term: k 
# ------------------------------------------------------------------
# uTau = 0.0264811 
# nu = 2.65252e-05 
# ------------------------------------------------------------------
# r	 1-r	 y+	 production	 Turbulent_Transport	 Viscous_Transport	  Pressure_Strain	 Pressure_Transport	 Viscous_Dissipation	 
# ------------------------------------------------------------------
1	0	0	3.54145323408389e-38	-9.62599464374261e-08	0.000480081333218460	-0.128283358344322	0.128458958159753	1.02228062714194e-20
0.999902976248952	9.70237510480310e-05	0.0968905967998106	1.30534099583447e-08	1.23351949615157e-07	0.000830505754233111	-0.127862796589831	0.127569739974954	-0.000394621866370959
0.999775539161755	0.000224460838245011	0.224152790845806	3.59550221326291e-07	1.45195071529083e-06	0.00147555866450617	-0.126643240938169	0.126045873743410	-0.000938297328546002
0.999617704438640	0.000382295561360047	0.381770903453905	2.88315350255573e-06	8.52372423751310e-06	0.00252360879338782	-0.124225880344551	0.123256066330081	-0.00164757348105289
0.999429489613958	0.000570510386041945	0.569727424336849	1.35057973385348e-05	3.40526828826964e-05	0.00381645554901936	-0.120270935577640	0.118851390514558	-0.00253699575177297
0.999210914053114	0.000789085946885981	0.788003014666767	4.62730499297277e-05	0.000105727592057272	0.00534740992649229	-0.114563469360656	0.112591248274386	-0.00361386492649891
0.998961998949404	0.00103800105059604	1.03657651023297	0.000128589025882413	0.000273577756935195	0.00708113033894702	-0.107065778434729	0.104387889643134	-0.00487166175035436
0.998682767320731	0.00131723267926898	1.31542492472182	0.000306827188119267	0.000614751336522535	0.00894260072158728	-0.0979467449575342	0.0943301713816806	-0.00628307867631397
0.998373244006220	0.00162675599378004	1.62452345309747	0.000651066130415569	0.00123119040682423	0.0108111025078208	-0.0875833688334796	0.0826850233586790	-0.00779460219396253
0.998033455662722	0.00196654433727805	1.96384547509231	0.00125743949431830	0.00223585369372770	0.0125241342437974	-0.0765344821678260	0.0698792571367295	-0.00932509516466556
0.997663430761219	0.00233656923878101	2.33336255879756	0.00224659477944578	0.00372608449799525	0.0138945978911393	-0.0654905662624546	0.0564664223322220	-0.0107706702495345
0.997263199583111	0.00273680041688895	2.73304446437110	0.00375711049680094	0.00574832901206094	0.0147402532640151	-0.0552059642689866	0.0430829707042204	-0.0120164985615275
0.996832794216413	0.00316720578358698	3.16285914783524	0.00593347909882712	0.00826426860034400	0.0149190295728777	-0.0464210244016317	0.0303964631181384	-0.0129536861120796
0.996372248551831	0.00362775144816896	3.62277276499506	0.00890939728858022	0.0111309876715997	0.0143601686814346	-0.0397827885463131	0.0190480724868097	-0.0134971957657136
0.995881598278753	0.00411840172124700	4.11274967544235	0.0127884217386139	0.0141048935371501	0.0130815986939571	-0.0357739012029583	0.00959315639743669	-0.0136000878283599
0.995360880881122	0.00463911911887804	4.63275244667658	0.0176251704598357	0.0168715799576614	0.0111883927898956	-0.0346596277248915	0.00244633521700893	-0.0132604920488030
0.994810135633214	0.00518986436678603	5.18274185832124	0.0234107292561891	0.0190950657552122	0.00885344425979037	-0.0364611982613503	-0.00216059636876399	-0.0125200673621303
0.994229403595313	0.00577059640468702	5.76267690644304	0.0300654528025095	0.0204737321821894	0.00628667280442649	-0.0409597493975377	-0.00420011408285143	-0.0114551451739790
0.993618727609288	0.00638127239071196	6.37251480796859	0.0374409614051286	0.0207890897005271	0.00370126460964714	-0.0477296945896970	-0.00384522059408033	-0.0101633795302975
0.992978152294068	0.00702184770593195	7.01221100520350	0.0453312204252907	0.0199369474979615	0.00128452579248094	-0.0561950963938884	-0.00144088948419728	-0.00874920002635175
0.992307724041017	0.00769227595898303	7.68171917045075	0.0534907390142219	0.0179364722298218	-0.000821877535367684	-0.0656990896014637	0.00254406817878049	-0.00731089168741318
0.991607491009213	0.00839250899078703	8.38099121072513	0.0616566701859105	0.0149185070557441	-0.00253072693197194	-0.0755752258768650	0.00757607186950386	-0.00593114432099938
0.990877503120632	0.00912249687936795	9.10997727256297	0.0695712101000112	0.0110986783929102	-0.00380815323785651	-0.0852106075518808	0.0131168834905399	-0.00467181039178651
0.990117812055224	0.00988218794477602	9.86862574693945	0.0770011389366068	0.00674269056276120	-0.00466529763711657	-0.0940933363148277	0.0186758049321557	-0.00357264932143936
0.989328471245912	0.0106715287540881	10.6568832742621	0.0837523525164467	0.00213104235953225	-0.00514600866469304	-0.101840452331833	0.0238476101586457	-0.00265316600391422
0.988509535873478	0.0114904641265220	11.4746947494783	0.0896784492939106	-0.00247126145957871	-0.00531360026223001	-0.108206328030874	0.0283333170812113	-0.00191636476792863
0.987661062861364	0.0123389371386360	12.3220033272673	0.0946835426968300	-0.00683676511396821	-0.00523891105483231	-0.113074427104502	0.0319442658307430	-0.00135329060856602
0.986783110870378	0.0132168891296220	13.1987504273264	0.0987202536392683	-0.0107883617302077	-0.00499101612405676	-0.116437246610700	0.0345927500742154	-0.000947473526832260
0.985875740293307	0.0141242597066930	14.1048757397508	0.101784236345584	-0.0142036278950210	-0.00463112143145860	-0.118370451874749	0.0362743386725523	-0.000678675271290027
0.984939013249435	0.0150609867505650	15.0403172305087	0.103906653868891	-0.0170125535315564	-0.00420944031980588	-0.119006770911503	0.0370470544427332	-0.000525669734506756
0.983972993578979	0.0160270064210210	16.0050111469962	0.105145855101917	-0.0191907604990294	-0.00376440164671995	-0.118512865462644	0.0370108191517516	-0.000468060501935463
0.982977746837420	0.0170222531625800	16.9988920237001	0.105579214404891	-0.0207501926362803	-0.00332344652608459	-0.117070021039967	0.0362887906813754	-0.000487296851386931
0.981953340289760	0.0180466597102400	18.0218926879321	0.105295790707569	-0.0217291932804468	-0.00290469985625121	-0.114858610931412	0.0350115380365078	-0.000567108467076556
0.980899842904680	0.0191001570953200	19.0739442656628	0.104390170721272	-0.0221834216823196	-0.00251889247794978	-0.112046769276646	0.0333049592784663	-0.000693595251454968
0.979817325348610	0.0201826746513900	20.1549761874443	0.102957594450732	-0.0221781127641387	-0.00217120198233865	-0.108783829696838	0.0312825459862280	-0.000855088328052297
0.978705859979724	0.0212941400202760	21.2649161944058	0.101090255285246	-0.0217819006384748	-0.00186293282977953	-0.105198545437553	0.0290423154385723	-0.00104183628830431
0.977565520841829	0.0224344791581710	22.4036903443573	0.0988746043446963	-0.0210624875682118	-0.00159301357982050	-0.101401286994151	0.0266677692136722	-0.00124560958245562
0.976396383658186	0.0236036163418140	23.5712230179595	0.0963895923000716	-0.0200839270620073	-0.00135913530836983	-0.0974863422564230	0.0242294003416355	-0.00145933972788822
0.975198525825238	0.0248014741747620	24.7674369249873	0.0937058703443574	-0.0189053324779022	-0.00115827532393268	-0.0935301163339835	0.0217835840502496	-0.00167699670494497
0.973972026406254	0.0260279735937460	25.9922531106772	0.0908857312977776	-0.0175804785192506	-0.000986866914419367	-0.0895897251902381	0.0193718400129384	-0.00189360729908751
0.972716966124892	0.0272830338751080	27.2455909621555	0.0879833860564113	-0.0161575880189217	-0.000841107235714775	-0.0857080358521319	0.0170241966361651	-0.00210508254691251
0.971433427358678	0.0285665726413220	28.5273682149501	0.0850453659338592	-0.0146788694402199	-0.000717306727920556	-0.0819183526802979	0.0147623200001156	-0.00230808580919006
0.970121494132410	0.0298785058675900	29.8375009595775	0.0821109765605075	-0.0131798192514446	-0.000612089340924214	-0.0782437700648891	0.0125996482477704	-0.00250013456138298
0.968781252111466	0.0312187478885340	31.1759036482260	0.0792127080297301	-0.0116897994030702	-0.000522554465466187	-0.0746998755425036	0.0105446379893561	-0.00267946997887753
0.967412788595051	0.0325872114049490	32.5424891014990	0.0763766414186581	-0.0102343288590807	-0.000446329685389503	-0.0713009487640705	0.00860691396300313	-0.00284472497178002
0.966016192509352	0.0339838074906480	33.9371685152507	0.0736230101430052	-0.00883566124163861	-0.000381503992266716	-0.0680600086288019	0.00679741265214643	-0.00299475683164911
0.964591554400617	0.0354084455993831	35.3598514674977	0.0709669539422683	-0.00751143546965373	-0.000326431496899328	-0.0649827760009429	0.00512186196564436	-0.00312878587216851
0.963138966428163	0.0368610335718370	36.8104459254013	0.0684191627931473	-0.00627378533119385	-0.000279481463561881	-0.0620662822328730	0.00357809234061894	-0.00324645227344269
0.961658522357297	0.0383414776427030	38.2888582523370	0.0659862083092365	-0.00512947250861531	-0.000239218489081392	-0.0593065883629752	0.00216116685014191	-0.00334768151211299
0.960150317552171	0.0398496824478291	39.7949932150294	0.0636708795853057	-0.00408121713815673	-0.000204697352548695	-0.0567017596221106	0.000867205724224119	-0.00343248835378962
0.958614448968554	0.0413855510314460	41.3287539907704	0.0614729352402416	-0.00312880141436383	-0.000175293340870666	-0.0542494114801736	-0.000306711358347858	-0.00350105199940013
0.957051015146539	0.0429489848534610	42.8900421747023	0.0593901577866839	-0.00227058682650744	-0.000150395568162886	-0.0519471193946088	-0.00136264579843697	-0.00355379942787607
0.955460116203162	0.0445398837968380	44.4787577871885	0.0574193183450378	-0.00150453482726385	-0.000129222544911235	-0.0497910748609315	-0.00230272611323397	-0.00359160465357146
0.953841853824967	0.0461581461750330	46.0947992812385	0.0555565054683000	-0.000828397462914990	-0.000110970739921679	-0.0477762354535519	-0.00312942447538696	-0.00361557850572057
0.952196331260483	0.0478036687395170	47.7380635500203	0.0537969605552378	-0.000238060285630106	-9.52456108622071e-05	-0.0458984850524404	-0.00384598656714388	-0.00362684912816733
0.950523653312640	0.0494763466873600	49.4084459344342	0.0521352934101783	0.000273788640409915	-8.19224978089848e-05	-0.0441511805284852	-0.00446004141249229	-0.00362653398989188
0.948823926331108	0.0511760736688920	51.1058402307632	0.0505658481629730	0.000715695999230565	-7.07075366258880e-05	-0.0425230667230314	-0.00498354972188436	-0.00361583518515272
0.947097258204573	0.0529027417954270	52.8301386983865	0.0490826344484488	0.00109437148579559	-6.12581432930273e-05	-0.0410054572159086	-0.00542549892511238	-0.00359590898123516
0.945343758352940	0.0546562416470600	54.5812320675657	0.0476794675795980	0.00141482228038116	-5.32743746013610e-05	-0.0395949314323354	-0.00578960228455490	-0.00356765686907257
0.943563537719468	0.0564364622805320	56.3590095472991	0.0463505746275268	0.00168249597004343	-4.64265497388309e-05	-0.0382858482082858	-0.00608100753692519	-0.00353188285470450
0.941756708762842	0.0582432912371580	58.1633588332384	0.0450909067746879	0.00190374240984860	-4.05332619743826e-05	-0.0370692826685230	-0.00630821738180305	-0.00348935850403815
0.939923385449174	0.0600766145508260	59.9941661156776	0.0438960417772115	0.00208427306150166	-3.55753285088854e-05	-0.0359379769546458	-0.00647838085417299	-0.00344092037063301
0.938063683243942	0.0619363167560580	61.8513160876020	0.0427619940633338	0.00222755864903400	-3.13541930084285e-05	-0.0348842958385108	-0.00659700240460143	-0.00338760552905782
0.936177719103860	0.0638222808961400	63.7346919528076	0.0416845277426044	0.00233549560340849	-2.74420670748318e-05	-0.0339004225882772	-0.00666878039513361	-0.00333051029538493
0.934265611468690	0.0657343885313100	65.6441754340779	0.0406586056311994	0.00240940285963116	-2.35824329327617e-05	-0.0329816860428374	-0.00669693240514906	-0.00327031674780249
0.932327480252988	0.0676725197470121	67.5796467814262	0.0396787761416891	0.00245179286101553	-1.98524206370444e-05	-0.0321218551973095	-0.00668554584299303	-0.00320743109085215
0.930363446837786	0.0696365531622140	69.5409847804021	0.0387399339516303	0.00246669650374637	-1.65684392852224e-05	-0.0313141757447545	-0.00663974722435663	-0.00314227336963334
0.928373634062212	0.0716263659377880	71.5280667604610	0.0378380233822829	0.00245886584061485	-1.39835613508567e-05	-0.0305550924886204	-0.00656317021558613	-0.00307529825118241
0.926358166215055	0.0736418337849450	73.5407686033860	0.0369700828764135	0.00243224668440065	-1.20842240084324e-05	-0.0298429592042223	-0.00645801620523690	-0.00300707166004914
0.924317169026263	0.0756828309737370	75.5789647517795	0.0361339451846689	0.00239026294970286	-1.07643284178846e-05	-0.0291735954465623	-0.00632859086545731	-0.00293798585756122
0.922250769658387	0.0777492303416130	77.6425282176070	0.0353283554388237	0.00233694211825871	-9.87970536612630e-06	-0.0285403589667270	-0.00618180809367822	-0.00286852846022963
0.920159096697961	0.0798409033020390	79.7313305908050	0.0345525851887667	0.00227636861139061	-9.25231930091596e-06	-0.0279385957098956	-0.00602359010648829	-0.00279909714577486
0.918042280146832	0.0819577198531680	81.8452420479396	0.0338058096010756	0.00221181057925240	-8.67830435127216e-06	-0.0273664939248492	-0.00585780808723837	-0.00272989691111220
0.915900451413422	0.0840995485865780	83.9841313609321	0.0330870060086295	0.00214508658118069	-7.94520401633626e-06	-0.0268210297912290	-0.00568832655355334	-0.00266115941526783
0.913733743303946	0.0862662566960540	86.1478659058292	0.0323947284987349	0.00207699579204470	-7.01806305755051e-06	-0.0262979131690060	-0.00551884405586014	-0.00259319846876561
0.911542290013565	0.0884577099864350	88.3363116716377	0.0317268131722293	0.00200866678351771	-6.22064788311185e-06	-0.0257969474432270	-0.00534979696083373	-0.00252610584540020
0.909326227117490	0.0906737728825100	90.5493332692085	0.0310813136356581	0.00194225890956574	-5.86099881540420e-06	-0.0253184679105717	-0.00518091306124317	-0.00245992319885898
0.907085691562025	0.0929143084379750	92.7867939401810	0.0304574955743260	0.00187863927704296	-5.67327998511679e-06	-0.0248592311298135	-0.00501471726335956	-0.00239490793711056
0.904820821655567	0.0951791783444330	95.0485555659711	0.0298551715883898	0.00181678278446958	-5.25835848896392e-06	-0.0244169274179886	-0.00485370482178252	-0.00233130025768190
0.902531757059545	0.0974682429404550	97.3344786768194	0.0292739727501700	0.00175589096450259	-4.57965248930109e-06	-0.0239894019681580	-0.00469983637769326	-0.00226926247041584
0.900218638779309	0.0997813612206910	99.6444224608901	0.0287131789720032	0.00169501705183373	-3.82408949364863e-06	-0.0235733652097660	-0.00455398669425037	-0.00220886761049440
0.897881609154969	0.102118390845031	101.978244773419	0.0281717785582703	0.00163248690082592	-3.26006024179381e-06	-0.0231707148360045	-0.00441254369360020	-0.00215002319887330
0.895520811852185	0.104479188147815	104.335802145911	0.0276488879629226	0.00156807662765014	-2.94612039049971e-06	-0.0227838006374282	-0.00427199908306115	-0.00209273242275317
0.893136391852902	0.106863608147098	106.716949795393	0.0271437396249065	0.00150264177102315	-2.69059469087327e-06	-0.0224110117932869	-0.00413291431231096	-0.00203703858492793
0.890728495446042	0.109271504553958	109.121541633708	0.0266553794067982	0.00143679018632094	-2.28983591827525e-06	-0.0220512463286266	-0.00399556606399122	-0.00198293702268981
0.888297270218144	0.111702729781856	111.549430276863	0.0261825165723643	0.00136955712677637	-1.76311848021222e-06	-0.0217057633745647	-0.00385683510677602	-0.00193043098893291
0.885842865043957	0.114157134956043	114.000467054422	0.0257238708201143	0.00129978474148797	-1.42253009544888e-06	-0.0213757146024255	-0.00371360036082794	-0.00187953574065205
0.883365430076986	0.116634569923014	116.474502018951	0.0252784919755285	0.00122848184290139	-1.41530322937425e-06	-0.0210582388745304	-0.00356728094729231	-0.00183023856072444
0.880865116739994	0.119134883260006	118.971383955496	0.0248453546329856	0.00115713599448502	-1.54489145599352e-06	-0.0207493121149556	-0.00342163949480694	-0.00178244958112546
0.878342077715455	0.121657922284545	121.490960391123	0.0244230726645820	0.00108687409539217	-1.59125605041556e-06	-0.0204460506939439	-0.00327860287359372	-0.00173607340110838
0.875796466935961	0.124203533064039	124.033077604496	0.0240101540534071	0.00101759839959268	-1.41947180888175e-06	-0.0201486792281451	-0.00313653826312443	-0.00169099259306185
0.873228439574594	0.126771560425406	126.597580635490	0.0236054728471587	0.000948392616392233	-1.10060074303153e-06	-0.0198612070963758	-0.00299266687630053	-0.00164715728282890
0.870638152035239	0.129361847964761	129.184313294867	0.0232085278252745	0.000881008239772866	-8.67621690372887e-07	-0.0195837451349411	-0.00284926757091141	-0.00160464490350623
0.868025761942871	0.131974238057129	131.793118173975	0.0228192147867168	0.000817894049459690	-6.33789063535886e-07	-0.0193106546140005	-0.00271285410132796	-0.00156341170957224
0.865391428133783	0.134608571866217	134.423836654506	0.0224375147050873	0.000758018292706362	-2.38287169612859e-07	-0.0190387398052244	-0.00258656921290017	-0.00152342294477943
0.862735310645790	0.137264689354210	137.076308918278	0.0220637811962249	0.000700779290825122	9.42329623216886e-08	-0.0187672989920769	-0.00247036973748424	-0.00148469254966908
0.860057570708376	0.139942429291624	139.750373957078	0.0216986523238315	0.000647385283577123	1.54669694196946e-07	-0.0184959518824702	-0.00236357868067239	-0.00144727685246723
0.857358370732808	0.142641629267192	142.445869582529	0.0213424316325801	0.000597582564899917	1.09787321102894e-08	-0.0182287649343578	-0.00226256887493985	-0.00141107859319887
0.854637874302212	0.145362125697788	145.162632436005	0.0209951317810797	0.000550808101865904	-1.86968815820277e-07	-0.0179703792539434	-0.00216321436303892	-0.00137602126900002
0.851896246161607	0.148103753838393	147.900497998581	0.0206565389812988	0.000507783126408528	-3.97446944622649e-07	-0.0177215729094935	-0.00206488819431941	-0.00134215174878194
0.849133652207900	0.150866347792100	150.659300601025	0.0203261669730702	0.000469661436017520	-6.28552531434109e-07	-0.0174809226848785	-0.00196916314284767	-0.00130953798548183
0.846350259479846	0.153649740520154	153.438873433825	0.0200035734921728	0.000436268053695968	-8.04939942914022e-07	-0.0172456223966031	-0.00187828417426927	-0.00127815303623859
0.843546236147967	0.156453763852033	156.239048557253	0.0196885260481443	0.000406110253141462	-7.51491587389915e-07	-0.0170115331080688	-0.00179538941833804	-0.00124778662656798
0.840721751504436	0.159278248495564	159.059656911470	0.0193811032408395	0.000376795038194955	-3.22520985681215e-07	-0.0167758956247826	-0.00172265990530574	-0.00121837148054094
0.837876975952927	0.162123024047073	161.900528326664	0.0190814546361010	0.000345966717631030	2.54745854985293e-07	-0.0165388338354913	-0.00165846494586547	-0.00119002384752782
0.835012080998426	0.164987919001574	164.761491533219	0.0187893566325505	0.000312916853151149	5.31065377762316e-07	-0.0163036539198932	-0.00159740421655176	-0.00116271702287724
0.832127239237012	0.167872760762988	167.642374171925	0.0185044637378934	0.000277549890196870	4.26311556431816e-07	-0.0160745677911427	-0.00153394299219992	-0.00113628928311794
0.829222624345595	0.170777375654405	170.543002804225	0.0182267963170688	0.000240167800223296	2.07139456346870e-07	-0.0158542875925967	-0.00146601382594976	-0.00111071223268112
0.826298411071630	0.173701588928370	173.463202922484	0.0179565337760720	0.000202606408148520	5.27043403498844e-08	-0.0156434599692543	-0.00139528655888056	-0.00108605235102080
0.823354775222793	0.176645224777207	176.402798960303	0.0176935631733151	0.000167708735892776	3.05938498008380e-09	-0.0154393674234424	-0.00132629527877399	-0.00106229695625167
0.820391893656623	0.179608106343377	179.361614302860	0.0174371264603182	0.000136753965289897	1.20348145406075e-07	-0.0152363538643728	-0.00126442739673056	-0.00103931910117381
0.817409944270136	0.182590055729864	182.339471297283	0.0171859278601923	0.000109204948356548	3.09751682226377e-07	-0.0150324334225062	-0.00121175723576986	-0.00101695337964439
0.814409105989404	0.185590894010596	185.336191263056	0.0169393106113993	8.47544595758466e-05	3.49558577185356e-07	-0.0148288118651379	-0.00116662168614184	-0.000995160772156816
0.811389558759105	0.188610441240895	188.351594502455	0.0166976253699837	6.25521250585748e-05	2.90136811715532e-07	-0.0146276798701300	-0.00112558187847871	-0.000974047720748358
0.808351483532041	0.191648516467959	191.385500311016	0.0164611142154496	4.14379367106144e-05	3.30967980311832e-07	-0.0144308092328110	-0.00108617553686635	-0.000953619311996838
0.805295062258629	0.194704937741371	194.437726988028	0.0162295526230742	2.12321660055371e-05	5.04390938618801e-07	-0.0142367943742799	-0.00104891398986270	-0.000933805429092958
0.802220477876358	0.197779522123642	197.508091847062	0.0160029015163737	1.76139695148686e-06	6.82609090998959e-07	-0.0140446287203984	-0.00101512491296782	-0.000914554669312555
0.799127914299221	0.200872085700779	200.596411226529	0.0157817198623018	-1.72422792639292e-05	6.95864608799231e-07	-0.0138544099583617	-0.000984870725069828	-0.000895869140407764
0.796017556407118	0.203982443592882	203.702500500254	0.0155665875890077	-3.65436471444161e-05	4.78759671242674e-07	-0.0136667655804561	-0.000956704695849386	-0.000877855442261537
0.792889590035230	0.207110409964770	206.826174088095	0.0153573720427665	-5.60440470768542e-05	2.05495453927734e-07	-0.0134821519415684	-0.000929577396078400	-0.000860423084385242
0.789744201963366	0.210255798036634	209.967245466576	0.0151536285028687	-7.51180084582561e-05	1.64935898864243e-07	-0.0133012832058632	-0.000903640076967351	-0.000843459569718704
0.786581579905283	0.213418420094717	213.125527179558	0.0149549163344787	-9.34313188952147e-05	4.00166245974229e-07	-0.0131251120931211	-0.000879307518769480	-0.000827000824449451
0.783401912497981	0.216598087502019	216.300830848924	0.0147605742098786	-0.000109813916376071	6.96949271172644e-07	-0.0129528364691467	-0.000857096499827813	-0.000811074376135206
0.780205389290971	0.219794610709029	219.492967185297	0.0145697144589673	-0.000123085179773721	8.62424555333946e-07	-0.0127844200643224	-0.000837145918175553	-0.000795658868295114
0.776992200735514	0.223007799264486	222.701745998790	0.0143814504376597	-0.000131923189331087	8.56401605954943e-07	-0.0126193713050468	-0.000819963392801898	-0.000780752403385058
0.773762538173847	0.226237461826153	225.926976209762	0.0141948837775753	-0.000136473568412152	7.87049036993753e-07	-0.0124565290863076	-0.000805187560553095	-0.000766338853267412
0.770516593828366	0.229483406171634	229.168465859620	0.0140092710986310	-0.000138892577739708	8.27436082561293e-07	-0.0122971964997302	-0.000789744493204561	-0.000752365114017270
0.767254560790802	0.232745439209198	232.426022121631	0.0138241464979524	-0.000141478713306550	1.00130955998811e-06	-0.0121429754746626	-0.000770566161024494	-0.000738821700818145
0.763976633011366	0.236023366988634	235.699451311758	0.0136392291912489	-0.000144820831583720	1.10180589286407e-06	-0.0119938423060292	-0.000746383190026070	-0.000725630200730534
0.760683005287870	0.239316994712130	238.988558899527	0.0134545798790553	-0.000148702138481508	9.69663566293553e-07	-0.0118500882454818	-0.000716340515995490	-0.000712702544711224
0.757373873254824	0.242626126745176	242.293149518915	0.0132711860802595	-0.000153445860005548	7.24719192396059e-07	-0.0117112084390184	-0.000681082267160092	-0.000700020217605530
0.754049433372521	0.245950566627479	245.613026979249	0.0130906653086848	-0.000158089898078912	5.38274344152220e-07	-0.0115754564421818	-0.000644574887696050	-0.000687592930999225
0.750709882916086	0.249290117083914	248.947994276142	0.0129143851394756	-0.000160085868672089	3.96544420778236e-07	-0.0114415496623976	-0.000611900591001871	-0.000675390109186532
0.747355419964512	0.252644580035488	252.297853602442	0.0127434204517412	-0.000159166880376423	3.55440276851515e-07	-0.0113074653330438	-0.000586217095663293	-0.000663547086995022
0.743986243389676	0.256013756610324	255.662406359202	0.0125780569839929	-0.000158033955876302	4.93031230612645e-07	-0.0111720962277023	-0.000567064514604483	-0.000652172717630613
0.740602552845327	0.259397447154673	259.041453166674	0.0124175348548064	-0.000157911411351038	6.71066197610508e-07	-0.0110364526356293	-0.000551935987218802	-0.000641198420749978
0.737204548756065	0.262795451243935	262.434793875320	0.0122608739590459	-0.000158148045044848	7.70388739680482e-07	-0.0109028744327845	-0.000538383879470011	-0.000630573448073506
0.733792432306285	0.266207567693715	265.842227576847	0.0121073978422510	-0.000158436635049816	8.19545103234681e-07	-0.0107737671067782	-0.000524948830026816	-0.000620232268590119
0.730366405429121	0.269633594570879	269.263552615252	0.0119570757187988	-0.000158955550720120	8.77637944342979e-07	-0.0106473674854521	-0.000513150677342076	-0.000610154583752465
0.726926670795350	0.273073329204650	272.698566597901	0.0118103333688572	-0.000159524893488163	9.63176287391815e-07	-0.0105193122016269	-0.000506100580005252	-0.000600424142568328
0.723473431802295	0.276526568197705	276.147066406612	0.0116670514539728	-0.000159223815399852	9.67466702266210e-07	-0.0103898539317441	-0.000503207414916092	-0.000591012337734361
0.720006892562701	0.279993107437299	279.608848208760	0.0115264255798617	-0.000157690106497449	7.70355222925752e-07	-0.0102629898716563	-0.000499906921429823	-0.000581732580407465
0.716527257893592	0.283472742106408	283.083707468410	0.0113879788450338	-0.000156517331135978	5.31813850812825e-07	-0.0101406671469432	-0.000492075240718597	-0.000572551685852242
0.713034733305116	0.286965266694884	286.571438957455	0.0112516909000202	-0.000158798831917134	5.13000125921037e-07	-0.0100232682174768	-0.000477833277516927	-0.000563551587476567
0.709529524989368	0.290470475010632	290.071836766774	0.0111175667828972	-0.000165964017789785	7.10635662097150e-07	-0.00990990283236718	-0.000458782216104636	-0.000554736261810370
0.706011839809202	0.293988160190798	293.584694317411	0.0109858545132501	-0.000176209260080687	9.28910112170286e-07	-0.00979628840639246	-0.000440204057378246	-0.000546201020624791
0.702481885287018	0.297518114712982	297.109804371765	0.0108566780980481	-0.000186424897788972	1.02878992746977e-06	-0.00968042659951775	-0.000425689353017555	-0.000537996251586090
0.698939869593541	0.301060130406459	300.646959044804	0.0107296304013977	-0.000194399729762921	9.88442127992758e-07	-0.00956600542885199	-0.000413873545198075	-0.000530025437120658
0.695386001536580	0.304613998463420	304.195949815283	0.0106045236924232	-0.000199912073471568	8.39614338910153e-07	-0.00945581623804521	-0.000402834748812825	-0.000522203548110539
0.691820490549772	0.308179509450228	307.756567536990	0.0104820180308923	-0.000203585765340284	6.44474319667689e-07	-0.00934815601091807	-0.000393323741737752	-0.000514581369935598
0.688243546681314	0.311756453318686	311.328602449995	0.0103630319957256	-0.000206442883284030	5.07547840100017e-07	-0.00924010927280041	-0.000386974213074372	-0.000507277282590362
0.684655380582674	0.315344619417326	314.911844191927	0.0102476415449036	-0.000209000893630896	5.42381405286953e-07	-0.00913118466373955	-0.000384095099217774	-0.000500273319809119
0.681056203497295	0.318943796502705	318.506081809250	0.0101348866423471	-0.000211126343479956	7.21326647709056e-07	-0.00902401353537837	-0.000382810212676428	-0.000493408068045504
0.677446227249278	0.322553772750722	322.111103768567	0.0100237092738309	-0.000212752728021696	8.38018668743850e-07	-0.00892108101240417	-0.000380625561107772	-0.000486591124488486
0.673825664232057	0.326174335767943	325.726697967932	0.00991373349680526	-0.000213037077365389	7.94537227031505e-07	-0.00882251029824322	-0.000376721209604421	-0.000479852663641763
0.670194727397058	0.329805272602942	329.352651748170	0.00980512303023453	-0.000211678469890027	7.56340636055881e-07	-0.00872711449140423	-0.000372088911977732	-0.000473254308940485
0.666553630242341	0.333446369757659	332.988751904223	0.00969799576613816	-0.000209401404355657	8.15689529089669e-07	-0.00863227890387219	-0.000368446984845426	-0.000466813525259662
0.662902586801238	0.337097413198762	336.634784696497	0.00959222941390043	-0.000207081024625881	8.28841086646004e-07	-0.00853592525756924	-0.000367039496451772	-0.000460469185391375
0.659241811630970	0.340758188369030	340.290535862225	0.00948806233935239	-0.000205344210668710	7.33973562371872e-07	-0.00843722228120846	-0.000369191010642222	-0.000454204833706184
0.655571519801254	0.344428480198746	343.955790626851	0.00938632413301556	-0.000203945580301028	6.24235888664997e-07	-0.00833560730216881	-0.000376683792708356	-0.000448098794904204
0.651891926882905	0.348108073117095	347.630333715405	0.00928769748924307	-0.000202691271385349	5.80476917180264e-07	-0.00823049462681593	-0.000390218991903818	-0.000442242044076240
0.648203248936409	0.351796751063591	351.313949363922	0.00919193367219967	-0.000202342582235510	6.63573235108296e-07	-0.00812209075926333	-0.000407765301253144	-0.000436657220873044
0.644505702500508	0.355494297499492	355.006421330834	0.00909755562950791	-0.000203383285738578	8.55512438856683e-07	-0.00801401145751464	-0.000425007918926796	-0.000431164884161000
0.640799504580753	0.359200495419247	358.707532908405	0.00900298916115751	-0.000205077298274369	1.03133581735342e-06	-0.00790972917216091	-0.000439025168648403	-0.000425610902072065
0.637084872638058	0.362915127361942	362.417066934163	0.00890800917058864	-0.000206793105422979	1.12855507823476e-06	-0.00780909085199005	-0.000450174632017902	-0.000420070059087632
0.633362024577238	0.366637975422762	366.134805802343	0.00881315160529056	-0.000207349978586775	1.17166895063557e-06	-0.00771052631260613	-0.000460628109988236	-0.000414674019268454
0.629631178735543	0.370368821264457	369.860531475338	0.00871826344115766	-0.000204010377547480	1.11265747102369e-06	-0.00761329066368165	-0.000472588090193281	-0.000409408001179625
0.625892553871169	0.374107446128831	373.594025495173	0.00862273811576995	-0.000194553453154439	9.07886730229557e-07	-0.00751783493192065	-0.000486751611887835	-0.000404192970686710
0.622146369151775	0.377853630848225	377.335068994973	0.00852667722072372	-0.000180189654870143	7.05310440609101e-07	-0.00742416124007957	-0.000502376763756053	-0.000399029683841787
0.618392844142982	0.381607155857018	381.083442710445	0.00843074069022385	-0.000165184768549868	7.03331829404323e-07	-0.00733065081078453	-0.000518458559330129	-0.000393979688111357
0.614632198796856	0.385367801203144	384.838926991384	0.00833552408271486	-0.000153157229909428	8.78299743621364e-07	-0.00723703307177280	-0.000533354055053181	-0.000389072316918837
0.610864653440400	0.389135346559600	388.601301813160	0.00824163701611559	-0.000145114530518790	1.03906126164931e-06	-0.00714609408403458	-0.000544294115937143	-0.000384301255813373
0.607090428764018	0.392909571235982	392.370346788242	0.00814968331441115	-0.000140517820237244	1.07966517455141e-06	-0.00705974641324942	-0.000549628496470850	-0.000379722243732814
0.603309745809984	0.396690254190016	396.145841177713	0.00805986716235914	-0.000137898865980316	1.01149453195106e-06	-0.00697751073559719	-0.000550529203128170	-0.000375355371362573
0.599522825960891	0.400477174039109	399.927563902801	0.00797190643914424	-0.000134957123500256	9.10436699475696e-07	-0.00689719528324359	-0.000550645300168823	-0.000371143690206485
0.595729890928107	0.404270109071893	403.715293556414	0.00788519789196204	-0.000130140737821052	9.12714750656258e-07	-0.00681622810640675	-0.000553038581326530	-0.000367029617187527
0.591931162740206	0.408068837259794	407.508808414686	0.00779883503379620	-0.000123853269514116	1.02865513836064e-06	-0.00673669523315958	-0.000555827607085758	-0.000362931136823874
0.588126863731402	0.411873136268598	411.307886448532	0.00771218029020291	-0.000117428511637636	1.11722219734729e-06	-0.00666219608174703	-0.000554482544882921	-0.000358816384740745
0.584317216529976	0.415682783470024	415.112305335204	0.00762529542264541	-0.000112203518317011	1.11893663716529e-06	-0.00659335575789045	-0.000546780051510528	-0.000354682697919190
0.580502444046688	0.419497555953312	418.921842469862	0.00753857748894743	-0.000108801653558925	1.04071719020903e-06	-0.00652830847795262	-0.000534156436874880	-0.000350465563450570
0.576682769463188	0.423317230536812	422.736274977147	0.00745272345790107	-0.000106290096097798	8.80205606821634e-07	-0.00646364396462462	-0.000520807836584751	-0.000346198124475114
0.572858416220421	0.427141583779579	426.555379722763	0.00736867446951292	-0.000103138075256143	7.31015049993928e-07	-0.00639648464250266	-0.000510865623585512	-0.000341992998538828
0.569029608007019	0.430970391992981	430.378933325065	0.00728691591512578	-9.96174887923108e-05	7.53195788983139e-07	-0.00632542460143897	-0.000506023332000588	-0.000337973514456134
0.565196568747695	0.434803431252305	434.206712166652	0.00720702355586841	-9.73523155620265e-05	9.38528523863086e-07	-0.00625160604828717	-0.000504898710331871	-0.000334131433283241
0.561359522591622	0.438640477408378	438.038492405969	0.00712823073693155	-9.69560540487431e-05	1.09175550766336e-06	-0.00617791177886010	-0.000504435910567544	-0.000330374740961880
0.557518693900813	0.442481306099187	441.874049988917	0.00705041034212040	-9.84365612533941e-05	1.07187448464982e-06	-0.00610557086950878	-0.000503091253866427	-0.000326650946722654
0.553674307238495	0.446325692761505	445.713160660456	0.00697417607244970	-0.000100896568027081	9.57930961338734e-07	-0.00603252674283745	-0.000502601750492783	-0.000323023862221428
0.549826587357469	0.450173412642531	449.555599976233	0.00690006597687060	-0.000102901183206487	9.02196398156356e-07	-0.00595768502041944	-0.000504971849370985	-0.000319528114460484
0.545975759188475	0.454024240811525	453.401143314200	0.00682797345123062	-0.000103212586556140	9.10625204307008e-07	-0.00588336477515089	-0.000509609564867247	-0.000316112487846634
0.542122047828549	0.457877952171451	457.249565886242	0.00675731193391984	-0.000100886080454896	9.26352207023202e-07	-0.00581257607826878	-0.000514378911643728	-0.000312728028079556
0.538265678529370	0.461734321470630	461.100642749813	0.00668767386159016	-9.62979115676543e-05	9.43629795550750e-07	-0.00574721275333302	-0.000517505267487363	-0.000309348660253751
0.534406876685606	0.465593123314394	464.954148819573	0.00661912217915770	-9.05052858861864e-05	9.85590685639444e-07	-0.00568651911801392	-0.000518972855883777	-0.000306006306181796
0.530545867823260	0.469454132176740	468.809858879030	0.00655164811573164	-8.42669607879022e-05	1.06929170339186e-06	-0.00562825427081347	-0.000519899761899905	-0.000302737355327939
0.526682877588002	0.473317122411998	472.667547592185	0.00648476669978148	-7.76417091651716e-05	1.17257423778814e-06	-0.00557039940212912	-0.000521231548511264	-0.000299526721101522
0.522818131733503	0.477181868266497	476.526989515190	0.00641766501484785	-7.00298588483096e-05	1.23910128170748e-06	-0.00551269614129373	-0.000522988171611870	-0.000296346244446252
0.518951856109769	0.481048143890231	480.387959107993	0.00634956974855856	-6.05492615104785e-05	1.23155024516693e-06	-0.00545633882411099	-0.000524292282169663	-0.000293173369809228
0.515084276651456	0.484915723348544	484.250230746008	0.00628025528749827	-4.92632386632424e-05	1.15166043845893e-06	-0.00540103600555609	-0.000525042789326189	-0.000290027300741968
0.511215619366204	0.488784380633796	488.113578731765	0.00621031910535357	-3.74375452346762e-05	1.06601232043332e-06	-0.00534458117297416	-0.000526461993017145	-0.000286975486246139
0.507346110322946	0.492653889677054	491.977777306586	0.00614063440406235	-2.66681767861277e-05	1.06051814604130e-06	-0.00528621806080846	-0.000529419831250815	-0.000284016405380147
0.503475975640227	0.496524024359773	495.842600662247	0.00607176008298018	-1.72428498194394e-05	1.09729911698958e-06	-0.00522543042884796	-0.000535153834368458	-0.000281093547752236
0.499605441474518	0.500394558525482	499.707822952652	0.00600407663312451	-7.54664947293251e-06	1.06940943684396e-06	-0.00516075445217254	-0.000545631609588374	-0.000278239973903466
0.495734734008523	0.504265265991477	503.573218305509	0.00593790903534690	3.54283425127693e-06	9.75825900044934e-07	-0.00509365282244418	-0.000560237641211832	-0.000275464424657708
0.491864079439485	0.508135920560515	507.438560834003	0.00587359743574806	1.46650787167606e-05	9.24397503643739e-07	-0.00502692491962216	-0.000575948843081898	-0.000272723830316706
0.487993703967496	0.512006296032504	511.303624648478	0.00581133633093521	2.34721928337332e-05	9.65753268574754e-07	-0.00496097143618743	-0.000590961479686040	-0.000270013537281024
0.484123833783795	0.515876166216205	515.168183868116	0.00575085492778565	2.91441577515571e-05	1.04964352787714e-06	-0.00489495010890963	-0.000604994852902630	-0.000267332172184597
0.480254695059071	0.519745304940929	519.032012632624	0.00569149963726465	3.20915712538417e-05	1.15104344104904e-06	-0.00483013032133372	-0.000616677590686602	-0.000264711021809500
0.476386513931761	0.523613486068239	522.894885113912	0.00563232992505305	3.31018915890301e-05	1.22573294409861e-06	-0.00476899689580952	-0.000623215934194142	-0.000262085075836783
0.472519516496348	0.527480483503652	526.756575527788	0.00557262971440432	3.29722391198690e-05	1.20097244380445e-06	-0.00471303037361019	-0.000622751591771250	-0.000259379897287014
0.468653928791660	0.531346071208340	530.616858145638	0.00551238562597554	3.22864021130791e-05	1.11867410568614e-06	-0.00466177690683821	-0.000616043488873781	-0.000256640913865207
0.464789976789160	0.535210023210840	534.475507306117	0.00545191264195359	3.14448076401007e-05	1.05217817853267e-06	-0.00461300102817763	-0.000606155699905992	-0.000253916638505418
0.460927886381244	0.539072113618756	538.332297426843	0.00539144618058995	3.11528557588979e-05	1.00602677241054e-06	-0.00456380686449703	-0.000597119889245939	-0.000251231489556382
0.457067883369534	0.542932116630466	542.187003016080	0.00533128032508506	3.19836892714265e-05	1.00754083982433e-06	-0.00451185360260062	-0.000592120371854818	-0.000248596463187588
0.453210193453172	0.546789806546828	546.039398684435	0.00527179079238466	3.34161639939459e-05	1.06778984674233e-06	-0.00445707924259246	-0.000591700825686707	-0.000246000957514739
0.449355042217111	0.550644957782889	549.889259156543	0.00521323964417326	3.47608059958046e-05	1.10804165850322e-06	-0.00440053926649015	-0.000594141914846665	-0.000243421592423050
0.445502655120408	0.554497344879592	553.736359282765	0.00515567704160017	3.55664817825398e-05	1.06524122049041e-06	-0.00434367619508528	-0.000597066676749460	-0.000240864275727447
0.441653257484521	0.558346742515479	557.580474050872	0.00509894022057318	3.60104561628574e-05	9.93887770030256e-07	-0.00428708137253998	-0.000599567444332170	-0.000238327122782145
0.437807074481598	0.562192925518402	561.421378597739	0.00504253396439977	3.69842574506076e-05	1.03039705089390e-06	-0.00423031361447059	-0.000602620860993811	-0.000235835739056107
0.433964331122771	0.566035668877229	565.258848221038	0.00498556906657858	3.91237466684230e-05	1.19706119412923e-06	-0.00417399289906024	-0.000606866867622155	-0.000233351522734258
0.430125252246457	0.569874747753543	569.092658390915	0.00492745769712215	4.26177513026792e-05	1.32172901924330e-06	-0.00411845043935169	-0.000612066665857468	-0.000230815198696242
0.426290062506648	0.573709937493352	572.922584761693	0.00486848988909867	4.72889581578800e-05	1.22731040723165e-06	-0.00406377585406038	-0.000616745015091556	-0.000228266644838868
0.422458986361208	0.577541013638792	576.748403183549	0.00480949269120868	5.25371499135893e-05	9.47140243369659e-07	-0.00401094406795055	-0.000618400410794749	-0.000225765874997354
0.418632248060179	0.581367751939821	580.569889714202	0.00475121251176356	5.67343195671391e-05	7.11994043584969e-07	-0.00396010832180947	-0.000615931803373406	-0.000223364233829391
0.414810071634071	0.585189928365929	584.386820630596	0.00469392932819940	5.87139165358967e-05	6.81831998892329e-07	-0.00391033283856621	-0.000610753271748021	-0.000221054753688501
0.410992680882176	0.589007319117824	588.198972440580	0.00463758510904022	5.88959462190785e-05	8.01714795001126e-07	-0.00386037774194886	-0.000605682284030576	-0.000218794483796847
0.407180299360863	0.592819700639137	592.006121894591	0.00458217448275648	5.86623918923217e-05	9.28963606488312e-07	-0.00380943079379701	-0.000603384804781637	-0.000216563959912916
0.403373150371893	0.596626849628107	595.808045997324	0.00452772803339764	5.98301622800199e-05	9.99124965199220e-07	-0.00375705754796345	-0.000605693747185062	-0.000214362951506395
0.399571456950723	0.600428543049277	599.604522019414	0.00447401713448245	6.32662729307284e-05	1.03589172200039e-06	-0.00370290674600298	-0.000613048827922906	-0.000212178699182092
0.395775441854823	0.604224558145177	603.395327509100	0.00442057927074575	6.90054682335394e-05	1.02463876995702e-06	-0.00364795212106699	-0.000623866366675366	-0.000209965820833934
0.391985327551991	0.608014672448009	607.180240303897	0.00436720481655926	7.69198837092541e-05	9.26216762382339e-07	-0.00359358558043196	-0.000636016757836336	-0.000207697967637370
0.388201336208670	0.611798663791330	610.959038542260	0.00431424171414817	8.62337077047464e-05	7.76654337918413e-07	-0.00353939528526577	-0.000648749887830165	-0.000205446385548978
0.384423689678278	0.615576310321722	614.731500675241	0.00426220648003242	9.55540105518548e-05	6.57824001048072e-07	-0.00348472990039614	-0.000661694718376421	-0.000203264330353819
0.380652609489528	0.619347390510472	618.497405478149	0.00421131147014820	0.000103128156319464	6.15106935023891e-07	-0.00342991687602325	-0.000673734786700196	-0.000201128520778783
0.376888316834764	0.623111683165236	622.256532062202	0.00416142515014106	0.000107955942181501	6.47774227556861e-07	-0.00337544886126038	-0.000683807035474148	-0.000199038699358101
0.373131032558295	0.626868967441705	626.008659886176	0.00411212644263657	0.000110277017666866	7.54505392584995e-07	-0.00332213167269612	-0.000691398226343042	-0.000196988770957327
0.369380977144738	0.630619022855262	629.753568768044	0.00406294206721426	0.000110895452821189	8.96129504851896e-07	-0.00327058217746266	-0.000696680391777557	-0.000194907374542414
0.365638370707360	0.634361629292640	633.491038896619	0.00401374902095789	0.000110848419801742	9.87218197389569e-07	-0.00322088394573602	-0.000700257348450469	-0.000192775849368861
0.361903432976434	0.638096567023566	637.220850843185	0.00396469914401579	0.000111215421754511	9.84603749992888e-07	-0.00317309759668812	-0.000702679871525425	-0.000190630446354452
0.358176383287593	0.641823616712407	640.942785573121	0.00391575873018306	0.000112931285198580	9.33255719686837e-07	-0.00312684001888063	-0.000704517692487720	-0.000188480499895295
0.354457440570193	0.645542559429807	644.656624457528	0.00386661647964654	0.000116088790620554	8.96028857280660e-07	-0.00308179912392846	-0.000705881347817778	-0.000186305578576811
0.350746823335682	0.649253176664318	648.362149284840	0.00381708985235731	0.000120143568653229	8.73979177007720e-07	-0.00303797049702807	-0.000706449792191643	-0.000184095945240143
0.347044749665977	0.652955250334023	652.059142272434	0.00376746422927425	0.000124450701558920	8.41661536264732e-07	-0.00299481057297523	-0.000706272882311005	-0.000181882120507546
0.343351437201842	0.656648562798158	655.747386078232	0.00371837076966812	0.000128151039775128	7.91688501935385e-07	-0.00295249293423071	-0.000705237984889689	-0.000179695531593119
0.339667103131283	0.660332896868717	659.426663812295	0.00367049925882125	0.000130481816337960	7.28496531304444e-07	-0.00291114594334879	-0.000703264119424684	-0.000177570142593626
0.335991964177940	0.664008035822060	663.096759048413	0.00362434639641034	0.000131134877763422	6.79524286666199e-07	-0.00286987076774437	-0.000700999201504787	-0.000175534177771254
0.332326236589492	0.667673763410508	666.757455835681	0.00357999332392740	0.000130294408498315	6.88339578286146e-07	-0.00282801499090513	-0.000699310380357775	-0.000173589232154532
0.328670136126073	0.671329863873927	670.408538710073	0.00353710486475244	0.000128536943426609	7.42260120081920e-07	-0.00278518703947079	-0.000699016157778186	-0.000171705832566563
0.325023878048688	0.674976121951312	674.049792706005	0.00349515412851618	0.000126881196558620	8.08360638818789e-07	-0.00274128453011650	-0.000700742877937176	-0.000169851719749536
0.321387677107645	0.678612322892355	677.681003367890	0.00345361451142543	0.000126406860360272	9.01248724746676e-07	-0.00269699479153148	-0.000704527620461007	-0.000168001976688994
0.317761747530993	0.682238252469007	681.301956761683	0.00341204180752324	0.000127701644090708	1.00945298232899e-06	-0.00265365087536664	-0.000709653743080015	-0.000166136627672000
0.314146303012970	0.685853696987030	684.912439486418	0.00337017025592766	0.000130865460858845	1.07270055490885e-06	-0.00261225184582446	-0.000715122111688520	-0.000164260758900119
0.310541556702459	0.689458443297541	688.512238685734	0.00332794180731986	0.000135885628164423	1.04039704375459e-06	-0.00257257396086637	-0.000720658123135684	-0.000162377264887838
0.306947721191458	0.693052278808542	692.101142059392	0.00328548401421611	0.000142964997111119	9.19476750365387e-07	-0.00253310908757974	-0.000727243024321299	-0.000160486511578181
0.303365008503555	0.696634991496445	695.678937874783	0.00324304709493236	0.000152066565440619	8.07680692605070e-07	-0.00249201978816525	-0.000736273202176078	-0.000158609007729031
0.299793630082419	0.700206369917581	699.245414978420	0.00320080124473722	0.000162295369231980	8.12640140754096e-07	-0.00244882810471660	-0.000747964787830803	-0.000156748487238306
0.296233796780298	0.703766203219702	702.800362807428	0.00315874389565251	0.000172354655762314	9.31445074619526e-07	-0.00240480361654609	-0.000760989159417517	-0.000154889702834908
0.292685718846532	0.707314281153468	706.343571401008	0.00311677794442888	0.000181519208088129	1.07075781009583e-06	-0.00236103870245410	-0.000774018432719502	-0.000153035739919598
0.289149605916075	0.710850394083925	709.874831411909	0.00307474391592465	0.000190042132747592	1.14639897798187e-06	-0.00231733037596253	-0.000786793996225564	-0.000151180453258838
0.285625666998030	0.714374333001970	713.393934117869	0.00303239471765004	0.000198691355146806	1.14330980252796e-06	-0.00227363946362658	-0.000799058690106940	-0.000149299702226319
0.282114110464196	0.717885889535804	716.900671433055	0.00298946459865292	0.000207828363815955	1.10226326204101e-06	-0.00223135798194232	-0.000809472393712009	-0.000147368408926586
0.278615144037633	0.721384855962367	720.394835919484	0.00294588419976185	0.000217160675901635	1.05939061661987e-06	-0.00219208796027519	-0.000816489703018677	-0.000145380270882623
0.275128974781231	0.724871025218769	723.876220798437	0.00290193710419168	0.000226132853559590	1.01952946520658e-06	-0.00215602327345427	-0.000819794919799707	-0.000143360679814847
0.271655809086303	0.728344190913697	727.344619961850	0.00285816275090175	0.000234313380136881	9.79647321272365e-07	-0.00212203897355407	-0.000820445706430335	-0.000141361815459522
0.268195852661185	0.731804147338815	730.799827983699	0.00281503240286560	0.000241562150335058	9.51353148315382e-07	-0.00208887518432029	-0.000819790775082785	-0.000139425522911718
0.264749310519851	0.735250689480149	734.241640131368	0.00277269767655626	0.000248012692638816	9.47297849142574e-07	-0.00205629410853117	-0.000818432252114336	-0.000137538176545317
0.261316386970551	0.738683613029449	737.669852376998	0.00273111804268655	0.000253871305716375	9.65170782357778e-07	-0.00202455844331584	-0.000816548442294033	-0.000135665960678598
0.257897285604454	0.742102714395546	741.084261408826	0.00269031252497343	0.000259204709944376	9.93489684371110e-07	-0.00199310327039740	-0.000814789347573362	-0.000133821505727122
0.254492209284309	0.745507790715691	744.484664642509	0.00265033637578219	0.000263929935233795	1.00847741761854e-06	-0.00196079086901449	-0.000813916578277292	-0.000132036216027551
0.251101360133135	0.748898639866865	747.870860232419	0.00261115760094359	0.000267694799987812	1.00376662032547e-06	-0.00192714989196527	-0.000813793055210844	-0.000130326563576963
0.247724939522905	0.752275060477095	751.242647082944	0.00257263582690827	0.000269987321928115	1.01149994389738e-06	-0.00189268777742835	-0.000813472767271923	-0.000128692936861425
0.244363148063271	0.755636851936729	754.599824859746	0.00253453466822050	0.000270738973827867	1.04771521812926e-06	-0.00185800931946450	-0.000812306073513205	-0.000127108775408362
0.241016185590289	0.758983814409711	757.942194001022	0.00249662077451769	0.000270534214078502	1.08913604759569e-06	-0.00182338102073743	-0.000810379303194641	-0.000125541086592126
0.237684251155170	0.762315748844830	761.269555728737	0.00245879541000620	0.000270103854569948	1.11281831848561e-06	-0.00178922824349157	-0.000807885139960482	-0.000123981836034385
0.234367543013051	0.765632456986949	764.581712059836	0.00242111051651340	0.000269967621640415	1.11684783851974e-06	-0.00175615190817082	-0.000804753955291238	-0.000122441514708713
0.231066258611781	0.768933741388219	767.878465817445	0.00238367447158651	0.000270429255505858	1.10186037370912e-06	-0.00172465840293029	-0.000800860450680409	-0.000120910945694339
0.227780594580726	0.772219405419274	771.159620642051	0.00234657762467044	0.000271623196039070	1.06399624615168e-06	-0.00169481681017792	-0.000796331947911140	-0.000119365633105132
0.224510746719602	0.775489253280398	774.424981002650	0.00230987548414438	0.000273407166707711	1.02231421486239e-06	-0.00166612861617181	-0.000791545762836951	-0.000117804474695851
0.221256909987317	0.778743090012683	777.674352207894	0.00227355855635670	0.000275383949072063	1.00545500311338e-06	-0.00163789792302325	-0.000786817572436627	-0.000116246128180295
0.218019278490844	0.781980721509156	780.907540417200	0.00223756310572705	0.000277231877261785	1.00105036778341e-06	-0.00160983599283493	-0.000782040063520091	-0.000114698121156888
0.214798045474110	0.785201954525890	784.124352651847	0.00220185186997797	0.000278805301456967	9.80994591245506e-07	-0.00158238921699299	-0.000776611820602111	-0.000113160561451039
0.211593403306909	0.788406596693091	787.324596806046	0.00216643506353273	0.000280064374058854	9.64797190567713e-07	-0.00155589999673199	-0.000770142343253818	-0.000111640025531575
0.208405543473838	0.791594456526162	790.508081657992	0.00213130415145049	0.000280946317118348	9.89392105390972e-07	-0.00152989042571829	-0.000763059133257119	-0.000110128512289977
0.205234656563255	0.794765343436745	793.674616880888	0.00209642787797070	0.000281483645207482	1.03565971826932e-06	-0.00150364600010856	-0.000756291625560488	-0.000108597211513778
0.202080932256261	0.797919067743739	796.824013053949	0.00206184743058875	0.000281909574755019	1.04871074931171e-06	-0.00147663846846909	-0.000750672143962673	-0.000107027272480463
0.198944559315707	0.801055440684293	799.956081673381	0.00202771852912985	0.000282348472698207	1.01405905124573e-06	-0.00144857394500440	-0.000746549176243663	-0.000105435229352781
0.195825725575225	0.804174274424775	803.070635163331	0.00199419365714123	0.000282800520698973	9.68097230719779e-07	-0.00141975546367531	-0.000743631357374158	-0.000103846142982979
0.192724617928286	0.807275382071714	806.167486886819	0.00196128510094109	0.000283308282383140	9.48583789215509e-07	-0.00139101081807946	-0.000741166830702394	-0.000102263667880747
0.189641422317281	0.810358577682719	809.246451156639	0.00192887183067662	0.000283854474464923	9.65679147883463e-07	-0.00136326483829819	-0.000738216139895449	-0.000100674811065040
0.186576323722628	0.813423676277372	812.307343246239	0.00189679545966194	0.000284237399130853	1.01156522750830e-06	-0.00133719203510866	-0.000733945514382667	-9.90683458135371e-05
0.183529506151914	0.816470493848086	815.349979400560	0.00186493945092824	0.000284174145642593	1.06133982885163e-06	-0.00131295347443112	-0.000727987479644515	-9.74387711048425e-05
0.180501152629053	0.819498847370947	818.374176846869	0.00183326351395229	0.000283589563401514	1.08235284990811e-06	-0.00128997531767116	-0.000720728369389988	-9.57947191633917e-05
0.177491445183478	0.822508554816522	821.379753805549	0.00180176184344453	0.000282711615298616	1.07652837293669e-06	-0.00126705205978405	-0.000713195065501857	-9.41612466725354e-05
0.174500564839367	0.825499435160633	824.366529500855	0.00177034967621237	0.000281919619257307	1.08299773209687e-06	-0.00124321342041894	-0.000706373548246276	-9.25532116949787e-05
0.171528691604886	0.828471308395114	827.334324171664	0.00173883491900820	0.000281522523165223	1.12531190203741e-06	-0.00121831487288326	-0.000700700057563831	-9.09548741807212e-05
0.168576004461474	0.831423995538526	830.282959082169	0.00170706645094569	0.000281633039342241	1.17794538808524e-06	-0.00119270035279783	-0.000696188935352533	-8.93443870270429e-05
0.165642681353152	0.834357318646848	833.212256532556	0.00167508621994163	0.000282268709123579	1.19948985335547e-06	-0.00116677340536079	-0.000692716866601634	-8.77235755536854e-05
0.162728899175862	0.837271100824138	836.122039869654	0.00164308172946684	0.000283489670055105	1.18512934621096e-06	-0.00114082264629956	-0.000690148140251215	-8.61114123180976e-05
0.159834833766845	0.840165166233155	839.012133497538	0.00161122237561021	0.000285461912237191	1.15701108671330e-06	-0.00111490430079451	-0.000688454375044822	-8.45120138713596e-05
0.156960659894045	0.843039340105955	841.882362888114	0.00157960629589124	0.000288392457712892	1.12449911064851e-06	-0.00108889904501127	-0.000687808511887605	-8.29159385604466e-05
0.154106551245546	0.845893448754454	844.732554591666	0.00154833469863067	0.000292317556397961	1.08539330133138e-06	-0.00106243679246837	-0.000688597817578403	-8.13288469970598e-05
0.151272680419049	0.848727319580951	847.562536247363	0.00151753907517369	0.000296957911792856	1.04722049274741e-06	-0.00103495553336232	-0.000691218805603374	-7.97741705911548e-05
0.148459218911375	0.851540781088625	850.372136593745	0.00148730537518028	0.000301719765731081	1.02583213896639e-06	-0.00100615114749670	-0.000695659921405647	-7.82654859339474e-05
0.145666337108011	0.854333662891989	853.161185479160	0.00145761906555606	0.000305842988278732	1.03049177627583e-06	-0.000976264150355616	-0.000701262563236881	-7.67936140457129e-05
0.142894204272683	0.857105795727317	855.929513872177	0.00142840589310025	0.000308638005089701	1.05870480033826e-06	-0.000945962307561537	-0.000706910886520397	-7.53446182186410e-05
0.140142988536976	0.859857011463024	858.676953871953	0.00139960379051390	0.000309768223932566	1.10214340996012e-06	-0.000915857898245194	-0.000711593790041285	-7.39167987803072e-05
0.137412856889981	0.862587143110019	861.403338718571	0.00137118412043126	0.000309287495146082	1.15158432990217e-06	-0.000886207484322006	-0.000714779468236612	-7.25122304961076e-05
0.134703975167984	0.865296024832016	864.108502803337	0.00134313029905235	0.000307406679548721	1.19301299481393e-06	-0.000857065237932379	-0.000716283094867786	-7.11303454831635e-05
0.132016508044196	0.867983491955804	866.792281679035	0.00131542141910409	0.000304321763718320	1.21037980472343e-06	-0.000828502351071053	-0.000715982528062998	-6.97688457587841e-05
0.129350619018518	0.870649380981482	869.454512070150	0.00128802867266842	0.000300136772952709	1.19506140979177e-06	-0.000800816611240359	-0.000713631204753648	-6.84234536150687e-05
0.126706470407344	0.873293529592656	872.095031883048	0.00126092224282617	0.000294906176872960	1.14915433965059e-06	-0.000774476001942620	-0.000708893490408258	-6.70878940626870e-05
0.124084223333413	0.875915776666587	874.713680216114	0.00123409207983222	0.000288651681701403	1.08827080010446e-06	-0.000749826250506456	-0.000701553345966306	-6.57587326129392e-05
0.121484037715691	0.878515962284309	877.310297369852	0.00120756007170909	0.000281319657166756	1.03357297952598e-06	-0.000726990980555979	-0.000691615952630943	-6.44339792312902e-05
0.118906072259304	0.881093927740696	879.884724856942	0.00118137490527387	0.000272824671622530	9.99186317538814e-07	-0.000705933458945329	-0.000679254703058264	-6.31124944571190e-05
0.116350484445512	0.883649515554488	882.436805412249	0.00115560084906111	0.000263122508628262	9.94333699927913e-07	-0.000686473780290160	-0.000664760466445552	-6.17999944302502e-05
0.113817430521716	0.886182569478284	884.966383002804	0.00113028770970901	0.000252263777876228	1.02628275426847e-06	-0.000668301320761924	-0.000648539399196491	-6.05078949532521e-05
0.111307065491528	0.888692934508472	887.473302837721	0.00110542647058898	0.000240435716354784	1.09193946167263e-06	-0.000651021031930803	-0.000631118277155191	-5.92403760434699e-05
0.108819543104865	0.891180456895135	889.957411378086	0.00108093783856131	0.000227993478596285	1.17237652270439e-06	-0.000634256006776544	-0.000613087820224925	-5.79897959942653e-05
0.106355015848106	0.893644984151894	892.418556346791	0.00105670339406470	0.000215449665404252	1.24037124496207e-06	-0.000617810064543883	-0.000594930084558757	-5.67512057626885e-05
0.103913634934285	0.896086365065715	894.856586738326	0.00103259421543890	0.000203398498473856	1.26743256304942e-06	-0.000601806265703677	-0.000576811826730281	-5.55240245644421e-05
0.101495550293332	0.898504449706668	897.271352828522	0.00100849097023622	0.000192368406145377	1.23339648762421e-06	-0.000586636487672376	-0.000558576579745789	-5.43055536857324e-05
0.0991009105623650	0.900899089437635	899.662706184249	0.000984315690251839	0.000182651387295912	1.14519093379392e-06	-0.000572636224463095	-0.000540023507091529	-5.30911091799688e-05
0.0967298630760300	0.903270136923970	902.030499673061	0.000960054136404969	0.000174256285423198	1.04167205382655e-06	-0.000559802787075598	-0.000521188025818369	-5.18787871545792e-05
0.0943825538568864	0.905617446143114	904.374587472799	0.000935740117542458	0.000167018221692264	9.72203658279283e-07	-0.000547880193046473	-0.000502335956085973	-5.06714085165296e-05
0.0920591276058468	0.907940872394153	906.694825081136	0.000911410740003040	0.000160749721944331	9.67664779427083e-07	-0.000536637947234277	-0.000483747259602006	-4.94716756323455e-05
0.0897597276926650	0.910240272307335	908.991069325077	0.000887071382344833	0.000155287144957160	1.02609470368373e-06	-0.000526027712281413	-0.000465539814488360	-4.82741445971550e-05
0.0874844961464766	0.912515503853523	911.263178370406	0.000862703330338180	0.000150464901844890	1.11935191324486e-06	-0.000516103119945446	-0.000447683443001948	-4.70669548509672e-05
0.0852335736463911	0.914766426353609	913.511011731079	0.000838305484240490	0.000146139555467207	1.21141517166488e-06	-0.000506835946022103	-0.000430148857893472	-4.58435097555887e-05
0.0830070995121384	0.916992900487862	915.734430278568	0.000813927285122575	0.000142259707762947	1.26998143520659e-06	-0.000498039608326258	-0.000413027499276718	-4.46091899469852e-05
0.0808052116947669	0.919194788305233	917.933296251145	0.000789667202888675	0.000138904163525195	1.26780118551485e-06	-0.000489409843028657	-0.000396544405274456	-4.33764444149090e-05
0.0786280467673990	0.921371953232601	920.107473263121	0.000765649367880165	0.000136198420271675	1.19153966321921e-06	-0.000480625992079896	-0.000380961041738641	-4.21577447966423e-05
0.0764757399160395	0.923524260083961	922.256826314018	0.000741997595994630	0.000134170539260056	1.05718661106871e-06	-0.000471485815277254	-0.000366427348032541	-4.09627604842575e-05
0.0743484249304427	0.925651575069557	924.381221797693	0.000718814245567282	0.000132699081862250	9.06848019764428e-07	-0.000461964190108517	-0.000352911869691899	-3.97972637620148e-05
0.0722462341950334	0.927753765804967	926.480527511404	0.000696168832039368	0.000131575716145856	7.82821980007722e-07	-0.000452145037812286	-0.000340256813757991	-3.86627891847331e-05
0.0701692986798893	0.929830701320111	928.554612664816	0.000674099109428853	0.000130605994685964	7.05521889476973e-07	-0.000442130179347595	-0.000328272014439172	-3.75567156934248e-05
0.0681177479317799	0.931882252068220	930.603347888947	0.000652619267168033	0.000129642548049451	6.75153707357342e-07	-0.000431999009364049	-0.000316784349399152	-3.64740605782620e-05
0.0660917100652639	0.933908289934736	932.626605245061	0.000631727127614775	0.000128540016461249	6.86243672250517e-07	-0.000421824149484759	-0.000305627628034201	-3.54089747740346e-05
0.0640913117538501	0.935908688246150	934.624258233496	0.000611409197563459	0.000127120948061732	7.36088797136788e-07	-0.000411711363907432	-0.000294610904843040	-3.43569438755294e-05
0.0621166782212164	0.937883321778784	936.596181802428	0.000591642645278930	0.000125197435858857	8.21606781645278e-07	-0.000401795404490644	-0.000283524390800345	-3.33176926310766e-05
0.0601679332324919	0.939832066767508	938.542252356582	0.000572391952638102	0.000122633531710858	9.28980769883900e-07	-0.000392187945437034	-0.000272192321771623	-3.22925256233117e-05
0.0582451990856020	0.941754800914398	940.462347765873	0.000553609556898700	0.000119401265829114	1.02963347660841e-06	-0.000382930317519319	-0.000260523936164940	-3.12801266648405e-05
0.0563485966026763	0.943651403397324	942.356347373987	0.000535249371620679	0.000115580800132012	1.09262431428516e-06	-0.000373989662693668	-0.000248520583914373	-3.02786150403214e-05
0.0544782451215212	0.945521754878479	944.224132006894	0.000517281828679426	0.000111308929734704	1.10342074889484e-06	-0.000365296548151760	-0.000236245074403621	-2.92898488563872e-05
0.0526342624871584	0.947365737512842	946.065583981302	0.000499693604703665	0.000106721866039522	1.07123559027786e-06	-0.000356779785936034	-0.000223790314878381	-2.83191046349606e-05
0.0508167650434277	0.949183234956572	947.880587113041	0.000482472865548719	0.000101926942461310	1.02088837872086e-06	-0.000348378597345829	-0.000211264200907619	-2.73709927019043e-05
0.0490258676246587	0.950974132375341	949.669026725377	0.000465594908332390	9.70057909650755e-05	9.78488810096493e-07	-0.000340044693319860	-0.000198783189177651	-2.64459292088112e-05
0.0472616835474092	0.952738316452591	951.430789657268	0.000449019644195980	9.20299727008354e-05	9.61114531732826e-07	-0.000331738821803185	-0.000186468804321164	-2.55397035086164e-05
0.0455243246022710	0.954475675397729	953.165764271542	0.000432700085703253	8.70693475025478e-05	9.73565627949379e-07	-0.000323423889599266	-0.000174442181565301	-2.46452506303562e-05
0.0438139010457482	0.956186098954252	954.873840463008	0.000416593414696385	8.21889222373739e-05	1.00987650971165e-06	-0.000315058667735103	-0.000162814328188046	-2.37551618033228e-05
0.0421305215922023	0.957869478407798	956.554909666505	0.000400667639964164	7.74394468190851e-05	1.05766284709695e-06	-0.000306595201552898	-0.000151675731174489	-2.28640474479702e-05
0.0404742934058703	0.959525706594130	958.208864864866	0.000384902340842294	7.28474010936335e-05	1.10380357959803e-06	-0.000297987309868511	-0.000141084251256338	-2.19694577264324e-05
0.0388453220929547	0.961154677907045	959.835600596822	0.000369286289572703	6.84117638880205e-05	1.13872381503985e-06	-0.000289209175026053	-0.000131049775313323	-2.10712453248673e-05
0.0372437116937855	0.962756288306215	961.435012964825	0.000353815625844548	6.41146206792246e-05	1.15725908472802e-06	-0.000280271380672108	-0.000121522975304791	-2.01707212927406e-05
0.0356695646750560	0.964330435324944	963.006999642807	0.000338493957757414	5.99397679826720e-05	1.15722056842532e-06	-0.000271225972622284	-0.000112396836576932	-1.92705032778941e-05
0.0341229819221338	0.965877018077866	964.551459883854	0.000323332948574917	5.58830683172876e-05	1.13835787629914e-06	-0.000262161436102499	-0.000103521374164530	-1.83744868885201e-05
0.0326040627314459	0.967395937268554	966.068294527812	0.000308351538501802	5.19477755565825e-05	1.10298910945825e-06	-0.000253193131024463	-9.47250123643366e-05	-1.74872170044791e-05
0.0311129048029407	0.968887095197059	967.557406008816	0.000293573442431793	4.81321051991515e-05	1.05743294857425e-06	-0.000244451698524955	-8.58376547655034e-05	-1.66129548602122e-05
0.0296496042326278	0.970350395767372	969.018698362736	0.000279023590964495	4.44207797298853e-05	1.01169854506322e-06	-0.000236064757849197	-7.67164549729429e-05	-1.57549008220117e-05
0.0282142555051929	0.971785744494807	970.452077234556	0.000264724739622868	4.07884526645871e-05	9.75938786541743e-07	-0.000228130130672180	-6.72742740627412e-05	-1.49146449001258e-05
0.0268069514866951	0.973193048513305	971.857449885666	0.000250695863220882	3.72122969779219e-05	9.56161987400386e-07	-0.000220691701390634	-5.75019556803719e-05	-1.40923479082573e-05
0.0254277834173406	0.974572216582659	973.234725201077	0.000236952857745722	3.36836893175438e-05	9.52654076556102e-07	-0.000213732530000594	-4.74722377223232e-05	-1.32878226096240e-05
0.0240768409043386	0.975923159095661	974.583813696555	0.000223510234566586	3.02128610548816e-05	9.61099301566225e-07	-0.000207186811952300	-3.73230801855477e-05	-1.25014877636005e-05
0.0227542119148381	0.977245788085162	975.904627525676	0.000210382307344503	2.68268706384258e-05	9.74591866976364e-07	-0.000200958749646595	-2.72310395872930e-05	-1.17344627068966e-05
0.0214599827689462	0.978540017231054	977.197080486797	0.000197583530610052	2.35633351220879e-05	9.85880635477134e-07	-0.000194936568564643	-1.73874066824680e-05	-1.09882447952824e-05
0.0201942381328298	0.979805761867170	978.461088029948	0.000185128199720268	2.04624977169580e-05	9.89543660292627e-07	-0.000188999474064987	-7.98205277829150e-06	-1.02644656149832e-05
0.0189570610119018	0.981042938988098	979.696567263630	0.000173029564181903	1.75600286487195e-05	9.83168181895205e-07	-0.000183022358287361	8.07312077045871e-07	-9.56465185948129e-06
0.0177485327440904	0.982251467255910	980.903436961543	0.000161298527560481	1.48819109707283e-05	9.67031789499880e-07	-0.000176882765620284	8.82402161111207e-06	-8.88987543923163e-06
0.0165687329931947	0.983431267006805	982.081617569216	0.000149942498955800	1.24412659982878e-05	9.43014109109257e-07	-0.000170470291837755	1.59404867175289e-05	-8.24049169855013e-06
0.0154177397423275	0.984582260257673	983.231031210562	0.000138964962242283	1.02367798858591e-05	9.13936894250890e-07	-0.000163695021882105	2.20638332589222e-05	-7.61619798214677e-06
0.0142956292874432	0.985704370712557	984.351601694331	0.000128365810416081	8.25368679952632e-06	8.83724223451693e-07	-0.000156491585973621	2.71371039183609e-05	-7.01637945466499e-06
0.0132024762309563	0.986797523769044	985.443254520495	0.000118141952850313	6.46872022178814e-06	8.57649790420530e-07	-0.000148818656496695	3.11357934062471e-05	-6.44047803208634e-06
0.0121383534754463	0.987861646524554	986.505916886523	0.000108287641564086	4.85848877492497e-06	8.41663774916153e-07	-0.000140656839820249	3.40619683753691e-05	-5.88812086642336e-06
0.0111033322174536	0.988896667782546	987.539517693585	9.87944025884634e-05	3.40791005190902e-06	8.40605067470374e-07	-0.000132007829186067	3.59391614475416e-05	-5.35896675248612e-06
0.0100974819413664	0.989902518058634	988.543987552651	8.96509546312937e-05	2.11474312449173e-06	8.56194946414176e-07	-0.000122895143858535	3.68099664813324e-05	-4.85246232503763e-06
0.00912087041339739	0.990879129586603	989.519258790512	8.08435948768058e-05	9.88649117652129e-07	8.86056203618432e-07	-0.000113364728742217	3.67359396774426e-05	-4.36770958853131e-06
0.00817356367565411	0.991826436324346	990.465265455694	7.23572150769847e-05	4.60187605423499e-08	9.24376918609779e-07	-0.000103483521316566	3.57977273014057e-05	-3.90348935447758e-06
0.00725562604030164	0.992744373959698	991.381943324294	6.41767170157339e-05	-6.97010933657745e-07	9.63861105936595e-07	-9.33352405662147e-05	3.40934006152816e-05	-3.45839172654147e-06
0.00636712008381921	0.993632879916181	992.269229905713	5.62884055177493e-05	-1.23096213379309e-06	9.97985654953383e-07	-8.30140318836715e-05	3.17344420003815e-05	-3.03099947705235e-06
0.00550810664135135	0.994491893358649	993.127064448293	4.86809946701995e-05	-1.55702444371275e-06	1.02259294671721e-06	-7.26173832696275e-05	2.88402645274745e-05	-2.62006392760478e-06
0.00467864480115515	0.995321355198845	993.955387944872	4.13460597302003e-05	-1.68788391289724e-06	1.03634948478013e-06	-6.22397005413729e-05	2.55326478486289e-05	-2.22461651268191e-06
0.00387879189914286	0.996121208100857	994.754143138223	3.42779710885050e-05	-1.64572022492190e-06	1.04021261404679e-06	-5.19674480742154e-05	2.19313405405097e-05	-1.84399436600881e-06
0.00310860351352288	0.996891396486477	995.523274526414	2.74734760166260e-05	-1.45829989154328e-06	1.03641491039796e-06	-4.18762153420378e-05	1.81521281663659e-05	-1.47779905908402e-06
0.00236813345953710	0.997631866540463	996.262728368056	2.09311229594986e-05	-1.15366380077129e-06	1.02748702894817e-06	-3.20296148097872e-05	1.43100790303388e-05	-1.12582632316139e-06
0.00165743378429843	0.998342566215702	996.972452687468	1.46506822034983e-05	-7.51298466295487e-07	1.01562003557873e-06	-2.24796040984835e-05	1.05384581678963e-05	-7.87997622680255e-07
0.000976554761726947	0.999023445238273	997.652397279723	8.63265105966251e-06	-2.31755317545656e-07	1.00590059559224e-06	-1.32676882655970e-05	7.08925671057728e-06	-4.64307197944645e-07
0.000325544887587024	0.999674455112413	998.302513715613	2.87815922766415e-06	-2.41978066230033e-06	9.99327037737087e-07	-4.42648833897861e-06	-5.85129132942801e-06	-1.54785623405991e-07
