# Postprocessed results of turbulent pipe flow 
# Reynolds stress transporation term: k 
# ------------------------------------------------------------------
# uTau = 0.0288969 
# nu = 5.26316e-05 
# ------------------------------------------------------------------
# r	 1-r	 y+	 production	 Turbulent_Transport	 Viscous_Transport	  Pressure_Strain	 Pressure_Transport	 Viscous_Dissipation	 
# ------------------------------------------------------------------
1	0	0	-1.99136e-59	 -8.47033e-22	0	3.76158e-36	 -1.35525e-20	  -1.91473e-16	 
0.999844	0.0001564	0.08587	-2.17414e-09	 -2.34509e-08	0.000803657	2.82456e-07	 -1.26948e-05	  -0.000793312	 
0.99962	0.00038	0.208636	-3.21223e-08	 -1.79457e-07	0.000722675	6.58108e-07	 -2.77516e-05	  -0.000758057	 
0.999329	0.0006708	0.368297	-1.81399e-07	 -8.09106e-07	0.000675794	1.09424e-06	 -4.49385e-05	  -0.000726651	 
0.998971	0.0010288	0.564853	-6.77412e-07	 -2.68614e-06	0.000623994	1.56596e-06	 -6.29541e-05	  -0.000690245	 
0.998546	0.0014538	0.798196	-1.97582e-06	 -7.23294e-06	0.000569916	2.08772e-06	 -7.95611e-05	  -0.000654982	 
0.998054	0.0019458	1.06832	-4.8767e-06	 -1.6611e-05	0.000515289	2.80871e-06	 -9.47413e-05	  -0.000621081	 
0.997495	0.0025047	1.37518	-1.0649e-05	 -3.3807e-05	0.000456094	4.18624e-06	 -0.000106296	  -0.000590808	 
0.99687	0.0031304	1.71872	-2.10173e-05	 -6.16928e-05	0.000389555	3.54712e-06	 -0.000115491	  -0.000556398	 
0.996177	0.0038228	2.09887	-3.77095e-05	 -0.000100944	0.000304713	3.11995e-06	 -0.000119616	  -0.000523351	 
0.995418	0.0045817	2.51554	-6.31207e-05	 -0.000150554	0.000229775	6.88655e-06	 -0.000121618	  -0.000484415	 
0.994593	0.005407	2.96867	-9.77378e-05	 -0.000203222	0.000190292	7.81298e-06	 -0.000120522	  -0.000440552	 
0.993701	0.0062987	3.45825	-0.00014196	 -0.000249513	0.000196098	6.46408e-06	 -0.000117065	  -0.000394911	 
0.992744	0.0072565	3.98412	-0.000193225	 -0.0002786	0.000249895	3.85606e-06	 -0.000111993	  -0.000352314	 
0.99172	0.0082802	4.54617	-0.000247346	 -0.000285714	0.000308277	3.24002e-06	 -0.000105507	  -0.000318891	 
0.99063	0.0093699	5.14446	-0.000298728	 -0.000272961	0.000332338	6.94707e-06	 -9.63666e-05	  -0.000294266	 
0.989475	0.0105252	5.77877	-0.000340782	 -0.000252064	0.000312842	1.11622e-05	 -8.63487e-05	  -0.000280919	 
0.988254	0.0117459	6.44898	-0.000369897	 -0.00023627	0.000259615	1.45843e-05	 -7.353e-05	  -0.000276951	 
0.986968	0.013032	7.1551	-0.000380067	 -0.000240551	0.000195541	1.63879e-05	 -5.8821e-05	  -0.000280289	 
0.985617	0.0143831	7.89691	-0.000376041	 -0.000256548	0.000139499	1.67212e-05	 -4.46491e-05	  -0.000285498	 
0.984201	0.0157992	8.67441	-0.000357381	 -0.000263474	0.000116752	1.52179e-05	 -3.53897e-05	  -0.000289635	 
0.98272	0.0172799	9.48738	-0.000328085	 -0.000251758	0.000119617	1.24175e-05	 -3.20469e-05	  -0.000289292	 
0.981175	0.0188251	10.3358	-0.000288719	 -0.000223697	0.000126461	1.13253e-05	 -3.19795e-05	  -0.000286069	 
0.979565	0.0204346	11.2194	-0.000249387	 -0.00018863	0.000132783	1.19446e-05	 -3.4037e-05	  -0.000274205	 
0.977892	0.022108	12.1382	-0.000225936	 -0.000153728	0.000139559	1.30329e-05	 -3.75225e-05	  -0.000261496	 
0.976155	0.0238452	13.092	-0.000233773	 -0.000128761	0.000141519	1.42185e-05	 -4.1804e-05	  -0.000245055	 
0.974354	0.0256458	14.0806	-0.000267488	 -0.000114497	0.000136571	1.54856e-05	 -4.65147e-05	  -0.000231825	 
0.97249	0.0275097	15.104	-0.000314982	 -0.000110062	0.000124889	1.61138e-05	 -5.10358e-05	  -0.000217484	 
0.970563	0.0294366	16.1619	-0.000353996	 -0.000112388	0.000107218	1.5881e-05	 -5.5134e-05	  -0.0002055	 
0.968574	0.0314261	17.2542	-0.000376764	 -0.000120938	8.77655e-05	1.47771e-05	 -5.82279e-05	  -0.000193855	 
0.966522	0.0334781	18.3809	-0.00038727	 -0.000139793	7.02397e-05	1.3194e-05	 -6.08557e-05	  -0.000183733	 
0.964408	0.0355921	19.5415	-0.000385645	 -0.000159716	5.72263e-05	1.16314e-05	 -6.22563e-05	  -0.000174543	 
0.962232	0.0377679	20.7361	-0.000377545	 -0.000157794	4.86875e-05	1.09439e-05	 -6.35534e-05	  -0.000167772	 
0.959995	0.0400052	21.9645	-0.000365934	 -0.000144926	4.31946e-05	1.17158e-05	 -6.38632e-05	  -0.00016138	 
0.957696	0.0423037	23.2265	-0.000356591	 -0.000130811	3.97572e-05	1.37915e-05	 -6.33735e-05	  -0.000157551	 
0.955337	0.0446631	24.5219	-0.000349656	 -0.000119803	3.64057e-05	1.608e-05	 -6.14657e-05	  -0.00015304	 
0.952917	0.0470829	25.8504	-0.000342942	 -0.000110364	3.12632e-05	1.78425e-05	 -5.75594e-05	  -0.000147788	 
0.950437	0.0495629	27.2121	-0.000339159	 -0.000101819	2.13482e-05	1.94419e-05	 -5.26439e-05	  -0.000139995	 
0.947897	0.0521028	28.6066	-0.000332298	 -9.63719e-05	1.67405e-05	2.13513e-05	 -4.70301e-05	  -0.000131897	 
0.945298	0.0547021	30.0337	-0.000322751	 -9.30224e-05	1.84565e-05	2.42224e-05	 -4.23474e-05	  -0.000125076	 
0.942639	0.0573605	31.4933	-0.000313991	 -9.12312e-05	2.20152e-05	2.77422e-05	 -3.91804e-05	  -0.000119517	 
0.939922	0.0600776	32.9851	-0.000300009	 -9.41477e-05	2.46274e-05	3.11207e-05	 -3.81816e-05	  -0.000116476	 
0.937147	0.0628531	34.5089	-0.000289048	 -0.00010231	2.30456e-05	3.37785e-05	 -3.88866e-05	  -0.000114993	 
0.934313	0.0656866	36.0646	-0.000275249	 -0.000107689	2.14148e-05	3.50492e-05	 -4.06233e-05	  -0.000113235	 
0.931422	0.0685777	37.652	-0.000257606	 -0.000108296	2.08359e-05	3.59745e-05	 -4.23628e-05	  -0.000109016	 
0.928474	0.0715259	39.2707	-0.000240319	 -0.000105549	2.03853e-05	3.62754e-05	 -4.39441e-05	  -0.000106359	 
0.925469	0.0745309	40.9205	-0.000225487	 -0.000102149	1.8859e-05	3.47781e-05	 -4.45012e-05	  -0.000105477	 
0.922408	0.0775922	42.6013	-0.000214254	 -9.8926e-05	1.69355e-05	3.24788e-05	 -4.42048e-05	  -0.000103613	 
0.919291	0.0807095	44.3128	-0.000206326	 -9.56846e-05	1.5151e-05	3.01822e-05	 -4.37305e-05	  -0.00010102	 
0.916118	0.0838823	46.0548	-0.000197878	 -9.0788e-05	1.43263e-05	2.79726e-05	 -4.27943e-05	  -9.93521e-05	 
0.91289	0.0871102	47.8271	-0.000193344	 -8.36173e-05	1.39045e-05	2.63677e-05	 -4.20496e-05	  -9.84218e-05	 
0.909607	0.0903927	49.6293	-0.000191018	 -7.5447e-05	1.28503e-05	2.38269e-05	 -4.12803e-05	  -9.82041e-05	 
0.906271	0.0937294	51.4613	-0.000189896	 -7.26304e-05	1.19062e-05	2.10765e-05	 -4.13911e-05	  -9.89259e-05	 
0.90288	0.0971198	53.3228	-0.000187578	 -7.06465e-05	1.19666e-05	1.75287e-05	 -4.27108e-05	  -0.000100212	 
0.899436	0.100564	55.2135	-0.0001855	 -6.91831e-05	1.19919e-05	1.31607e-05	 -4.49356e-05	  -0.000101901	 
0.89594	0.10406	57.1332	-0.000183501	 -7.1819e-05	1.13421e-05	1.05503e-05	 -4.71611e-05	  -0.000103578	 
0.892391	0.107609	59.0817	-0.000180431	 -7.72822e-05	1.06306e-05	1.03754e-05	 -4.88565e-05	  -0.000105683	 
0.888791	0.111209	61.0586	-0.00017823	 -8.17926e-05	1.04682e-05	1.15715e-05	 -4.98739e-05	  -0.000105999	 
0.885139	0.114861	63.0637	-0.000175059	 -8.34087e-05	1.06288e-05	1.32254e-05	 -5.02415e-05	  -0.000107828	 
0.881436	0.118564	65.0967	-0.000169837	 -8.25868e-05	9.90853e-06	1.43309e-05	 -5.03879e-05	  -0.000109302	 
0.877682	0.122318	67.1574	-0.000166632	 -7.56552e-05	8.84137e-06	1.43775e-05	 -4.97149e-05	  -0.0001092	 
0.873879	0.126121	69.2455	-0.000164377	 -6.23506e-05	7.1038e-06	1.38133e-05	 -4.86662e-05	  -0.000109014	 
0.870027	0.129973	71.3607	-0.000165451	 -5.01327e-05	6.42043e-06	1.25119e-05	 -4.68455e-05	  -0.000107741	 
0.866125	0.133875	73.5027	-0.000167242	 -4.34655e-05	6.53813e-06	1.05928e-05	 -4.50093e-05	  -0.000106383	 
0.862176	0.137824	75.6712	-0.000169635	 -4.18301e-05	6.61286e-06	8.96536e-06	 -4.35883e-05	  -0.000105544	 
0.858178	0.141822	77.8659	-0.000172973	 -4.47414e-05	6.98148e-06	7.95978e-06	 -4.21005e-05	  -0.000103155	 
0.854134	0.145866	80.0866	-0.000177324	 -5.08377e-05	9.56721e-06	7.77184e-06	 -4.03797e-05	  -0.000101494	 
0.850042	0.149958	82.3329	-0.000183016	 -5.75007e-05	1.13196e-05	8.04683e-06	 -3.815e-05	  -9.94152e-05	 
0.845905	0.154095	84.6047	-0.000188359	 -6.30554e-05	1.18342e-05	8.48675e-06	 -3.65251e-05	  -9.84398e-05	 
0.841722	0.158278	86.9013	-0.000192508	 -6.6689e-05	1.14555e-05	9.01488e-06	 -3.56988e-05	  -9.65565e-05	 
0.837493	0.162507	89.2228	-0.000195292	 -7.0469e-05	9.89817e-06	9.24857e-06	 -3.59156e-05	  -9.53862e-05	 
0.833221	0.166779	91.5687	-0.00019731	 -7.53425e-05	7.57033e-06	9.45779e-06	 -3.69133e-05	  -9.40465e-05	 
0.828904	0.171096	93.9387	-0.000199365	 -8.0592e-05	5.1763e-06	1.06909e-05	 -3.82189e-05	  -9.32616e-05	 
0.824544	0.175456	96.3325	-0.00019997	 -8.64686e-05	3.49379e-06	1.32082e-05	 -3.89969e-05	  -9.27859e-05	 
0.820141	0.179859	98.7498	-0.000198938	 -8.56276e-05	2.59206e-06	1.6383e-05	 -3.9695e-05	  -9.14011e-05	 
0.815696	0.184304	101.19	-0.000194741	 -8.21136e-05	2.31884e-06	1.98416e-05	 -4.00341e-05	  -9.05876e-05	 
0.81121	0.18879	103.654	-0.000189362	 -7.71729e-05	3.01296e-06	2.30483e-05	 -4.02015e-05	  -8.99661e-05	 
0.806682	0.193318	106.139	-0.000183082	 -7.28877e-05	3.96946e-06	2.46001e-05	 -3.98417e-05	  -8.99295e-05	 
0.802114	0.197886	108.647	-0.000177772	 -7.13664e-05	4.04334e-06	2.41308e-05	 -3.81668e-05	  -9.05194e-05	 
0.797507	0.202493	111.177	-0.000172704	 -6.80737e-05	4.14169e-06	2.18443e-05	 -3.70181e-05	  -9.11615e-05	 
0.79286	0.20714	113.729	-0.000169289	 -6.3948e-05	5.0043e-06	2.0031e-05	 -3.74878e-05	  -9.28273e-05	 
0.788174	0.211826	116.301	-0.000163852	 -6.22224e-05	6.07724e-06	1.94355e-05	 -3.86312e-05	  -9.4268e-05	 
0.783451	0.216549	118.895	-0.000158962	 -6.21902e-05	6.83733e-06	1.89778e-05	 -3.9463e-05	  -9.53365e-05	 
0.77869	0.22131	121.508	-0.000154086	 -6.19454e-05	6.97867e-06	1.73904e-05	 -4.01094e-05	  -9.53908e-05	 
0.773892	0.226108	124.143	-0.000149635	 -6.22656e-05	6.77125e-06	1.53978e-05	 -4.01634e-05	  -9.51583e-05	 
0.769058	0.230942	126.796	-0.000144313	 -6.55132e-05	6.73599e-06	1.3667e-05	 -4.01286e-05	  -9.33938e-05	 
0.764189	0.235811	129.47	-0.000138175	 -6.96953e-05	6.81107e-06	1.18144e-05	 -3.95359e-05	  -9.20236e-05	 
0.759285	0.240715	132.162	-0.000132401	 -7.08631e-05	7.12491e-06	9.17409e-06	 -3.82436e-05	  -9.08825e-05	 
0.754347	0.245653	134.874	-0.00012656	 -6.79922e-05	7.79761e-06	5.79948e-06	 -3.641e-05	  -9.08281e-05	 
0.749375	0.250625	137.603	-0.000121366	 -6.48587e-05	8.34931e-06	4.03464e-06	 -3.54587e-05	  -8.93623e-05	 
0.744371	0.255629	140.351	-0.000114979	 -6.26688e-05	7.65548e-06	5.02231e-06	 -3.47812e-05	  -8.70653e-05	 
0.739334	0.260666	143.116	-0.000110686	 -6.00536e-05	7.05737e-06	7.52789e-06	 -3.43225e-05	  -8.5631e-05	 
0.734266	0.265734	145.899	-0.000109361	 -5.63894e-05	7.24914e-06	1.0769e-05	 -3.38227e-05	  -8.44074e-05	 
0.729166	0.270834	148.699	-0.000110473	 -5.47262e-05	6.35922e-06	1.33657e-05	 -3.32453e-05	  -8.25466e-05	 
0.724037	0.275963	151.515	-0.000114735	 -5.53551e-05	5.34299e-06	1.42875e-05	 -3.3362e-05	  -8.07128e-05	 
0.718877	0.281123	154.348	-0.000124637	 -5.68053e-05	4.78476e-06	1.37583e-05	 -3.38208e-05	  -7.89824e-05	 
0.713689	0.286311	157.196	-0.000134884	 -5.84526e-05	4.57381e-06	1.28995e-05	 -3.52512e-05	  -7.69247e-05	 
0.708473	0.291527	160.06	-0.000140968	 -5.9617e-05	5.09638e-06	1.20283e-05	 -3.67151e-05	  -7.64682e-05	 
0.703229	0.296771	162.939	-0.000142155	 -6.16758e-05	6.24479e-06	1.13019e-05	 -3.8563e-05	  -7.77878e-05	 
0.697959	0.302041	165.833	-0.000136392	 -6.60928e-05	6.16748e-06	1.06363e-05	 -4.0322e-05	  -7.75577e-05	 
0.692662	0.307338	168.741	-0.00012754	 -7.27319e-05	5.78611e-06	1.03006e-05	 -4.17757e-05	  -7.65199e-05	 
0.687339	0.312661	171.664	-0.000120177	 -8.034e-05	5.48181e-06	1.00341e-05	 -4.32478e-05	  -7.60036e-05	 
0.681992	0.318008	174.599	-0.000115265	 -8.59824e-05	5.43347e-06	9.5655e-06	 -4.38758e-05	  -7.76364e-05	 
0.676621	0.323379	177.548	-0.000113961	 -8.95726e-05	5.90652e-06	8.8774e-06	 -4.3946e-05	  -7.86277e-05	 
0.671226	0.328774	180.51	-0.000116238	 -8.88439e-05	6.38808e-06	8.14763e-06	 -4.31708e-05	  -7.92878e-05	 
0.665809	0.334191	183.485	-0.000119004	 -8.67275e-05	6.14617e-06	7.65747e-06	 -4.19858e-05	  -8.0763e-05	 
0.660369	0.339631	186.471	-0.00012094	 -8.39277e-05	5.44328e-06	7.5638e-06	 -4.10415e-05	  -8.07298e-05	 
0.654908	0.345092	189.47	-0.000118228	 -8.25456e-05	5.26352e-06	8.0802e-06	 -4.05441e-05	  -8.02928e-05	 
0.649427	0.350573	192.479	-0.000113169	 -8.25084e-05	5.45026e-06	9.03653e-06	 -3.97726e-05	  -8.00266e-05	 
0.643926	0.356074	195.499	-0.000104753	 -8.35792e-05	5.34488e-06	1.03112e-05	 -3.90535e-05	  -7.85316e-05	 
0.638405	0.361595	198.53	-9.56352e-05	 -8.53581e-05	4.80014e-06	1.19336e-05	 -3.78909e-05	  -7.68656e-05	 
0.632866	0.367134	201.572	-8.61993e-05	 -8.57583e-05	4.04365e-06	1.42788e-05	 -3.68447e-05	  -7.52059e-05	 
0.62731	0.37269	204.622	-7.73425e-05	 -8.41614e-05	3.43011e-06	1.74744e-05	 -3.58833e-05	  -7.4264e-05	 
0.621736	0.378264	207.683	-6.98597e-05	 -8.4478e-05	4.08846e-06	2.12131e-05	 -3.49213e-05	  -7.34464e-05	 
0.616146	0.383854	210.752	-6.43722e-05	 -8.592e-05	4.77889e-06	2.40961e-05	 -3.4615e-05	  -7.3513e-05	 
0.61054	0.38946	213.829	-5.82698e-05	 -8.66927e-05	6.1209e-06	2.54574e-05	 -3.44576e-05	  -7.37029e-05	 
0.60492	0.39508	216.915	-5.17919e-05	 -8.65671e-05	6.8853e-06	2.54154e-05	 -3.34856e-05	  -7.29378e-05	 
0.599285	0.400715	220.009	-4.59166e-05	 -8.61395e-05	6.53356e-06	2.4142e-05	 -3.26215e-05	  -7.05932e-05	 
0.593637	0.406363	223.11	-4.17613e-05	 -8.56447e-05	5.41399e-06	2.21404e-05	 -3.17387e-05	  -6.94146e-05	 
0.587976	0.412024	226.218	-4.12957e-05	 -8.49754e-05	4.3968e-06	1.92937e-05	 -3.07624e-05	  -6.86647e-05	 
0.582303	0.417697	229.333	-4.65127e-05	 -8.20394e-05	3.99083e-06	1.58592e-05	 -3.03109e-05	  -6.76969e-05	 
0.57662	0.42338	232.453	-6.16556e-05	 -7.9465e-05	4.31985e-06	1.2693e-05	 -3.00908e-05	  -6.71451e-05	 
0.570925	0.429075	235.58	-7.98843e-05	 -7.65366e-05	5.13715e-06	1.03107e-05	 -3.04141e-05	  -6.73922e-05	 
0.565221	0.434779	238.712	-8.64923e-05	 -7.16281e-05	5.24238e-06	8.74331e-06	 -3.10906e-05	  -6.77967e-05	 
0.559508	0.440492	241.848	-8.77508e-05	 -6.56348e-05	5.25546e-06	7.46491e-06	 -3.15149e-05	  -6.8172e-05	 
0.553786	0.446214	244.99	-8.72925e-05	 -6.00937e-05	5.34852e-06	6.05423e-06	 -3.16724e-05	  -6.90685e-05	 
0.548057	0.451943	248.135	-8.73174e-05	 -5.47775e-05	5.50241e-06	4.23952e-06	 -3.19157e-05	  -6.96206e-05	 
0.542321	0.457679	251.284	-8.7357e-05	 -4.99244e-05	5.31783e-06	2.73306e-06	 -3.26982e-05	  -7.04852e-05	 
0.536579	0.463421	254.437	-8.72585e-05	 -4.61188e-05	4.55463e-06	2.32647e-06	 -3.31341e-05	  -7.09309e-05	 
0.530832	0.469168	257.592	-8.64651e-05	 -4.41757e-05	3.92638e-06	3.01285e-06	 -3.27486e-05	  -7.01591e-05	 
0.52508	0.47492	260.75	-8.42131e-05	 -4.45389e-05	3.50855e-06	4.06884e-06	 -3.27443e-05	  -7.08575e-05	 
0.519325	0.480675	263.91	-8.28962e-05	 -4.5373e-05	3.18168e-06	5.13631e-06	 -3.2974e-05	  -7.05953e-05	 
0.513566	0.486434	267.072	-8.21552e-05	 -4.59487e-05	3.48518e-06	6.23249e-06	 -3.34412e-05	  -7.06109e-05	 
0.507805	0.492195	270.235	-8.08632e-05	 -4.49933e-05	4.4674e-06	7.51801e-06	 -3.32099e-05	  -6.89208e-05	 
0.502042	0.497958	273.399	-7.98972e-05	 -4.25348e-05	4.39505e-06	8.89704e-06	 -3.23092e-05	  -6.71014e-05	 
0.496278	0.503722	276.564	-7.86859e-05	 -4.06378e-05	3.33052e-06	1.06655e-05	 -3.11918e-05	  -6.60628e-05	 
0.490514	0.509486	279.729	-7.54183e-05	 -3.9881e-05	2.02558e-06	1.23207e-05	 -3.09476e-05	  -6.4555e-05	 
0.484751	0.515249	282.893	-7.08268e-05	 -4.13518e-05	2.05018e-06	1.35483e-05	 -3.17771e-05	  -6.25002e-05	 
0.478989	0.521011	286.056	-6.61919e-05	 -4.51829e-05	3.16852e-06	1.42936e-05	 -3.22805e-05	  -6.03101e-05	 
0.47323	0.52677	289.219	-6.2842e-05	 -5.00816e-05	4.60089e-06	1.46244e-05	 -3.24469e-05	  -5.77474e-05	 
0.467473	0.532527	292.379	-5.99946e-05	 -5.46156e-05	5.65044e-06	1.47131e-05	 -3.31998e-05	  -5.63462e-05	 
0.461719	0.538281	295.538	-5.81497e-05	 -5.78133e-05	6.13669e-06	1.4128e-05	 -3.40486e-05	  -5.55398e-05	 
0.45597	0.54403	298.695	-5.61974e-05	 -5.97011e-05	6.29118e-06	1.27505e-05	 -3.43835e-05	  -5.36646e-05	 
0.450226	0.549774	301.848	-5.40744e-05	 -6.09515e-05	6.27468e-06	1.10272e-05	 -3.38644e-05	  -5.24135e-05	 
0.444488	0.555512	304.999	-5.33018e-05	 -6.16834e-05	6.02935e-06	8.93319e-06	 -3.29404e-05	  -5.05272e-05	 
0.438756	0.561244	308.146	-5.39394e-05	 -6.16597e-05	5.86067e-06	7.28831e-06	 -3.18222e-05	  -4.86354e-05	 
0.433032	0.566968	311.289	-5.49974e-05	 -6.15979e-05	5.80722e-06	5.86641e-06	 -3.00619e-05	  -4.65762e-05	 
0.427315	0.572685	314.427	-5.64858e-05	 -6.11076e-05	5.12808e-06	4.45146e-06	 -2.7899e-05	  -4.40517e-05	 
0.421608	0.578392	317.561	-5.66258e-05	 -5.87499e-05	4.07606e-06	4.05366e-06	 -2.59246e-05	  -4.20611e-05	 
0.41591	0.58409	320.69	-5.58625e-05	 -5.49056e-05	3.35194e-06	5.23948e-06	 -2.45241e-05	  -4.07231e-05	 
0.410222	0.589778	323.813	-5.48079e-05	 -5.22316e-05	3.23174e-06	6.99069e-06	 -2.34322e-05	  -3.93999e-05	 
0.404545	0.595455	326.929	-5.33185e-05	 -5.17188e-05	3.6035e-06	8.36047e-06	 -2.27048e-05	  -3.80783e-05	 
0.398879	0.601121	330.04	-5.26274e-05	 -5.27121e-05	3.91586e-06	8.49933e-06	 -2.25401e-05	  -3.66384e-05	 
0.393226	0.606774	333.144	-5.21954e-05	 -5.30294e-05	3.9971e-06	7.86797e-06	 -2.26292e-05	  -3.5066e-05	 
0.387587	0.612413	336.24	-5.12151e-05	 -5.25325e-05	3.80922e-06	7.60242e-06	 -2.32473e-05	  -3.44914e-05	 
0.381961	0.618039	339.329	-5.08818e-05	 -5.24636e-05	3.22119e-06	7.56842e-06	 -2.3675e-05	  -3.48716e-05	 
0.37635	0.62365	342.41	-5.15483e-05	 -5.42162e-05	2.56841e-06	7.34983e-06	 -2.41296e-05	  -3.47704e-05	 
0.370754	0.629246	345.482	-5.19722e-05	 -5.57435e-05	2.78583e-06	6.88183e-06	 -2.46974e-05	  -3.4731e-05	 
0.365174	0.634826	348.546	-5.35535e-05	 -5.72993e-05	2.97999e-06	6.17965e-06	 -2.56091e-05	  -3.45591e-05	 
0.359611	0.640389	351.6	-5.58418e-05	 -6.03086e-05	3.0732e-06	5.53257e-06	 -2.66251e-05	  -3.3498e-05	 
0.354065	0.645935	354.645	-5.8591e-05	 -6.23815e-05	4.06617e-06	5.14871e-06	 -2.74719e-05	  -3.29678e-05	 
0.348538	0.651462	357.679	-6.2057e-05	 -6.24284e-05	4.97974e-06	4.47808e-06	 -2.83224e-05	  -3.30399e-05	 
0.34303	0.65697	360.704	-6.57555e-05	 -6.15671e-05	5.10941e-06	3.34989e-06	 -2.90738e-05	  -3.30643e-05	 
0.337541	0.662459	363.717	-6.97243e-05	 -6.06056e-05	4.74784e-06	2.16091e-06	 -2.93902e-05	  -3.28698e-05	 
0.332072	0.667928	366.72	-7.18682e-05	 -5.92242e-05	3.61755e-06	2.65864e-06	 -2.96004e-05	  -3.28517e-05	 
0.326625	0.673375	369.71	-7.25318e-05	 -5.86486e-05	3.1518e-06	4.82453e-06	 -3.03673e-05	  -3.28177e-05	 
0.3212	0.6788	372.689	-7.24317e-05	 -5.95601e-05	3.8942e-06	6.67804e-06	 -3.11477e-05	  -3.25887e-05	 
0.315797	0.684203	375.656	-7.18822e-05	 -6.05617e-05	4.32806e-06	7.7347e-06	 -3.15855e-05	  -3.29556e-05	 
0.310417	0.689583	378.61	-7.1483e-05	 -6.07884e-05	4.27212e-06	8.13107e-06	 -3.13938e-05	  -3.30595e-05	 
0.305061	0.694939	381.55	-7.15262e-05	 -5.97274e-05	4.02398e-06	8.23589e-06	 -3.13383e-05	  -3.33109e-05	 
0.299729	0.700271	384.477	-7.21203e-05	 -5.82606e-05	3.93996e-06	8.6191e-06	 -3.19827e-05	  -3.36201e-05	 
0.294423	0.705577	387.391	-7.0919e-05	 -5.82884e-05	3.83786e-06	8.97375e-06	 -3.31393e-05	  -3.40273e-05	 
0.289143	0.710857	390.29	-6.8214e-05	 -5.89807e-05	3.66574e-06	9.06577e-06	 -3.4241e-05	  -3.42283e-05	 
0.28389	0.71611	393.174	-6.59607e-05	 -6.09278e-05	3.73285e-06	8.96036e-06	 -3.52557e-05	  -3.50088e-05	 
0.278664	0.721337	396.043	-6.34877e-05	 -6.34993e-05	3.78139e-06	8.78604e-06	 -3.61812e-05	  -3.58896e-05	 
0.273465	0.726535	398.897	-6.03592e-05	 -6.48193e-05	3.67573e-06	8.58135e-06	 -3.70428e-05	  -3.66666e-05	 
0.268296	0.731704	401.736	-5.79813e-05	 -6.61126e-05	3.58679e-06	8.43189e-06	 -3.80984e-05	  -3.72984e-05	 
0.263156	0.736844	404.558	-5.62564e-05	 -6.68038e-05	3.53308e-06	8.70775e-06	 -3.89821e-05	  -3.76371e-05	 
0.258046	0.741954	407.363	-5.54466e-05	 -6.64552e-05	3.53381e-06	9.23713e-06	 -3.96789e-05	  -3.74465e-05	 
0.252967	0.747033	410.152	-5.43091e-05	 -6.54411e-05	3.73341e-06	9.92786e-06	 -4.04126e-05	  -3.75759e-05	 
0.247919	0.752081	412.923	-5.27108e-05	 -6.43049e-05	4.21789e-06	1.06104e-05	 -4.13895e-05	  -3.71989e-05	 
0.242903	0.757097	415.677	-5.09154e-05	 -6.29764e-05	4.821e-06	1.12975e-05	 -4.14584e-05	  -3.70526e-05	 
0.23792	0.76208	418.413	-4.90319e-05	 -6.06298e-05	5.15222e-06	1.23124e-05	 -4.10615e-05	  -3.69462e-05	 
0.23297	0.76703	421.131	-4.68799e-05	 -5.78722e-05	4.88844e-06	1.31225e-05	 -4.10574e-05	  -3.74023e-05	 
0.228054	0.771946	423.83	-4.50998e-05	 -5.60817e-05	4.25718e-06	1.32459e-05	 -4.16451e-05	  -3.75848e-05	 
0.223173	0.776827	426.51	-4.40319e-05	 -5.47405e-05	4.11217e-06	1.28807e-05	 -4.26466e-05	  -3.80181e-05	 
0.218328	0.781672	429.17	-4.28811e-05	 -5.39751e-05	4.5592e-06	1.22675e-05	 -4.3569e-05	  -3.84442e-05	 
0.213518	0.786482	431.811	-4.16347e-05	 -5.38985e-05	4.78508e-06	1.15984e-05	 -4.37732e-05	  -3.86615e-05	 
0.208744	0.791256	434.432	-4.04442e-05	 -5.39635e-05	4.60114e-06	1.07224e-05	 -4.26421e-05	  -3.83304e-05	 
0.204008	0.795992	437.032	-3.89505e-05	 -5.3598e-05	4.61363e-06	9.68734e-06	 -4.16379e-05	  -3.83557e-05	 
0.19931	0.80069	439.612	-3.79133e-05	 -5.29643e-05	4.92719e-06	8.58592e-06	 -4.12648e-05	  -3.89413e-05	 
0.19465	0.80535	442.17	-3.76543e-05	 -5.30025e-05	4.98391e-06	7.48952e-06	 -4.05506e-05	  -3.94732e-05	 
0.190029	0.809971	444.707	-3.80987e-05	 -5.32602e-05	4.70758e-06	6.39523e-06	 -3.96693e-05	  -3.93351e-05	 
0.185448	0.814552	447.222	-3.86444e-05	 -5.36056e-05	4.35729e-06	5.60612e-06	 -3.78228e-05	  -3.86614e-05	 
0.180907	0.819093	449.715	-3.89119e-05	 -5.47508e-05	4.10375e-06	5.60067e-06	 -3.54057e-05	  -3.7999e-05	 
0.176408	0.823592	452.186	-3.82887e-05	 -5.56525e-05	4.01465e-06	6.03004e-06	 -3.36383e-05	  -3.72065e-05	 
0.171949	0.828051	454.634	-3.76319e-05	 -5.76434e-05	4.29442e-06	6.34932e-06	 -3.25965e-05	  -3.66281e-05	 
0.167533	0.832467	457.059	-3.67338e-05	 -6.04657e-05	4.73829e-06	6.25929e-06	 -3.15051e-05	  -3.60723e-05	 
0.163159	0.836841	459.46	-3.66651e-05	 -6.32341e-05	4.68394e-06	6.1656e-06	 -3.03663e-05	  -3.58688e-05	 
0.158829	0.841171	461.838	-3.61222e-05	 -6.48586e-05	4.34582e-06	6.32692e-06	 -2.93474e-05	  -3.56894e-05	 
0.154542	0.845458	464.191	-3.4909e-05	 -6.65023e-05	4.12437e-06	6.49247e-06	 -2.86656e-05	  -3.5961e-05	 
0.1503	0.8497	466.52	-3.35297e-05	 -6.8184e-05	3.85448e-06	6.64478e-06	 -2.87919e-05	  -3.66727e-05	 
0.146102	0.853898	468.825	-3.22216e-05	 -7.07636e-05	3.33753e-06	6.52651e-06	 -2.92827e-05	  -3.78567e-05	 
0.141951	0.85805	471.104	-3.11013e-05	 -7.38414e-05	2.71954e-06	6.73482e-06	 -3.04544e-05	  -3.87518e-05	 
0.137845	0.862155	473.359	-3.00326e-05	 -7.59621e-05	2.18936e-06	7.37334e-06	 -3.1787e-05	  -3.87015e-05	 
0.133786	0.866214	475.587	-2.88636e-05	 -7.69931e-05	1.85445e-06	8.44182e-06	 -3.31739e-05	  -3.90601e-05	 
0.129774	0.870226	477.79	-2.76913e-05	 -7.79464e-05	1.76938e-06	9.43714e-06	 -3.51748e-05	  -3.93262e-05	 
0.125809	0.874191	479.967	-2.68428e-05	 -7.84088e-05	1.81589e-06	1.06899e-05	 -3.70159e-05	  -3.97931e-05	 
0.121893	0.878107	482.117	-2.59577e-05	 -7.79283e-05	2.05274e-06	1.1394e-05	 -3.85059e-05	  -3.98537e-05	 
0.118026	0.881974	484.24	-2.49699e-05	 -7.7744e-05	2.44963e-06	1.20728e-05	 -3.98994e-05	  -4.01734e-05	 
0.114208	0.885792	486.336	-2.40957e-05	 -7.79008e-05	2.90636e-06	1.2135e-05	 -4.07038e-05	  -4.01186e-05	 
0.11044	0.88956	488.405	-2.31333e-05	 -7.78871e-05	3.67784e-06	1.17927e-05	 -4.10308e-05	  -4.0601e-05	 
0.106722	0.893278	490.446	-2.20795e-05	 -7.70017e-05	4.84175e-06	1.12996e-05	 -4.1615e-05	  -4.0254e-05	 
0.103055	0.896945	492.46	-2.11942e-05	 -7.67344e-05	5.38677e-06	1.00955e-05	 -4.30624e-05	  -3.98796e-05	 
0.0994395	0.90056	494.445	-2.00916e-05	 -7.6258e-05	4.93532e-06	8.73755e-06	 -4.52323e-05	  -3.98212e-05	 
0.0958756	0.904124	496.401	-1.9325e-05	 -7.52619e-05	4.17969e-06	7.73303e-06	 -4.70754e-05	  -3.97835e-05	 
0.092364	0.907636	498.329	-1.85179e-05	 -7.33499e-05	3.67689e-06	6.94581e-06	 -4.92332e-05	  -3.96334e-05	 
0.0889052	0.911095	500.229	-1.80254e-05	 -7.16269e-05	3.48286e-06	6.38862e-06	 -5.04297e-05	  -3.91977e-05	 
0.0854995	0.9145	502.098	-1.76105e-05	 -7.014e-05	3.52607e-06	6.07736e-06	 -5.13004e-05	  -3.8334e-05	 
0.0821476	0.917852	503.939	-1.73658e-05	 -6.8553e-05	3.79794e-06	5.92797e-06	 -5.20155e-05	  -3.71456e-05	 
0.0788499	0.92115	505.749	-1.6994e-05	 -6.76706e-05	4.033e-06	5.89067e-06	 -5.28438e-05	  -3.63822e-05	 
0.0756067	0.924393	507.53	-1.6477e-05	 -6.68299e-05	4.18298e-06	5.99701e-06	 -5.32916e-05	  -3.54734e-05	 
0.0724187	0.927581	509.28	-1.57961e-05	 -6.65806e-05	4.20956e-06	6.37952e-06	 -5.39911e-05	  -3.48886e-05	 
0.0692861	0.930714	511	-1.48738e-05	 -6.68228e-05	4.17813e-06	6.90928e-06	 -5.47011e-05	  -3.44824e-05	 
0.0662094	0.933791	512.689	-1.39975e-05	 -6.74507e-05	4.13663e-06	7.33509e-06	 -5.55277e-05	  -3.39699e-05	 
0.0631891	0.936811	514.348	-1.30442e-05	 -6.83317e-05	4.05923e-06	7.56835e-06	 -5.66075e-05	  -3.34274e-05	 
0.0602256	0.939774	515.975	-1.20653e-05	 -6.86006e-05	3.95933e-06	7.50947e-06	 -5.78011e-05	  -3.30486e-05	 
0.0573192	0.942681	517.571	-1.10825e-05	 -6.9047e-05	3.85681e-06	7.29473e-06	 -5.86274e-05	  -3.28949e-05	 
0.0544704	0.94553	519.135	-1.02197e-05	 -7.02157e-05	3.7831e-06	6.85713e-06	 -5.93125e-05	  -3.247e-05	 
0.0516796	0.94832	520.667	-9.44639e-06	 -7.13978e-05	3.74152e-06	6.23443e-06	 -5.97473e-05	  -3.22145e-05	 
0.0489471	0.951053	522.167	-8.72095e-06	 -7.35465e-05	3.81552e-06	5.49579e-06	 -6.02672e-05	  -3.19249e-05	 
0.0462734	0.953727	523.635	-7.98059e-06	 -7.68323e-05	3.99304e-06	4.8288e-06	 -6.05901e-05	  -3.16884e-05	 
0.0436588	0.956341	525.071	-7.28289e-06	 -8.01194e-05	4.27068e-06	4.24736e-06	 -6.12327e-05	  -3.18178e-05	 
0.0411037	0.958896	526.473	-6.46389e-06	 -8.42939e-05	4.70899e-06	3.74649e-06	 -6.21477e-05	  -3.21768e-05	 
0.0386085	0.961392	527.843	-5.77244e-06	 -8.74619e-05	5.31181e-06	3.30451e-06	 -6.32129e-05	  -3.26421e-05	 
0.0361734	0.963827	529.18	-5.11466e-06	 -9.1148e-05	6.08836e-06	2.91072e-06	 -6.46167e-05	  -3.35252e-05	 
0.0337989	0.966201	530.484	-4.54085e-06	 -9.37377e-05	7.05973e-06	2.60077e-06	 -6.55513e-05	  -3.41149e-05	 
0.0314853	0.968515	531.754	-3.99429e-06	 -9.64132e-05	8.2516e-06	2.32997e-06	 -6.67986e-05	  -3.44909e-05	 
0.0292328	0.970767	532.991	-3.53713e-06	 -9.9187e-05	9.66521e-06	2.06567e-06	 -6.75303e-05	  -3.47753e-05	 
0.0270419	0.972958	534.194	-3.08823e-06	 -0.000101194	1.1101e-05	1.74054e-06	 -6.8446e-05	  -3.48314e-05	 
0.0249128	0.975087	535.363	-2.70276e-06	 -0.000103009	1.24646e-05	1.39984e-06	 -6.95144e-05	  -3.50959e-05	 
0.0228459	0.977154	536.498	-2.33479e-06	 -0.00010487	1.34184e-05	1.19071e-06	 -6.99824e-05	  -3.49774e-05	 
0.0208414	0.979159	537.598	-1.99629e-06	 -0.000106932	1.41916e-05	1.10515e-06	 -7.03968e-05	  -3.51076e-05	 
0.0188996	0.9811	538.664	-1.68697e-06	 -0.000108978	1.48507e-05	9.78501e-07	 -7.05816e-05	  -3.51299e-05	 
0.0170209	0.982979	539.696	-1.39616e-06	 -0.000110873	1.56667e-05	7.19737e-07	 -7.09223e-05	  -3.50596e-05	 
0.0152054	0.984795	540.693	-1.13863e-06	 -0.000113634	1.65215e-05	3.94732e-07	 -7.13676e-05	  -3.52272e-05	 
0.0134534	0.986547	541.655	-9.06863e-07	 -0.00011519	1.74892e-05	1.00908e-07	 -7.15474e-05	  -3.51671e-05	 
0.0117653	0.988235	542.581	-7.04082e-07	 -0.000116489	1.8346e-05	9.27605e-08	 -7.19443e-05	  -3.49286e-05	 
0.0101412	0.989859	543.473	-5.27872e-07	 -0.000117197	1.87658e-05	1.16846e-07	 -7.2332e-05	  -3.48112e-05	 
0.00858136	0.991419	544.33	-3.82013e-07	 -0.000117951	1.91069e-05	8.055e-08	 -7.28819e-05	  -3.49064e-05	 
0.00708607	0.992914	545.151	-2.61765e-07	 -0.000118759	1.93019e-05	4.20692e-08	 -7.31309e-05	  -3.49693e-05	 
0.00565552	0.994344	545.936	-1.67382e-07	 -0.000118705	1.94527e-05	1.7706e-08	 -7.36563e-05	  -3.51794e-05	 
0.00428992	0.99571	546.686	-9.69668e-08	 -0.000119328	1.97229e-05	5.90858e-09	 -7.37204e-05	  -3.515e-05	 
0.00298948	0.997011	547.4	-4.71707e-08	 -0.000119339	1.99105e-05	1.38932e-09	 -7.4135e-05	  -3.51015e-05	 
0.0017544	0.998246	548.078	-1.62661e-08	 -0.000120047	2.01854e-05	1.6379e-10	 -7.44762e-05	  -3.50657e-05	 
0.000584873	0.999415	548.72	-1.81321e-09	 -0.000118872	2.05071e-05	2.71373e-12	 -7.38145e-05	  -3.50998e-05	 
