# Postprocessed results of turbulent pipe flow 
# Velocity fluctuations 
# ------------------------------------------------------------------
# uTau = 0.0288969 
# nu = 5.26316e-05 
# ------------------------------------------------------------------
# r	 1-r	 y+	 urur	 utut	 uzuz	 urut	 uruz	 utuz	 
# ------------------------------------------------------------------
1	0	0	6.91450700000000e-09	0.000472033100000000	0.00116582300000000	6.74857000000000e-10	5.89703200000000e-07	1.16181300000000e-06
0.999843600000000	0.000156399999999945	0.0858700280399701	6.91450700000000e-09	0.000472033100000000	0.00116582300000000	6.74857000000000e-10	5.89703200000000e-07	1.16181300000000e-06
0.999620000000000	0.000380000000000047	0.208635618000026	2.32543900000000e-07	0.00270625400000000	0.00686836400000000	9.57086800000000e-09	8.55834900000000e-06	6.88002900000000e-06
0.999329200000000	0.000670799999999971	0.368296769879984	2.15476600000000e-06	0.00812027300000000	0.0213471600000000	5.23228100000000e-08	4.77275900000000e-05	2.10711200000000e-05
0.998971200000000	0.00102880000000005	0.564853483680029	1.12518100000000e-05	0.0182353200000000	0.0500658000000000	1.86513700000000e-07	0.000174853500000000	4.88712200000000e-05
0.998546200000000	0.00145379999999995	0.798195951179972	4.19391500000000e-05	0.0345015700000000	0.0996628200000000	5.24901000000000e-07	0.000501469800000000	9.65140300000000e-05
0.998054200000000	0.00194580000000000	1.06832417238000	0.000124528200000000	0.0581131700000000	0.177914800000000	1.23053600000000e-06	0.00122121100000000	0.000169338500000000
0.997495300000000	0.00250470000000003	1.37518324317001	0.000313419100000000	0.0899035200000000	0.293535800000000	2.57732400000000e-06	0.00263945400000000	0.000275735600000000
0.996869600000000	0.00313039999999998	1.71871825943999	0.000694935200000000	0.130199100000000	0.455930700000000	4.92190800000000e-06	0.00519926600000000	0.000421829700000000
0.996177200000000	0.00382280000000002	2.09887431708001	0.00139224800000000	0.178893100000000	0.674370600000000	8.68891000000000e-06	0.00949599200000000	0.000616594800000000
0.995418300000000	0.00458170000000002	2.51554160787001	0.00256926600000000	0.235380800000000	0.956997000000000	1.43442200000000e-05	0.0162623400000000	0.000855809300000000
0.994593000000000	0.00540700000000005	2.96866522770003	0.00442446900000000	0.298722900000000	1.30966100000000	2.22012600000000e-05	0.0263255800000000	0.00113905500000000
0.993701300000000	0.00629869999999999	3.45824517657000	0.00718827400000000	0.367704500000000	1.73375900000000	3.32000700000000e-05	0.0405207600000000	0.00149152500000000
0.992743500000000	0.00725650000000000	3.98411674215000	0.0111109700000000	0.441008800000000	2.22558400000000	4.71666700000000e-05	0.0595801100000000	0.00184583700000000
0.991719800000000	0.00828019999999996	4.54617011621998	0.0164493700000000	0.517392200000000	2.77492700000000	6.45918100000000e-05	0.0840217200000000	0.00224027600000000
0.990630100000000	0.00936990000000004	5.14446020289002	0.0234601900000000	0.595514000000000	3.36596400000000	8.72542700000000e-05	0.114047800000000	0.00259987500000000
0.989474800000000	0.0105252000000000	5.77876738572001	0.0323840000000000	0.674532100000000	3.97832900000000	0.000111448800000000	0.149474000000000	0.00293505700000000
0.988254100000000	0.0117459000000000	6.44898185648999	0.0434290400000000	0.753903600000000	4.58934100000000	0.000143781800000000	0.189746400000000	0.00320345600000000
0.986968000000000	0.0130320000000000	7.15510361520003	0.0567793100000000	0.832845500000000	5.17669600000000	0.000177596400000000	0.233985700000000	0.00342992500000000
0.985616900000000	0.0143831000000000	7.89691304540999	0.0725843600000000	0.910690700000000	5.72073300000000	0.000216020400000000	0.281081200000000	0.00352633000000000
0.984200800000000	0.0157992000000000	8.67441014712001	0.0909365600000000	0.987380300000000	6.20522700000000	0.000259244400000000	0.329827600000000	0.00360670500000000
0.982720100000000	0.0172799000000000	9.48737530389001	0.111882200000000	1.06272100000000	6.61978900000000	0.000303483500000000	0.378949900000000	0.00339846400000000
0.981174900000000	0.0188251000000000	10.3357536116100	0.135416400000000	1.13599200000000	6.95838400000000	0.000352085500000000	0.427378900000000	0.00325531800000000
0.979565400000000	0.0204346000000000	11.2194352620600	0.161512100000000	1.20666600000000	7.22053000000000	0.000394560900000000	0.474137600000000	0.00281678500000000
0.977892000000000	0.0221080000000000	12.1382006388000	0.189993400000000	1.27434700000000	7.40885800000000	0.000446403900000000	0.518488400000000	0.00256124200000000
0.976154800000000	0.0238452000000000	13.0919948377200	0.220785100000000	1.33927000000000	7.52786600000000	0.000481382800000000	0.559924000000000	0.00206798300000000
0.974354200000000	0.0256458000000001	14.0805982423800	0.253595200000000	1.40037500000000	7.58423600000000	0.000518574100000000	0.598096800000000	0.00157292700000000
0.972490300000000	0.0275097000000000	15.1039559486700	0.288211300000000	1.45748000000000	7.58688800000000	0.000546061100000000	0.632900600000000	0.00111305100000000
0.970563400000000	0.0294366000000000	16.1619032442600	0.324316200000000	1.51058100000000	7.54275900000000	0.000573203400000000	0.664292200000000	0.000626306400000000
0.968573900000000	0.0314261000000000	17.2542205127100	0.361655300000000	1.55926100000000	7.46041900000000	0.000593308100000000	0.692379500000000	3.61078500000000e-06
0.966521900000000	0.0334781000000000	18.3808528499100	0.399873400000000	1.60344200000000	7.34632200000000	0.000603449300000000	0.717360000000000	-0.000392932600000000
0.964407900000000	0.0355921000000000	19.5415257353100	0.438634000000000	1.64331300000000	7.20685300000000	0.000612007100000000	0.739423800000000	-0.00106764700000000
0.962232100000000	0.0377679000000000	20.7361293606900	0.477627300000000	1.67881000000000	7.04969300000000	0.000615535100000000	0.758814500000000	-0.00149684800000000
0.959994800000000	0.0400052000000000	21.9644990137200	0.516550900000000	1.71033300000000	6.87860700000000	0.000621754900000000	0.775739700000000	-0.00202822400000000
0.957696300000000	0.0423037000000001	23.2264699820700	0.555138600000000	1.73798400000000	6.69832400000000	0.000620653900000000	0.790504800000000	-0.00249531400000000
0.955336900000000	0.0446631000000000	24.5218775534100	0.593092800000000	1.76158900000000	6.51277500000000	0.000618315300000000	0.803268100000000	-0.00275046000000000
0.952917100000000	0.0470829000000000	25.8504472071900	0.630210400000000	1.78210500000000	6.32565400000000	0.000625977600000000	0.814285200000000	-0.00296696700000000
0.950437100000000	0.0495629000000000	27.2120691351900	0.666259300000000	1.79923100000000	6.13837800000000	0.000616180400000000	0.823715100000000	-0.00317207700000000
0.947897200000000	0.0521028000000000	28.6065786250800	0.701061400000000	1.81353700000000	5.95330100000000	0.000597923500000000	0.831719000000000	-0.00322947600000000
0.945297900000000	0.0547021000000000	30.0337011563100	0.734511300000000	1.82555700000000	5.77287800000000	0.000595065800000000	0.838495700000000	-0.00337292300000000
0.942639500000000	0.0573605000000000	31.4932720165500	0.766413500000000	1.83467700000000	5.59803400000000	0.000588281700000000	0.844175500000000	-0.00345979200000000
0.939922400000000	0.0600776000000000	32.9850715893600	0.796757400000000	1.84162200000000	5.42947700000000	0.000573478000000000	0.848794300000000	-0.00353162300000000
0.937146900000000	0.0628531000000000	34.5089351624100	0.825421600000000	1.84682000000000	5.26792500000000	0.000570124900000000	0.852578700000000	-0.00347947500000000
0.934313400000000	0.0656866000000000	36.0646431192600	0.852423200000000	1.85024000000000	5.11311500000000	0.000556754700000000	0.855547800000000	-0.00352199200000000
0.931422300000000	0.0685777000000000	37.6519758434700	0.877658700000000	1.85196900000000	4.96625400000000	0.000557083700000000	0.857840800000000	-0.00384515100000000
0.928474100000000	0.0715259000000000	39.2706588144900	0.901142500000000	1.85234700000000	4.82732600000000	0.000552305000000000	0.859485600000000	-0.00401441800000000
0.925469100000000	0.0745309000000000	40.9205273199900	0.922855400000000	1.85105900000000	4.69575100000000	0.000566114400000000	0.860594800000000	-0.00436937300000000
0.922407800000000	0.0775922000000000	42.6013068394200	0.942912000000000	1.84903100000000	4.57224500000000	0.000555936200000000	0.861247300000000	-0.00463401300000000
0.919290500000000	0.0807095000000000	44.3128326604500	0.961302700000000	1.84568700000000	4.45593300000000	0.000574595700000000	0.861387700000000	-0.00500715600000000
0.916117700000000	0.0838823000000000	46.0548302625300	0.978057800000000	1.84110600000000	4.34590300000000	0.000576522300000000	0.861075600000000	-0.00543233800000000
0.912889800000000	0.0871102000000000	47.8270800292200	0.993298200000000	1.83580400000000	4.24299200000000	0.000602344200000000	0.860546400000000	-0.00552108700000000
0.909607300000000	0.0903927000000000	49.6293074399700	1.00698200000000	1.82933400000000	4.14675000000000	0.000611076100000000	0.859623900000000	-0.00577924400000000
0.906270600000000	0.0937294000000000	51.4612928783400	1.01927000000000	1.82235700000000	4.05656600000000	0.000640141200000000	0.858337100000000	-0.00604103600000000
0.902880200000000	0.0971198000000000	53.3227618237800	1.03019400000000	1.81446300000000	3.97254900000000	0.000651315100000000	0.856830700000000	-0.00609143200000000
0.899436500000000	0.100563500000000	55.2134946598500	1.03986900000000	1.80613900000000	3.89331500000000	0.000658299300000000	0.855167200000000	-0.00617701900000000
0.895940000000000	0.104060000000000	57.1332168660000	1.04835600000000	1.79712000000000	3.81933800000000	0.000648369700000000	0.853230800000000	-0.00623050100000000
0.892391200000000	0.107608800000000	59.0816539216800	1.05563000000000	1.78788700000000	3.74992000000000	0.000681173100000000	0.851136700000000	-0.00625721500000000
0.888790500000000	0.111209500000000	61.0585862104500	1.06184000000000	1.77779900000000	3.68530100000000	0.000709816600000000	0.848768300000000	-0.00604683600000000
0.885138500000000	0.114861500000000	63.0636843076500	1.06707500000000	1.76742600000000	3.62556300000000	0.000709470000000000	0.846378700000000	-0.00592513000000000
0.881435600000000	0.118564400000000	65.0967285968400	1.07149800000000	1.75684400000000	3.56841300000000	0.000732679600000000	0.843700900000000	-0.00564828900000000
0.877682300000000	0.122317700000000	67.1574445574700	1.07492400000000	1.74556800000000	3.51514100000000	0.000752049900000000	0.840977600000000	-0.00533923200000000
0.873879200000000	0.126120800000000	69.2455027648800	1.07773900000000	1.73422800000000	3.46482700000000	0.000777200700000000	0.838109700000000	-0.00500420900000000
0.870026700000000	0.129973300000000	71.3606836026300	1.07972600000000	1.72257700000000	3.41697200000000	0.000750808400000000	0.835174900000000	-0.00466624700000000
0.866125400000000	0.133874600000000	73.5026576460600	1.08108000000000	1.71078700000000	3.37242500000000	0.000748128800000000	0.832063500000000	-0.00427867900000000
0.862175700000000	0.137824300000000	75.6712052787300	1.08185500000000	1.69869100000000	3.32865800000000	0.000750957400000000	0.828849900000000	-0.00382372400000000
0.858178300000000	0.141821700000000	77.8659421718700	1.08199500000000	1.68654200000000	3.28795000000000	0.000764281900000000	0.825564500000000	-0.00351607600000000
0.854133700000000	0.145866300000000	80.0865938049300	1.08182000000000	1.67436000000000	3.24916800000000	0.000742548400000000	0.822320900000000	-0.00311202500000000
0.850042300000000	0.149957700000000	82.3329405614700	1.08105900000000	1.66201600000000	3.21202300000000	0.000742822500000000	0.818866400000000	-0.00269043800000000
0.845904700000000	0.154095300000000	84.6046530168300	1.07977800000000	1.64955700000000	3.17646000000000	0.000735541200000000	0.815308200000000	-0.00243189200000000
0.841721600000000	0.158278400000000	86.9013468422400	1.07836600000000	1.63690200000000	3.14279200000000	0.000748345500000000	0.811694600000000	-0.00226006300000000
0.837493400000000	0.162506600000000	89.2228024212600	1.07643000000000	1.62443500000000	3.10993400000000	0.000784559700000000	0.807947300000000	-0.00189669100000000
0.833220700000000	0.166779300000000	91.5686903292300	1.07434700000000	1.61206200000000	3.07819200000000	0.000749486900000000	0.804322200000000	-0.00171122500000000
0.828904100000000	0.171095900000000	93.9386811414900	1.07208800000000	1.59964000000000	3.04769100000000	0.000750093600000000	0.800512700000000	-0.00157961700000000
0.824544100000000	0.175455900000000	96.3325003374900	1.06943100000000	1.58759600000000	3.01901200000000	0.000726000000000000	0.796647200000000	-0.00131431500000000
0.820141400000000	0.179858600000000	98.7497635884600	1.06667000000000	1.57553900000000	2.98948500000000	0.000743734200000000	0.792717500000000	-0.00114900900000000
0.815696400000000	0.184303600000000	101.190251277960	1.06362500000000	1.56365500000000	2.96181500000000	0.000728035700000000	0.788640900000000	-0.000881318700000000
0.811209900000000	0.188790100000000	103.653524173110	1.06044800000000	1.55203200000000	2.93418500000000	0.000727655000000000	0.784631700000000	-0.000674646100000000
0.806682400000000	0.193317600000000	106.139307753360	1.05704000000000	1.54036300000000	2.90804900000000	0.000718717800000000	0.780509900000000	-0.000428047700000000
0.802114400000000	0.197885600000000	108.647327498160	1.05342100000000	1.52895900000000	2.88252000000000	0.000722881900000000	0.776266200000000	-0.000127381600000000
0.797506600000000	0.202493400000000	111.177199078740	1.04973100000000	1.51766300000000	2.85704100000000	0.000691551600000000	0.772175500000000	0.000135180700000000
0.792859700000000	0.207140300000000	113.728538166330	1.04592200000000	1.50639500000000	2.83178100000000	0.000675263200000000	0.767924200000000	0.000400931900000000
0.788174100000000	0.211825900000000	116.301125144490	1.04186500000000	1.49535100000000	2.80797800000000	0.000691755200000000	0.763491600000000	0.000763613400000000
0.783450600000000	0.216549400000000	118.894520780340	1.03781600000000	1.48441100000000	2.78412500000000	0.000648018900000000	0.759203800000000	0.000912783900000000
0.778689700000000	0.221310300000000	121.508450553330	1.03352600000000	1.47348600000000	2.76035700000000	0.000666165000000000	0.754724500000000	0.00111761800000000
0.773892100000000	0.226107900000000	124.142530134690	1.02938200000000	1.46265800000000	2.73708700000000	0.000596075700000000	0.750260300000000	0.00131486300000000
0.769058400000000	0.230941600000000	126.796430099760	1.02510100000000	1.45188700000000	2.71365400000000	0.000644706300000000	0.745806600000000	0.00147389500000000
0.764189200000000	0.235810800000000	129.469821023880	1.02073000000000	1.44100700000000	2.69128500000000	0.000647799500000000	0.741253000000000	0.00151626300000000
0.759285200000000	0.240714800000000	132.162318578280	1.01628700000000	1.43076600000000	2.66937500000000	0.000660008300000000	0.736650700000000	0.00171050900000000
0.754347100000000	0.245652900000000	134.873538434190	1.01185700000000	1.41987800000000	2.64670900000000	0.000644945700000000	0.732009300000000	0.00184236500000000
0.749375300000000	0.250624700000000	137.603260975170	1.00739900000000	1.40936000000000	2.62468600000000	0.000706576100000000	0.727232100000000	0.00197965000000000
0.744370700000000	0.255629300000000	140.350992064230	1.00285500000000	1.39894800000000	2.60332000000000	0.000679277800000000	0.722586100000000	0.00196000900000000
0.739333900000000	0.260666100000000	143.116402276710	0.998216900000000	1.38863300000000	2.58195000000000	0.000708066600000000	0.717709300000000	0.00206933200000000
0.734265500000000	0.265734500000000	145.899162187950	0.993548700000000	1.37828000000000	2.56087200000000	0.000708910400000000	0.713005300000000	0.00202288100000000
0.729166200000000	0.270833800000000	148.698887469180	0.988845100000000	1.36772400000000	2.53965300000000	0.000752907300000000	0.708170100000000	0.00191679500000000
0.724036600000000	0.275963400000000	151.515248695740	0.984120700000000	1.35744000000000	2.51839300000000	0.000714847300000000	0.703258800000000	0.00172665700000000
0.718877500000000	0.281122500000000	154.347806634750	0.979311900000000	1.34709000000000	2.49705200000000	0.000767255500000000	0.698260300000000	0.00144637300000000
0.713689400000000	0.286310600000000	157.196286765660	0.974537900000000	1.33686500000000	2.47574200000000	0.000767616000000000	0.693358100000000	0.00100402700000000
0.708473100000000	0.291526900000000	160.060249855590	0.969646500000000	1.32665400000000	2.45443600000000	0.000788042200000000	0.688297600000000	0.000664693200000000
0.703229300000000	0.296770700000000	162.939311575770	0.964719600000000	1.31668000000000	2.43339400000000	0.000788667000000000	0.683228200000000	0.000223408500000000
0.697958600000000	0.302041400000000	165.833142501540	0.959703100000000	1.30697600000000	2.41224400000000	0.000777782600000000	0.678258300000000	-0.000172422800000000
0.692661700000000	0.307338300000000	168.741358304130	0.954717400000000	1.29733000000000	2.39146000000000	0.000772207400000000	0.673156600000000	-0.000671901200000000
0.687339300000000	0.312660700000000	171.663574654770	0.949595300000000	1.28745200000000	2.37054300000000	0.000821826100000000	0.667978200000000	-0.00102386900000000
0.681992100000000	0.318007900000000	174.599407224690	0.944386200000000	1.27798000000000	2.34957100000000	0.000839265700000000	0.662822900000000	-0.00120046000000000
0.676620800000000	0.323379200000000	177.548471685120	0.939220000000000	1.26859000000000	2.32871400000000	0.000828878300000000	0.657709600000000	-0.00144498400000000
0.671226000000000	0.328774000000000	180.510438611400	0.933898700000000	1.25911500000000	2.30768100000000	0.000851591700000000	0.652526100000000	-0.00152607400000000
0.665808600000000	0.334191400000000	183.484813866540	0.928514900000000	1.24974100000000	2.28699000000000	0.000877352500000000	0.647241900000000	-0.00157766600000000
0.660369100000000	0.339630900000000	186.471322929990	0.923129000000000	1.24065500000000	2.26664900000000	0.000883856300000000	0.642020900000000	-0.00170117600000000
0.654908300000000	0.345091700000000	189.469526568870	0.917804100000000	1.23120800000000	2.24612100000000	0.000903923200000000	0.636643200000000	-0.00160143900000000
0.649426900000000	0.350573100000000	192.479040454410	0.912233900000000	1.22188400000000	2.22564500000000	0.000891141100000000	0.631342100000000	-0.00153699000000000
0.643925600000000	0.356074400000000	195.499480257840	0.906545200000000	1.21266100000000	2.20477100000000	0.000885543400000000	0.626056300000000	-0.00140580500000000
0.638405200000000	0.361594800000000	198.530406746280	0.901065900000000	1.20335400000000	2.18477300000000	0.000888714200000000	0.620677800000000	-0.00122792500000000
0.632866200000000	0.367133800000000	201.571545399180	0.895507900000000	1.19410900000000	2.16468900000000	0.000874315600000000	0.615267200000000	-0.00106542900000000
0.627309600000000	0.372690400000000	204.622347175440	0.889861900000000	1.18459000000000	2.14461200000000	0.000847388200000000	0.609905300000000	-0.000824239600000000
0.621735800000000	0.378264200000000	207.682592458620	0.884278600000000	1.17514700000000	2.12428300000000	0.000834418500000000	0.604480900000000	-0.000552335600000000
0.616145800000000	0.383854200000000	210.751732207620	0.878555500000000	1.16577400000000	2.10420000000000	0.000810414000000000	0.599068800000000	-0.000271201600000000
0.610540200000000	0.389459800000000	213.829436997780	0.872760800000000	1.15625100000000	2.08463400000000	0.000728970400000000	0.593578000000000	-0.000111818700000000
0.604919700000000	0.395080300000000	216.915322500330	0.866973700000000	1.14649300000000	2.06527300000000	0.000697749900000000	0.588062400000000	0.000292077200000000
0.599285000000000	0.400715000000000	220.009004386500	0.861170900000000	1.13679500000000	2.04568000000000	0.000658231100000000	0.582553600000000	0.000687449800000000
0.593637000000000	0.406363000000000	223.109988519300	0.855417500000000	1.12714000000000	2.02643400000000	0.000624172900000000	0.576985600000000	0.00106943700000000
0.587976200000000	0.412023800000000	226.218000378180	0.849417700000000	1.11747500000000	2.00774300000000	0.000618835900000000	0.571523200000000	0.00164741300000000
0.582303500000000	0.417696500000000	229.332545826150	0.843532000000000	1.10766100000000	1.98880700000000	0.000559939100000000	0.565996700000000	0.00205802900000000
0.576619600000000	0.423380400000000	232.453240534440	0.837613000000000	1.09813500000000	1.96954100000000	0.000541406600000000	0.560377700000000	0.00253431600000000
0.570925200000000	0.429074800000000	235.579700174280	0.831436700000000	1.08847500000000	1.95114300000000	0.000518275100000000	0.554851500000000	0.00294211600000000
0.565221000000000	0.434779000000000	238.711540416900	0.825410500000000	1.07881800000000	1.93239100000000	0.000508326500000000	0.549279300000000	0.00312595000000000
0.559507800000000	0.440492200000000	241.848322029420	0.819246400000000	1.06922400000000	1.91409700000000	0.000482465200000000	0.543674500000000	0.00339332000000000
0.553786300000000	0.446213700000000	244.989660683070	0.812900700000000	1.05954400000000	1.89588000000000	0.000436264200000000	0.538093600000000	0.00355741100000000
0.548057300000000	0.451942700000000	248.135117144970	0.806764900000000	1.05001800000000	1.87746900000000	0.000424378700000000	0.532457300000000	0.00357444700000000
0.542321400000000	0.457678600000000	251.284361990460	0.800465300000000	1.04043800000000	1.85978600000000	0.000397911100000000	0.526840200000000	0.00347832600000000
0.536579500000000	0.463420500000000	254.436901082550	0.794356600000000	1.03082300000000	1.84117100000000	0.000359690000000000	0.521245400000000	0.00325069700000000
0.530832200000000	0.469167800000000	257.592404996580	0.788133400000000	1.02126800000000	1.82303700000000	0.000355144300000000	0.515621900000000	0.00298136700000000
0.525080400000000	0.474919600000000	260.750379595560	0.781962600000000	1.01175900000000	1.80453700000000	0.000323772600000000	0.509934500000000	0.00255107300000000
0.519324700000000	0.480675300000000	263.910495454830	0.775742600000000	1.00217100000000	1.78653200000000	0.000310539900000000	0.504304700000000	0.00215131000000000
0.513565900000000	0.486434100000000	267.072313341510	0.769534100000000	0.992526300000000	1.76813500000000	0.000315704700000000	0.498624100000000	0.00182781100000000
0.507804700000000	0.492195300000000	270.235448926830	0.763352300000000	0.982959200000000	1.75000900000000	0.000297747400000000	0.492974600000000	0.00109163300000000
0.502041900000000	0.497958100000000	273.399462977910	0.757136800000000	0.973352300000000	1.73175500000000	0.000252213400000000	0.487356400000000	0.000527076600000000
0.496278300000000	0.503721700000000	276.563916261870	0.751116200000000	0.963691000000000	1.71399100000000	0.000259008200000000	0.481679200000000	-0.000149063800000000
0.490514400000000	0.509485600000000	279.728534258160	0.744903000000000	0.954327500000000	1.69566200000000	0.000261070400000000	0.476030200000000	-0.000739918800000000
0.484751200000000	0.515248800000000	282.892767925680	0.738844800000000	0.944875600000000	1.67783000000000	0.000231805200000000	0.470364500000000	-0.00147652300000000
0.478989300000000	0.521010700000000	286.056287839770	0.732760300000000	0.935483400000000	1.65993300000000	0.000233393900000000	0.464769400000000	-0.00211087000000000
0.473229600000000	0.526770400000000	289.218599863440	0.726902000000000	0.926163100000000	1.64172300000000	0.000210444200000000	0.459156700000000	-0.00275015000000000
0.467472600000000	0.532527400000000	292.379429476140	0.720982700000000	0.916832400000000	1.62374600000000	0.000197199300000000	0.453503800000000	-0.00347402600000000
0.461719200000000	0.538280800000000	295.538282540880	0.715088000000000	0.907639000000000	1.60562500000000	0.000170101400000000	0.447870000000000	-0.00405322200000000
0.455970200000000	0.544029800000000	298.694719824780	0.709448500000000	0.898341400000000	1.58788400000000	0.000178377200000000	0.442246700000000	-0.00468853100000000
0.450226100000000	0.549773900000000	301.848466807290	0.703723100000000	0.889077700000000	1.56963400000000	0.000149903500000000	0.436668700000000	-0.00515681600000000
0.444487900000000	0.555512100000000	304.998974447310	0.698038400000000	0.879862200000000	1.55099600000000	0.000152803700000000	0.431041100000000	-0.00570013300000000
0.438756200000000	0.561243800000000	308.145913320180	0.692326700000000	0.870731100000000	1.53302700000000	0.000127135800000000	0.425450600000000	-0.00608953300000000
0.433031800000000	0.566968200000000	311.288844193020	0.686858900000000	0.861748100000000	1.51430900000000	0.000147081100000000	0.419878000000000	-0.00636820900000000
0.427315400000000	0.572684600000000	314.427382737060	0.681264200000000	0.852549300000000	1.49664000000000	0.000122605300000000	0.414284700000000	-0.00664960900000000
0.421607800000000	0.578392200000000	317.561089719420	0.675791500000000	0.843599600000000	1.47886200000000	0.000112512000000000	0.408683600000000	-0.00691408100000000
0.415909600000000	0.584090400000000	320.689635715440	0.670255900000000	0.834640900000000	1.46070600000000	0.000107196600000000	0.403134400000000	-0.00708585800000000
0.410221700000000	0.589778300000000	323.812526588130	0.664773300000000	0.825832500000000	1.44341700000000	0.000121048600000000	0.397552400000000	-0.00724151400000000
0.404544700000000	0.595455300000000	326.929432912830	0.659342800000000	0.817045200000000	1.42554000000000	0.000114211500000000	0.392060500000000	-0.00743778300000000
0.398879400000000	0.601120600000000	330.039915456660	0.653948900000000	0.808046700000000	1.40750300000000	9.65824600000000e-05	0.386605700000000	-0.00751403700000000
0.393226500000000	0.606773500000000	333.143589890850	0.648666900000000	0.799414900000000	1.39041100000000	0.000111696100000000	0.381045000000000	-0.00754104400000000
0.387586800000000	0.612413200000000	336.240016982520	0.643405900000000	0.790651800000000	1.37275100000000	0.000135892500000000	0.375540900000000	-0.00767135900000000
0.381960900000000	0.618039100000000	339.328867307010	0.638064100000000	0.781933000000000	1.35525900000000	9.45798600000000e-05	0.370042200000000	-0.00755398900000000
0.376349700000000	0.623650300000000	342.409646727330	0.632903300000000	0.773119400000000	1.33801600000000	0.000116717700000000	0.364696800000000	-0.00753487300000000
0.370753800000000	0.629246200000000	345.482025818820	0.627799100000000	0.764438000000000	1.32076000000000	0.000118533800000000	0.359208900000000	-0.00740938700000000
0.365174000000000	0.634826000000000	348.545565348600	0.622719200000000	0.755720800000000	1.30371700000000	0.000159417500000000	0.353805800000000	-0.00736730900000000
0.359610900000000	0.640389100000000	351.599935892010	0.617703500000000	0.746960900000000	1.28654600000000	0.000155663600000000	0.348440100000000	-0.00722646300000000
0.354065400000000	0.645934600000000	354.644643312060	0.612934900000000	0.738499600000000	1.26985200000000	0.000179166400000000	0.343041400000000	-0.00703027800000000
0.348538000000000	0.651462000000000	357.679413088200	0.608041600000000	0.729945900000000	1.25307900000000	0.000197105400000000	0.337685900000000	-0.00700648500000000
0.343029600000000	0.656970400000000	360.703751083440	0.603148900000000	0.721551500000000	1.23666100000000	0.000219851000000000	0.332397300000000	-0.00694987300000000
0.337540900000000	0.662459100000000	363.717272969010	0.598463700000000	0.713064300000000	1.22058200000000	0.000204378100000000	0.326995800000000	-0.00697540700000000
0.332072500000000	0.667927500000000	366.719649320250	0.593796300000000	0.704765900000000	1.20421100000000	0.000217135500000000	0.321736000000000	-0.00700801100000000
0.326625200000000	0.673374800000000	369.710440904280	0.589410900000000	0.696498000000000	1.18809700000000	0.000212546000000000	0.316418700000000	-0.00705972300000000
0.321199700000000	0.678800300000000	372.689263392330	0.584992400000000	0.688380200000000	1.17245900000000	0.000217203700000000	0.311163200000000	-0.00718801800000000
0.315796600000000	0.684203400000000	375.655787359740	0.580537700000000	0.680466700000000	1.15665300000000	0.000211175400000000	0.305941800000000	-0.00736049900000000
0.310416800000000	0.689583200000000	378.609518669520	0.576279000000000	0.672692300000000	1.14168600000000	0.000205262200000000	0.300717800000000	-0.00748186300000000
0.305060800000000	0.694939200000000	381.550182801120	0.571970200000000	0.665163700000000	1.12611700000000	0.000241203400000000	0.295505300000000	-0.00770336200000000
0.299729400000000	0.700270600000000	384.477340521660	0.567890400000000	0.657851400000000	1.11111100000000	0.000211642200000000	0.290335900000000	-0.00788885000000000
0.294423300000000	0.705576700000000	387.390607502370	0.563845700000000	0.650624300000000	1.09636800000000	0.000200834200000000	0.285134100000000	-0.00811732200000000
0.289143200000000	0.710856800000000	390.289599414480	0.559830300000000	0.643609200000000	1.08154700000000	0.000218807700000000	0.279983500000000	-0.00819104500000000
0.283889700000000	0.716110300000000	393.173986833330	0.556007100000000	0.636711300000000	1.06715200000000	0.000208593300000000	0.274911200000000	-0.00838085600000000
0.278663500000000	0.721336500000000	396.043385430150	0.552238000000000	0.630039200000000	1.05310100000000	0.000211469200000000	0.269767900000000	-0.00855232500000000
0.273465400000000	0.726534600000000	398.897355972060	0.548469600000000	0.623413800000000	1.03919000000000	0.000207613600000000	0.264678200000000	-0.00861665700000000
0.268296000000000	0.731704000000000	401.735569034400	0.544861200000000	0.616948500000000	1.02548400000000	0.000209987300000000	0.259617300000000	-0.00875309600000000
0.263156000000000	0.736844000000000	404.557640288400	0.541371100000000	0.610587500000000	1.01180600000000	0.000211793500000000	0.254604700000000	-0.00897466300000000
0.258046000000000	0.741954000000000	407.363240309400	0.537789100000000	0.604364600000000	0.998626100000000	0.000204979100000000	0.249581000000000	-0.00896439300000000
0.252966800000000	0.747033200000000	410.151929864520	0.534388700000000	0.598332700000000	0.985652800000000	0.000240194200000000	0.244696900000000	-0.00904972600000000
0.247918900000000	0.752081100000000	412.923434433210	0.531185400000000	0.592440000000000	0.973014900000000	0.000211377500000000	0.239726700000000	-0.00914937600000000
0.242903100000000	0.757096900000000	415.677314782590	0.527880400000000	0.586637800000000	0.960375600000000	0.000230665100000000	0.234780800000000	-0.00920922700000000
0.237920000000000	0.762080000000000	418.413241488000	0.524724300000000	0.581044000000000	0.948229000000000	0.000243308200000000	0.229937500000000	-0.00923646900000000
0.232970200000000	0.767029800000000	421.130885124780	0.521753100000000	0.575504900000000	0.936367900000000	0.000228048400000000	0.225129400000000	-0.00923381600000000
0.228054400000000	0.771945600000000	423.829861364160	0.518649700000000	0.570096300000000	0.924110200000000	0.000220554800000000	0.220297800000000	-0.00916075000000000
0.223173400000000	0.776826600000000	426.509730973260	0.515674900000000	0.564776800000000	0.912881000000000	0.000203467700000000	0.215477500000000	-0.00901851900000000
0.218327600000000	0.781672400000000	429.170274335640	0.512712300000000	0.559597100000000	0.902218700000000	0.000231382300000000	0.210759700000000	-0.00892563900000000
0.213517700000000	0.786482300000000	431.811107122530	0.509916900000000	0.554550700000000	0.891216400000000	0.000193430400000000	0.206050600000000	-0.00867226100000000
0.208744400000000	0.791255600000000	434.431845005160	0.507131900000000	0.549530100000000	0.880573000000000	0.000192068100000000	0.201376700000000	-0.00852414000000000
0.204008300000000	0.795991700000000	437.032158558870	0.504467000000000	0.544852100000000	0.870457700000000	0.000175874200000000	0.196751200000000	-0.00822911500000000
0.199310000000000	0.800690000000000	439.611718359000	0.501757200000000	0.540081100000000	0.860646900000000	0.000163411800000000	0.192191600000000	-0.00787919500000000
0.194650200000000	0.805349800000000	442.170140076780	0.499145100000000	0.535586700000000	0.850736300000000	0.000129218500000000	0.187596300000000	-0.00753732000000000
0.190029500000000	0.809970500000000	444.707094287550	0.496629700000000	0.531293300000000	0.841253900000000	0.000129812900000000	0.183099000000000	-0.00736335200000000
0.185448400000000	0.814551600000000	447.222306470760	0.494112300000000	0.527119500000000	0.831689000000000	0.000114589000000000	0.178636600000000	-0.00701569200000000
0.180907500000000	0.819092500000000	449.715447201750	0.491568000000000	0.523019100000000	0.822800900000000	8.61080800000000e-05	0.174199400000000	-0.00671010400000000
0.176407600000000	0.823592400000000	452.186077247640	0.489203500000000	0.519086900000000	0.814005100000000	6.21015100000000e-05	0.169765700000000	-0.00639793500000000
0.171949200000000	0.828050800000000	454.633922087880	0.486754600000000	0.515351500000000	0.805468400000000	6.65076000000000e-05	0.165435300000000	-0.00609486200000000
0.167532800000000	0.832467200000000	457.058707201920	0.484365600000000	0.511673100000000	0.797029500000000	1.66057500000000e-05	0.161142100000000	-0.00584110500000000
0.163159000000000	0.836841000000000	459.460103165100	0.481968200000000	0.508040400000000	0.788973100000000	1.38681300000000e-05	0.156810200000000	-0.00570780700000000
0.158828600000000	0.841171400000000	461.837670744540	0.479818600000000	0.504533300000000	0.781119700000000	-1.10138500000000e-05	0.152629800000000	-0.00537628100000000
0.154541900000000	0.845458100000000	464.191245227910	0.477427300000000	0.501114400000000	0.773549200000000	-3.30932100000000e-05	0.148461300000000	-0.00525398400000000
0.150299600000000	0.849700400000000	466.520442286440	0.475324900000000	0.497896700000000	0.765840300000000	-2.45360200000000e-05	0.144348000000000	-0.00505203400000000
0.146102300000000	0.853897700000000	468.824932495470	0.473162400000000	0.494721200000000	0.759095300000000	-3.92807600000000e-05	0.140210200000000	-0.00491545700000000
0.141950500000000	0.858049500000000	471.104441334450	0.471119000000000	0.491717500000000	0.752091800000000	-5.32326800000000e-05	0.136237100000000	-0.00487814100000000
0.137844700000000	0.862155300000000	473.358694282830	0.469187300000000	0.488798100000000	0.745176000000000	-6.74995800000000e-05	0.132240700000000	-0.00480149200000000
0.133785600000000	0.866214400000000	475.587307011840	0.467143600000000	0.485953400000000	0.738357900000000	-7.98527500000000e-05	0.128317400000000	-0.00477690900000000
0.129773700000000	0.870226300000000	477.790005000930	0.465268700000000	0.483361200000000	0.732336100000000	-9.18955000000000e-05	0.124378300000000	-0.00481925300000000
0.125809400000000	0.874190600000000	479.966568633660	0.463450200000000	0.480746500000000	0.725844400000000	-0.000104144400000000	0.120575100000000	-0.00476375100000000
0.121893400000000	0.878106600000000	482.116613581260	0.461609400000000	0.478200600000000	0.719733600000000	-0.000110954100000000	0.116764500000000	-0.00478775200000000
0.118026200000000	0.881973800000000	484.239865323180	0.459908800000000	0.475792100000000	0.714179700000000	-0.000111418500000000	0.112986300000000	-0.00491185800000000
0.114208200000000	0.885791800000000	486.336104242980	0.458353400000000	0.473497700000000	0.708065500000000	-0.000125640900000000	0.109293900000000	-0.00489471500000000
0.110440100000000	0.889559900000000	488.404946011890	0.456695000000000	0.471381700000000	0.702460400000000	-0.000127832100000000	0.105672400000000	-0.00500046000000000
0.106722300000000	0.893277700000000	490.446171013470	0.455225900000000	0.469314300000000	0.696875500000000	-0.000126391300000000	0.102087700000000	-0.00497549400000000
0.103055200000000	0.896944800000000	492.459559631280	0.453853500000000	0.467104100000000	0.692194700000000	-0.000125164400000000	0.0985502800000000	-0.00499779400000000
0.0994395300000000	0.900560470000000	494.444711065317	0.452504200000000	0.465350100000000	0.686598200000000	-0.000121653900000000	0.0950119900000000	-0.00508272000000000
0.0958756300000000	0.904124370000000	496.401438641607	0.451252200000000	0.463213900000000	0.681671300000000	-0.000126055400000000	0.0915962500000000	-0.00504273300000000
0.0923640100000000	0.907635990000000	498.329462349189	0.449828300000000	0.461465700000000	0.677240600000000	-0.000112153100000000	0.0882009700000000	-0.00507934600000000
0.0889051600000000	0.911094840000000	500.228513157924	0.448681100000000	0.459712500000000	0.672906800000000	-0.000125661800000000	0.0848233800000000	-0.00511119200000000
0.0854995500000000	0.914500450000000	502.098333018495	0.447781300000000	0.458063300000000	0.668317700000000	-0.000111083700000000	0.0815697600000000	-0.00510573500000000
0.0821476300000000	0.917852370000000	503.938674862407	0.446594900000000	0.456214000000000	0.664231700000000	-0.000108525900000000	0.0783222600000000	-0.00513056700000000
0.0788498800000000	0.921150120000000	505.749275149932	0.445463500000000	0.454779500000000	0.660448500000000	-0.000109742200000000	0.0751666200000000	-0.00510567900000000
0.0756067400000000	0.924393260000000	507.529892302986	0.444759000000000	0.453197500000000	0.656473800000000	-0.000104964400000000	0.0720676200000000	-0.00510228400000000
0.0724186600000000	0.927581340000000	509.280279253074	0.443747700000000	0.451934600000000	0.653359100000000	-0.000101149300000000	0.0689812700000000	-0.00502931000000000
0.0692860700000000	0.930713930000000	511.000199912523	0.443000700000000	0.450370500000000	0.650079000000000	-9.34210700000000e-05	0.0660092300000000	-0.00506521000000000
0.0662094100000000	0.933790590000000	512.689412703249	0.442360700000000	0.449176000000000	0.646945400000000	-9.04045200000000e-05	0.0630229400000000	-0.00503704100000000
0.0631890900000000	0.936810910000000	514.347692518401	0.441376400000000	0.447786700000000	0.643751200000000	-8.75838600000000e-05	0.0601578000000000	-0.00505319600000000
0.0602255500000000	0.939774450000000	515.974797779895	0.440864700000000	0.446756100000000	0.640979600000000	-8.13597300000000e-05	0.0573017000000000	-0.00499379900000000
0.0573191800000000	0.942680820000000	517.570514361702	0.440108000000000	0.445614400000000	0.638498900000000	-7.18942400000000e-05	0.0544644100000000	-0.00492753900000000
0.0544703900000000	0.945529610000000	519.134617156971	0.439534400000000	0.444612100000000	0.636048000000000	-6.37403800000000e-05	0.0518093500000000	-0.00489474100000000
0.0516795800000000	0.948320420000000	520.666886549262	0.438872800000000	0.443674900000000	0.633632800000000	-5.60975300000000e-05	0.0490800000000000	-0.00475281600000000
0.0489471300000000	0.951052870000000	522.167113902957	0.438432000000000	0.442778900000000	0.631833400000000	-4.80975800000000e-05	0.0465191900000000	-0.00457457800000000
0.0462734200000000	0.953726580000000	523.635090582438	0.437844900000000	0.441865300000000	0.629640400000000	-3.78372100000000e-05	0.0439559900000000	-0.00440608100000000
0.0436588400000000	0.956341160000000	525.070602461676	0.437499400000000	0.441139200000000	0.627858500000000	-3.23610800000000e-05	0.0414275300000000	-0.00430289000000000
0.0411037400000000	0.958896260000000	526.473457376286	0.437096500000000	0.440384200000000	0.626245500000000	-2.59388000000000e-05	0.0389853000000000	-0.00412299200000000
0.0386084900000000	0.961391510000000	527.843452181061	0.436693800000000	0.439720100000000	0.624696500000000	-1.78784500000000e-05	0.0366242200000000	-0.00389529400000000
0.0361734300000000	0.963826570000000	529.180400202027	0.436301100000000	0.439046200000000	0.623552400000000	-1.49268600000000e-05	0.0343148800000000	-0.00372599500000000
0.0337989100000000	0.966201090000000	530.484109274799	0.436100500000000	0.438431000000000	0.622023500000000	-8.30092900000000e-06	0.0320660300000000	-0.00356265900000000
0.0314852700000000	0.968514730000000	531.754392725403	0.435713800000000	0.437833100000000	0.620759400000000	-5.57438900000000e-06	0.0298464800000000	-0.00336477500000000
0.0292328300000000	0.970767170000000	532.991074860687	0.435396200000000	0.437352500000000	0.619795500000000	-4.63122700000000e-06	0.0277162000000000	-0.00313513400000000
0.0270419200000000	0.972958080000000	534.193974497088	0.435197300000000	0.436809700000000	0.618775600000000	-2.76309300000000e-06	0.0256201000000000	-0.00294388000000000
0.0249128400000000	0.975087160000000	535.362926922276	0.434838200000000	0.436249400000000	0.618132900000000	-1.78905700000000e-06	0.0236094400000000	-0.00272746800000000
0.0228459000000000	0.977154100000000	536.497761933510	0.434840300000000	0.435951800000000	0.617071900000000	-4.51900300000000e-07	0.0216408200000000	-0.00251867500000000
0.0208414000000000	0.979158600000000	537.598314818460	0.434373300000000	0.435507300000000	0.616651900000000	-9.18190600000000e-07	0.0197505100000000	-0.00229998900000000
0.0188996200000000	0.981100380000000	538.664431845618	0.434300900000000	0.435206800000000	0.616094400000000	-1.30398900000000e-06	0.0179101000000000	-0.00213258200000000
0.0170208500000000	0.982979150000000	539.695953793065	0.434222700000000	0.434975100000000	0.615236900000000	-5.85239800000000e-07	0.0161270700000000	-0.00194245900000000
0.0152053600000000	0.984794640000000	540.692732419704	0.434153100000000	0.434532300000000	0.615094800000000	-7.48198600000000e-07	0.0144044200000000	-0.00172459500000000
0.0134534200000000	0.986546580000000	541.654619484438	0.433808200000000	0.434413400000000	0.614674600000000	-9.05774400000000e-07	0.0127488400000000	-0.00152046200000000
0.0117652700000000	0.988234730000000	542.581483217403	0.433754400000000	0.434090300000000	0.614177100000000	-6.48685600000000e-07	0.0111574400000000	-0.00134113500000000
0.0101411700000000	0.989858830000000	543.473180867913	0.433948700000000	0.434085000000000	0.613999300000000	-8.71555600000000e-07	0.00960990400000000	-0.00114543300000000
0.00858136200000000	0.991418638000000	544.329579568022	0.433831100000000	0.433892300000000	0.613734600000000	-6.76435900000000e-07	0.00813140700000000	-0.000992591100000000
0.00708606900000000	0.992913931000000	545.150556881564	0.433620600000000	0.433884000000000	0.613437900000000	-4.69333800000000e-07	0.00671550400000000	-0.000813321600000000
0.00565551600000000	0.994344484000000	545.935989274292	0.433702600000000	0.433688800000000	0.613345700000000	-3.04541900000000e-07	0.00536127700000000	-0.000639823900000000
0.00428991800000000	0.995710082000000	546.685758702370	0.433570700000000	0.433753700000000	0.613319200000000	-2.09956700000000e-07	0.00406787300000000	-0.000498091300000000
0.00298948200000000	0.997010518000000	547.399751514290	0.433572100000000	0.433669700000000	0.613152000000000	-1.07489100000000e-07	0.00283333100000000	-0.000343524000000000
0.00175440400000000	0.998245596000000	548.077860097996	0.433492000000000	0.433680300000000	0.613420000000000	-3.83507200000000e-08	0.00166185300000000	-0.000204151100000000
0.000584873000000000	0.999415127000000	548.719980684720	0.433542500000000	0.433456800000000	0.613458300000000	-4.58568600000000e-09	0.000554328000000000	-6.85113600000000e-05
