# Postprocessed results of turbulent pipe flow 
# Velocity fluctuations 
# ------------------------------------------------------------------
# uTau = 0.0288969 
# nu = 5.26316e-05 
# ------------------------------------------------------------------
# r	 1-r	 y+	 urur	 utut	 uzuz	 urut	 uruz	 utuz	 
# ------------------------------------------------------------------
1	0	0	5.6565e-11	 3.28653e-06	3.39781e-06	3.0664e-10	 2.16525e-09	  6.73514e-07	 
0.999844	0.0001564	0.08587	5.6565e-11	 3.28653e-06	3.39781e-06	3.0664e-10	 2.16525e-09	  6.73514e-07	 
0.99962	0.00038	0.208636	1.90145e-09	 1.89774e-05	1.99013e-05	4.50147e-09	 3.2216e-08	  3.92736e-06	 
0.999329	0.0006708	0.368297	1.71928e-08	 5.63626e-05	6.12311e-05	2.51338e-08	 1.79986e-07	  1.2118e-05	 
0.998971	0.0010288	0.564853	8.85844e-08	 0.000127344	0.000144178	9.05812e-08	 6.69277e-07	  2.78695e-05	 
0.998546	0.0014538	0.798196	3.27315e-07	 0.000241241	0.000280807	2.53699e-07	 1.97417e-06	  5.53036e-05	 
0.998054	0.0019458	1.06832	9.67426e-07	 0.00040598	0.000498171	6.1927e-07	 4.88648e-06	  9.6951e-05	 
0.997495	0.0025047	1.37518	2.37397e-06	 0.000613944	0.000831438	1.29878e-06	 1.08589e-05	  0.00015506	 
0.99687	0.0031304	1.71872	5.18218e-06	 0.000895945	0.00127083	2.51052e-06	 2.13493e-05	  0.00023362	 
0.996177	0.0038228	2.09887	1.01501e-05	 0.00119166	0.00188118	4.52762e-06	 3.79712e-05	  0.000339629	 
0.995418	0.0045817	2.51554	1.81431e-05	 0.00160479	0.00261826	7.50617e-06	 6.44651e-05	  0.000474144	 
0.994593	0.005407	2.96867	3.04507e-05	 0.00202699	0.00348021	1.20835e-05	 0.000101836	  0.000643044	 
0.993701	0.0062987	3.45825	4.82544e-05	 0.00247096	0.004488	1.82022e-05	 0.000154121	  0.000827611	 
0.992744	0.0072565	3.98412	7.33819e-05	 0.00293967	0.0055776	2.65181e-05	 0.00021646	  0.0010596	 
0.99172	0.0082802	4.54617	0.000106533	 0.00352218	0.00666153	3.73649e-05	 0.000290398	  0.00130797	 
0.99063	0.0093699	5.14446	0.00014643	 0.00406107	0.00782505	5.01597e-05	 0.000377904	  0.00160061	 
0.989475	0.0105252	5.77877	0.000200941	 0.00456785	0.00891637	6.77423e-05	 0.000459487	  0.00189724	 
0.988254	0.0117459	6.44898	0.000260356	 0.00514004	0.0100654	8.36016e-05	 0.000538653	  0.00221204	 
0.986968	0.013032	7.1551	0.000326594	 0.00570766	0.0112328	0.000105775	 0.000625513	  0.00258153	 
0.985617	0.0143831	7.89691	0.000406471	 0.00623588	0.0124374	0.000127104	 0.000696815	  0.00289056	 
0.984201	0.0157992	8.67441	0.000494762	 0.00665428	0.0136807	0.000150001	 0.000764214	  0.00321114	 
0.98272	0.0172799	9.48738	0.00059298	 0.00726992	0.0150015	0.000171464	 0.000805245	  0.00355578	 
0.981175	0.0188251	10.3358	0.000700374	 0.00775351	0.0164905	0.000198563	 0.000840197	  0.00383738	 
0.979565	0.0204346	11.2194	0.000803418	 0.00824239	0.017668	0.000217831	 0.000862365	  0.00422861	 
0.977892	0.022108	12.1382	0.00091564	 0.00853246	0.0185936	0.000245963	 0.000886453	  0.00449571	 
0.976155	0.0238452	13.092	0.00101893	 0.0089858	0.0201583	0.00026788	 0.000886301	  0.00474749	 
0.974354	0.0256458	14.0806	0.00113393	 0.0092584	0.0211369	0.000289609	 0.000900046	  0.00503398	 
0.97249	0.0275097	15.104	0.00123636	 0.009816	0.0216849	0.000309711	 0.000896124	  0.00532936	 
0.970563	0.0294366	16.1619	0.00133592	 0.0101559	0.022844	0.000337391	 0.000905982	  0.00555852	 
0.968574	0.0314261	17.2542	0.00144197	 0.0104693	0.0227879	0.000360194	 0.000913332	  0.00582155	 
0.966522	0.0334781	18.3809	0.0015072	 0.0108859	0.0232548	0.000386221	 0.000941851	  0.0060827	 
0.964408	0.0355921	19.5415	0.00160881	 0.0110229	0.0231018	0.000399634	 0.000975353	  0.00641247	 
0.962232	0.0377679	20.7361	0.00169986	 0.0113135	0.0234554	0.000425548	 0.00100708	  0.00650557	 
0.959995	0.0400052	21.9645	0.00178217	 0.011458	0.0233008	0.000442203	 0.00103051	  0.00658273	 
0.957696	0.0423037	23.2265	0.00185818	 0.0115098	0.0230579	0.000466736	 0.0010887	  0.00671466	 
0.955337	0.0446631	24.5219	0.00191513	 0.0115287	0.0231557	0.00048594	 0.00114168	  0.00679701	 
0.952917	0.0470829	25.8504	0.0019889	 0.0116884	0.0232242	0.000496864	 0.00123671	  0.00683432	 
0.950437	0.0495629	27.2121	0.00207797	 0.0117874	0.0229159	0.000520655	 0.0013189	  0.0070607	 
0.947897	0.0521028	28.6066	0.00211403	 0.0118125	0.0228601	0.000532853	 0.00141021	  0.00715192	 
0.945298	0.0547021	30.0337	0.00215115	 0.0117622	0.0228179	0.000563819	 0.00151297	  0.00727553	 
0.942639	0.0573605	31.4933	0.00217809	 0.0118672	0.0221233	0.000577578	 0.00156581	  0.00729041	 
0.939922	0.0600776	32.9851	0.00222807	 0.0116258	0.0220934	0.000599225	 0.00164369	  0.00744299	 
0.937147	0.0628531	34.5089	0.00220913	 0.0118683	0.0217617	0.000620847	 0.00172664	  0.0074831	 
0.934313	0.0656866	36.0646	0.00225574	 0.0120003	0.0211958	0.00065589	 0.00181547	  0.0074346	 
0.931422	0.0685777	37.652	0.00226759	 0.0124098	0.0216924	0.000677192	 0.00187209	  0.00735359	 
0.928474	0.0715259	39.2707	0.00231293	 0.0125424	0.0219463	0.000693494	 0.00197534	  0.00728809	 
0.925469	0.0745309	40.9205	0.00233321	 0.0124966	0.0217309	0.000719161	 0.00207092	  0.00702224	 
0.922408	0.0775922	42.6013	0.00240627	 0.0125521	0.0218728	0.000745188	 0.00215554	  0.00664708	 
0.919291	0.0807095	44.3128	0.00247605	 0.0127294	0.0219983	0.000758521	 0.00224769	  0.00633571	 
0.916118	0.0838823	46.0548	0.0025185	 0.0123321	0.0223645	0.000787283	 0.00232497	  0.00604461	 
0.91289	0.0871102	47.8271	0.00258155	 0.0121546	0.0227936	0.000812816	 0.00239351	  0.00577277	 
0.909607	0.0903927	49.6293	0.00266261	 0.0116863	0.0225547	0.000841644	 0.0024576	  0.00556851	 
0.906271	0.0937294	51.4613	0.00274656	 0.0112945	0.0232717	0.000882682	 0.00255128	  0.00522352	 
0.90288	0.0971198	53.3228	0.00288869	 0.0110521	0.0230848	0.000908101	 0.00264669	  0.00511795	 
0.899436	0.100564	55.2135	0.00293167	 0.0106654	0.0234707	0.00094558	 0.00269611	  0.00494255	 
0.89594	0.10406	57.1332	0.00298572	 0.0102756	0.0242898	0.000967148	 0.00274457	  0.0049039	 
0.892391	0.107609	59.0817	0.00309012	 0.0102197	0.0241596	0.00100338	 0.00279957	  0.00496937	 
0.888791	0.111209	61.0586	0.00313691	 0.0100321	0.024587	0.00103544	 0.00285238	  0.00504469	 
0.885139	0.114861	63.0637	0.00328325	 0.00997485	0.0248781	0.00105911	 0.00289735	  0.00508871	 
0.881436	0.118564	65.0967	0.00336106	 0.00976564	0.0252018	0.0010968	 0.00293442	  0.00500788	 
0.877682	0.122318	67.1574	0.00353757	 0.00950779	0.0265273	0.0011208	 0.00306453	  0.0049938	 
0.873879	0.126121	69.2455	0.00365074	 0.00960235	0.0271914	0.00117781	 0.00315628	  0.00495043	 
0.870027	0.129973	71.3607	0.00378687	 0.00932552	0.0273532	0.00119118	 0.00323556	  0.00502079	 
0.866125	0.133875	73.5027	0.00389259	 0.00930158	0.0275971	0.00122733	 0.00332461	  0.00486844	 
0.862176	0.137824	75.6712	0.0039714	 0.00925449	0.0272194	0.00126136	 0.00341583	  0.00491738	 
0.858178	0.141822	77.8659	0.00408171	 0.00933247	0.0273475	0.00132144	 0.00343258	  0.00498219	 
0.854134	0.145866	80.0866	0.00420121	 0.00944795	0.027228	0.00131674	 0.00344378	  0.00498956	 
0.850042	0.149958	82.3329	0.00432851	 0.00947198	0.0271108	0.00136252	 0.00351402	  0.00497359	 
0.845905	0.154095	84.6047	0.00443795	 0.00926746	0.0278428	0.00139997	 0.003623	  0.00497452	 
0.841722	0.158278	86.9013	0.00443067	 0.00879288	0.0280295	0.0014492	 0.00375264	  0.00507803	 
0.837493	0.162507	89.2228	0.00451595	 0.00828812	0.0280104	0.00150828	 0.00381941	  0.00512907	 
0.833221	0.166779	91.5687	0.00456789	 0.00778755	0.0277979	0.00156487	 0.00394423	  0.00516401	 
0.828904	0.171096	93.9387	0.00459349	 0.00739544	0.0274576	0.00162462	 0.004045	  0.0052586	 
0.824544	0.175456	96.3325	0.00462778	 0.0069401	0.0277715	0.0016415	 0.00421576	  0.00532062	 
0.820141	0.179859	98.7498	0.00460615	 0.00662014	0.0275943	0.00162735	 0.00432931	  0.00532441	 
0.815696	0.184304	101.19	0.00468033	 0.00631713	0.0274363	0.00166307	 0.00439838	  0.00528876	 
0.81121	0.18879	103.654	0.00470746	 0.00630325	0.0272882	0.00165298	 0.00453915	  0.00518585	 
0.806682	0.193318	106.139	0.00473757	 0.00627276	0.0268402	0.0016368	 0.00458155	  0.00513369	 
0.802114	0.197886	108.647	0.00465205	 0.00639438	0.0262308	0.00163108	 0.00471058	  0.00522158	 
0.797507	0.202493	111.177	0.00457856	 0.00642265	0.0258155	0.00160925	 0.00482747	  0.00531203	 
0.79286	0.20714	113.729	0.00448025	 0.00629136	0.0248806	0.00157303	 0.00487795	  0.00541931	 
0.788174	0.211826	116.301	0.00449708	 0.00624777	0.0249391	0.00151839	 0.00498133	  0.00553435	 
0.783451	0.216549	118.895	0.00461292	 0.0062487	0.0250614	0.0015098	 0.00501922	  0.00564069	 
0.77869	0.22131	121.508	0.00454479	 0.00622601	0.0246373	0.00150856	 0.00496579	  0.00573237	 
0.773892	0.226108	124.143	0.00450023	 0.00636212	0.0241132	0.0015249	 0.00490431	  0.00570379	 
0.769058	0.230942	126.796	0.00445315	 0.00649904	0.0229255	0.00151582	 0.00481341	  0.00590012	 
0.764189	0.235811	129.47	0.00442423	 0.00655156	0.0227243	0.00150833	 0.0047806	  0.00592273	 
0.759285	0.240715	132.162	0.00440906	 0.006718	0.022622	0.00152662	 0.00482875	  0.00598764	 
0.754347	0.245653	134.874	0.00434977	 0.00687776	0.0227755	0.00151873	 0.00491378	  0.0058188	 
0.749375	0.250625	137.603	0.00438132	 0.00690222	0.0221275	0.00151474	 0.00484212	  0.00554569	 
0.744371	0.255629	140.351	0.00424404	 0.007099	0.0211543	0.00150865	 0.00475818	  0.00551844	 
0.739334	0.260666	143.116	0.00427796	 0.00736682	0.0204573	0.00152417	 0.00468293	  0.00550196	 
0.734266	0.265734	145.899	0.00427333	 0.00750099	0.0202901	0.0015296	 0.00466029	  0.0054018	 
0.729166	0.270834	148.699	0.0043227	 0.0075909	0.0204992	0.00151534	 0.00450679	  0.00518133	 
0.724037	0.275963	151.515	0.00436257	 0.00771442	0.0206152	0.00151104	 0.00447318	  0.00502936	 
0.718877	0.281123	154.348	0.00455286	 0.00791903	0.0207317	0.00149482	 0.00444948	  0.00475373	 
0.713689	0.286311	157.196	0.00463286	 0.00790692	0.020499	0.00150833	 0.00438517	  0.00473595	 
0.708473	0.291527	160.06	0.00479106	 0.00824663	0.0208192	0.00152109	 0.0043998	  0.00475006	 
0.703229	0.296771	162.939	0.00492357	 0.00845049	0.0208975	0.00154344	 0.00442445	  0.0048022	 
0.697959	0.302041	165.833	0.00512771	 0.00858957	0.0209827	0.00155452	 0.00432318	  0.00486537	 
0.692662	0.307338	168.741	0.00531274	 0.00859672	0.0208143	0.00158368	 0.0042277	  0.00494691	 
0.687339	0.312661	171.664	0.0053413	 0.00846833	0.0211419	0.00159893	 0.0041722	  0.00491659	 
0.681992	0.318008	174.599	0.00556615	 0.00830656	0.0212458	0.00158371	 0.00418365	  0.00497783	 
0.676621	0.323379	177.548	0.00569285	 0.00839524	0.0210348	0.0015649	 0.00414706	  0.00511357	 
0.671226	0.328774	180.51	0.00579141	 0.00867829	0.0212883	0.00158534	 0.00410844	  0.00516765	 
0.665809	0.334191	183.485	0.00600653	 0.00893067	0.021715	0.00160752	 0.00402529	  0.00521991	 
0.660369	0.339631	186.471	0.00597993	 0.00874987	0.0221045	0.00161394	 0.00395045	  0.00540843	 
0.654908	0.345092	189.47	0.00610641	 0.00857603	0.0221847	0.00160147	 0.00393083	  0.00557037	 
0.649427	0.350573	192.479	0.00609017	 0.00859524	0.0223166	0.00161158	 0.00391521	  0.0056677	 
0.643926	0.356074	195.499	0.00608986	 0.0086868	0.0225852	0.00162423	 0.00381331	  0.00569438	 
0.638405	0.361595	198.53	0.00612484	 0.00874132	0.022755	0.00163733	 0.00380221	  0.00581332	 
0.632866	0.367134	201.572	0.00600055	 0.00906431	0.022809	0.00165473	 0.00380849	  0.00585033	 
0.62731	0.37269	204.622	0.00600566	 0.00906357	0.0233186	0.00164542	 0.00369896	  0.00599248	 
0.621736	0.378264	207.683	0.00593715	 0.00882587	0.0234202	0.00163224	 0.00363263	  0.00601719	 
0.616146	0.383854	210.752	0.00579884	 0.00858242	0.0232957	0.00163054	 0.00358918	  0.00619976	 
0.61054	0.38946	213.829	0.00576599	 0.00838026	0.0231195	0.00161967	 0.00356402	  0.00623472	 
0.60492	0.39508	216.915	0.00578928	 0.00798803	0.0226658	0.00160004	 0.00354126	  0.00641548	 
0.599285	0.400715	220.009	0.00595532	 0.00766724	0.0225957	0.00157189	 0.00352207	  0.00657711	 
0.593637	0.406363	223.11	0.00600154	 0.00749744	0.0229109	0.00152984	 0.0035381	  0.00647814	 
0.587976	0.412024	226.218	0.00599728	 0.00725778	0.0225434	0.0015036	 0.00354991	  0.0065699	 
0.582303	0.417697	229.333	0.00610633	 0.00691348	0.0218804	0.00146293	 0.00349023	  0.00661874	 
0.57662	0.42338	232.453	0.00622755	 0.00685818	0.0218181	0.00147074	 0.00346364	  0.00651263	 
0.570925	0.429075	235.58	0.00629287	 0.00710681	0.0209719	0.00143877	 0.00349122	  0.00633052	 
0.565221	0.434779	238.712	0.00645108	 0.00713012	0.0206752	0.00142636	 0.00345971	  0.00627604	 
0.559508	0.440492	241.848	0.00659927	 0.00704993	0.0202726	0.00138425	 0.00332268	  0.00626859	 
0.553786	0.446214	244.99	0.00658114	 0.00707393	0.0191222	0.00140514	 0.00324611	  0.00616329	 
0.548057	0.451943	248.135	0.00674106	 0.00717628	0.0183879	0.00137337	 0.00312975	  0.00606286	 
0.542321	0.457679	251.284	0.00685901	 0.00730825	0.0178486	0.00134189	 0.00309213	  0.00603186	 
0.536579	0.463421	254.437	0.00696713	 0.00726445	0.0174945	0.00133324	 0.0030373	  0.00608661	 
0.530832	0.469168	257.592	0.00703461	 0.00717066	0.0170905	0.00131813	 0.00297286	  0.00607159	 
0.52508	0.47492	260.75	0.00694332	 0.00718113	0.0164034	0.00133687	 0.00294388	  0.00609437	 
0.519325	0.480675	263.91	0.00673027	 0.0072247	0.0160397	0.0013415	 0.00288754	  0.00620582	 
0.513566	0.486434	267.072	0.00658219	 0.00713508	0.0158659	0.00137461	 0.00286354	  0.00632747	 
0.507805	0.492195	270.235	0.00640652	 0.00725107	0.0159024	0.0013648	 0.00284583	  0.00642789	 
0.502042	0.497958	273.399	0.00625101	 0.00722704	0.0159832	0.00138937	 0.00277187	  0.00647534	 
0.496278	0.503722	276.564	0.00610806	 0.00729062	0.0160912	0.00137792	 0.00276007	  0.00623372	 
0.490514	0.509486	279.729	0.00594911	 0.007412	0.0159332	0.00137693	 0.002787	  0.00614905	 
0.484751	0.515249	282.893	0.0057401	 0.00754742	0.0158841	0.00139785	 0.00270318	  0.00594697	 
0.478989	0.521011	286.056	0.00548764	 0.00737683	0.0162061	0.00140472	 0.00268166	  0.005849	 
0.47323	0.52677	289.219	0.00538084	 0.00745241	0.0164599	0.00136769	 0.00269778	  0.00566048	 
0.467473	0.532527	292.379	0.00524954	 0.00757172	0.0168688	0.00138185	 0.00267386	  0.00544001	 
0.461719	0.538281	295.538	0.00523278	 0.0077754	0.0171949	0.00138716	 0.00265167	  0.00528369	 
0.45597	0.54403	298.695	0.00528521	 0.00795097	0.0172134	0.00141006	 0.00261294	  0.00515689	 
0.450226	0.549774	301.848	0.00532696	 0.00793932	0.0175242	0.0014132	 0.00252675	  0.00513718	 
0.444488	0.555512	304.999	0.00514024	 0.00780223	0.0174197	0.00139226	 0.00246866	  0.00503223	 
0.438756	0.561244	308.146	0.00507831	 0.0074663	0.0175593	0.00138572	 0.00244651	  0.00496441	 
0.433032	0.566968	311.289	0.00498454	 0.00746954	0.0176675	0.00138536	 0.00250982	  0.00491885	 
0.427315	0.572685	314.427	0.00495876	 0.00733253	0.0178069	0.00140181	 0.00250736	  0.00485389	 
0.421608	0.578392	317.561	0.00501666	 0.00751688	0.0177179	0.00141705	 0.00254464	  0.00479488	 
0.41591	0.58409	320.69	0.00493178	 0.00750169	0.0174625	0.00142331	 0.0024858	  0.00485852	 
0.410222	0.589778	323.813	0.00488226	 0.00740298	0.0174182	0.0014109	 0.00252802	  0.00488212	 
0.404545	0.595455	326.929	0.00476887	 0.00740071	0.0179295	0.00139652	 0.00250629	  0.0048207	 
0.398879	0.601121	330.04	0.00486021	 0.0074033	0.0175219	0.00140512	 0.00255168	  0.00471762	 
0.393226	0.606774	333.144	0.00488191	 0.00719753	0.017685	0.00139564	 0.00260485	  0.00479714	 
0.387587	0.612413	336.24	0.00483341	 0.00718755	0.0172665	0.00139506	 0.00262017	  0.00474827	 
0.381961	0.618039	339.329	0.00489577	 0.00703919	0.0173176	0.00140106	 0.00264659	  0.00476558	 
0.37635	0.62365	342.41	0.00481631	 0.00677648	0.0172554	0.00139773	 0.00261936	  0.00482485	 
0.370754	0.629246	345.482	0.004914	 0.00635061	0.0172773	0.00143073	 0.00262455	  0.00465073	 
0.365174	0.634826	348.546	0.00492169	 0.00608816	0.0169175	0.00144402	 0.00262258	  0.00461205	 
0.359611	0.640389	351.6	0.00494571	 0.00601704	0.0165563	0.00144151	 0.00265793	  0.00451966	 
0.354065	0.645935	354.645	0.0049784	 0.00574853	0.0162342	0.00143554	 0.00263698	  0.00457222	 
0.348538	0.651462	357.679	0.00500879	 0.00547622	0.0161659	0.00143422	 0.00266027	  0.0044726	 
0.34303	0.65697	360.704	0.00498274	 0.00519518	0.0159571	0.00142796	 0.00275253	  0.0042456	 
0.337541	0.662459	363.717	0.00495892	 0.00493033	0.0154936	0.00142166	 0.00277011	  0.00409054	 
0.332072	0.667928	366.72	0.0049335	 0.00482084	0.0154775	0.00138485	 0.00282847	  0.00397536	 
0.326625	0.673375	369.71	0.00491955	 0.0046802	0.015461	0.00133986	 0.00284388	  0.0038348	 
0.3212	0.6788	372.689	0.00484641	 0.00455286	0.0150775	0.00135909	 0.0028264	  0.00361703	 
0.315797	0.684203	375.656	0.00481805	 0.00455267	0.0145387	0.00138146	 0.00283918	  0.00354386	 
0.310417	0.689583	378.61	0.00486945	 0.00450881	0.0145277	0.00140164	 0.00286047	  0.00352115	 
0.305061	0.694939	381.55	0.00485407	 0.00454758	0.0143649	0.00139957	 0.00284396	  0.00343431	 
0.299729	0.700271	384.477	0.00477339	 0.00442195	0.0142749	0.00138577	 0.00286908	  0.00331582	 
0.294423	0.705577	387.391	0.00481415	 0.00438257	0.01386	0.00139346	 0.00289826	  0.00332301	 
0.289143	0.710857	390.29	0.00489637	 0.00440556	0.0137222	0.00136749	 0.00292674	  0.00329694	 
0.28389	0.71611	393.174	0.00492642	 0.00458289	0.013126	0.00135004	 0.00289314	  0.00338521	 
0.278664	0.721337	396.043	0.00475465	 0.00463529	0.0124667	0.00130819	 0.00288806	  0.0034868	 
0.273465	0.726535	398.897	0.00475183	 0.00470864	0.0118321	0.00128699	 0.00282229	  0.00351739	 
0.268296	0.731704	401.736	0.00468511	 0.00475931	0.011511	0.00126147	 0.00282003	  0.00358885	 
0.263156	0.736844	404.558	0.00460972	 0.00471993	0.0115217	0.00123249	 0.00275376	  0.00370184	 
0.258046	0.741954	407.363	0.00467382	 0.00474582	0.0111477	0.00119923	 0.0027596	  0.0037581	 
0.252967	0.747033	410.152	0.00464627	 0.00461998	0.0112085	0.00117276	 0.00274514	  0.00383879	 
0.247919	0.752081	412.923	0.00469306	 0.00444984	0.0110853	0.00114368	 0.00272136	  0.00391736	 
0.242903	0.757097	415.677	0.00466528	 0.00433519	0.0110438	0.00110255	 0.00268665	  0.00406004	 
0.23792	0.76208	418.413	0.00470975	 0.00426666	0.0109642	0.00108346	 0.00267313	  0.00408239	 
0.23297	0.76703	421.131	0.0047811	 0.00415853	0.011013	0.00104537	 0.00266666	  0.00410718	 
0.228054	0.771946	423.83	0.00474168	 0.00413559	0.0109434	0.0010287	 0.00267525	  0.00407036	 
0.223173	0.776827	426.51	0.00467311	 0.00405144	0.010928	0.00100623	 0.00266129	  0.00416604	 
0.218328	0.781672	429.17	0.00457392	 0.00401036	0.0110831	0.00100181	 0.00260218	  0.00420959	 
0.213518	0.786482	431.811	0.00470581	 0.00392277	0.0114999	0.000981114	 0.00257659	  0.00421854	 
0.208744	0.791256	434.432	0.00473597	 0.00386488	0.0114495	0.000991345	 0.0025787	  0.00416581	 
0.204008	0.795992	437.032	0.00483128	 0.00390483	0.0114693	0.000970425	 0.00253003	  0.0042212	 
0.19931	0.80069	439.612	0.00477765	 0.00392876	0.0114928	0.000972412	 0.0024957	  0.0042695	 
0.19465	0.80535	442.17	0.00473319	 0.00396216	0.0118669	0.000953038	 0.00251791	  0.0042598	 
0.190029	0.809971	444.707	0.00477797	 0.00396197	0.0121666	0.00093931	 0.00253407	  0.00426842	 
0.185448	0.814552	447.222	0.00479215	 0.00389486	0.0122695	0.000932392	 0.00260945	  0.00426282	 
0.180907	0.819093	449.715	0.00484534	 0.00384699	0.0126944	0.000923979	 0.00260408	  0.00417003	 
0.176408	0.823592	452.186	0.00483156	 0.00374835	0.0131401	0.000935102	 0.00267058	  0.00413068	 
0.171949	0.828051	454.634	0.00485112	 0.00384939	0.0134914	0.000922986	 0.00264532	  0.00408909	 
0.167533	0.832467	457.059	0.00486188	 0.00392824	0.0135375	0.000908917	 0.00264961	  0.00409375	 
0.163159	0.836841	459.46	0.00496924	 0.0038983	0.0135345	0.000895792	 0.00263876	  0.00405305	 
0.158829	0.841171	461.838	0.00509015	 0.00390017	0.0138243	0.000877911	 0.00267772	  0.00400013	 
0.154542	0.845458	464.191	0.00522378	 0.00384454	0.014011	0.000851881	 0.00267215	  0.0039984	 
0.1503	0.8497	466.52	0.00530882	 0.00380543	0.0142105	0.000854147	 0.00265866	  0.00402513	 
0.146102	0.853898	468.825	0.0054616	 0.00392335	0.0140856	0.000825225	 0.00269936	  0.00404215	 
0.141951	0.85805	471.104	0.00551159	 0.00401535	0.014343	0.000802469	 0.00263471	  0.00404414	 
0.137845	0.862155	473.359	0.00545016	 0.00407118	0.0144453	0.000775188	 0.00259417	  0.0041159	 
0.133786	0.866214	475.587	0.00557521	 0.00426251	0.0146464	0.000741717	 0.00258271	  0.00411099	 
0.129774	0.870226	477.79	0.00564474	 0.00444052	0.0144102	0.000709916	 0.00257013	  0.0040891	 
0.125809	0.874191	479.967	0.00575327	 0.00463376	0.014606	0.000686416	 0.00258621	  0.00410429	 
0.121893	0.878107	482.117	0.00579612	 0.00494481	0.0146141	0.000654238	 0.0025686	  0.00409714	 
0.118026	0.881974	484.24	0.00591467	 0.00513666	0.0145428	0.000636264	 0.00255321	  0.00414722	 
0.114208	0.885792	486.336	0.00606326	 0.00539125	0.0143957	0.000595094	 0.00246203	  0.00408886	 
0.11044	0.88956	488.405	0.00625094	 0.00558813	0.0144436	0.000559539	 0.00243098	  0.00406785	 
0.106722	0.893278	490.446	0.00645509	 0.00593425	0.0144045	0.00052975	 0.00239002	  0.00401597	 
0.103055	0.896945	492.46	0.00646957	 0.0061174	0.0140747	0.000502603	 0.00230485	  0.00400755	 
0.0994395	0.90056	494.445	0.00650909	 0.00623795	0.0139933	0.00048313	 0.00233303	  0.00399751	 
0.0958756	0.904124	496.401	0.00665894	 0.00621961	0.0139017	0.000456751	 0.00232425	  0.00386958	 
0.092364	0.907636	498.329	0.00682833	 0.00628569	0.0138763	0.000443666	 0.00229506	  0.00386039	 
0.0889052	0.911095	500.229	0.00685983	 0.00629615	0.014008	0.000418009	 0.00228482	  0.00378751	 
0.0854995	0.9145	502.098	0.00718971	 0.0064324	0.014304	0.000396119	 0.00227952	  0.00371575	 
0.0821476	0.917852	503.939	0.00716576	 0.0063797	0.0144993	0.000373167	 0.00222787	  0.00366362	 
0.0788499	0.92115	505.749	0.00720707	 0.00636457	0.0145941	0.000354141	 0.00220093	  0.00360673	 
0.0756067	0.924393	507.53	0.00722503	 0.00638106	0.0147887	0.000337789	 0.00214819	  0.00360282	 
0.0724187	0.927581	509.28	0.00717103	 0.00637479	0.0146817	0.000317074	 0.00211785	  0.0035217	 
0.0692861	0.930714	511	0.0071207	 0.00651028	0.0150983	0.000298639	 0.00205392	  0.00347295	 
0.0662094	0.933791	512.689	0.00724718	 0.00662651	0.0147568	0.000283105	 0.00200265	  0.00341974	 
0.0631891	0.936811	514.348	0.00716914	 0.00664604	0.0148875	0.000264335	 0.00197098	  0.00338953	 
0.0602256	0.939774	515.975	0.00730443	 0.00665488	0.0149578	0.000248242	 0.00187053	  0.00332212	 
0.0573192	0.942681	517.571	0.00751123	 0.00666033	0.0147849	0.000232393	 0.00181842	  0.00333019	 
0.0544704	0.94553	519.135	0.00746311	 0.00657157	0.0144073	0.000214843	 0.00171824	  0.00329823	 
0.0516796	0.94832	520.667	0.00756848	 0.00657988	0.014595	0.000201244	 0.00168697	  0.00322482	 
0.0489471	0.951053	522.167	0.0076634	 0.00666091	0.0144551	0.000186345	 0.00160363	  0.00306792	 
0.0462734	0.953727	523.635	0.00770528	 0.00672311	0.0142299	0.000171388	 0.00152829	  0.00297556	 
0.0436588	0.956341	525.071	0.00765857	 0.00690465	0.014143	0.000157666	 0.00144607	  0.00283593	 
0.0411037	0.958896	526.473	0.00767342	 0.00693269	0.0140638	0.00014597	 0.00138365	  0.00271209	 
0.0386085	0.961392	527.843	0.00751249	 0.00707598	0.0139859	0.000131904	 0.00128344	  0.00264934	 
0.0361734	0.963827	529.18	0.00749875	 0.00722173	0.013867	0.000119219	 0.00119123	  0.00251603	 
0.0337989	0.966201	530.484	0.00731564	 0.00737929	0.0139971	0.000107286	 0.00112844	  0.00242075	 
0.0314853	0.968515	531.754	0.00738228	 0.00738865	0.0138096	9.60301e-05	 0.00105395	  0.00229959	 
0.0292328	0.970767	532.991	0.00743275	 0.00747276	0.0133912	8.46385e-05	 0.000987348	  0.00219167	 
0.0270419	0.972958	534.194	0.00750331	 0.00731685	0.0137262	7.3615e-05	 0.000922129	  0.00207776	 
0.0249128	0.975087	535.363	0.0076391	 0.00726238	0.0136814	6.38287e-05	 0.000860435	  0.00192138	 
0.0228459	0.977154	536.498	0.00771493	 0.00732732	0.0134986	5.48051e-05	 0.000806428	  0.00177667	 
0.0208414	0.979159	537.598	0.00777841	 0.00764193	0.0135052	4.68579e-05	 0.000753605	  0.00164808	 
0.0188996	0.9811	538.664	0.00785827	 0.00766019	0.0134251	3.85267e-05	 0.000682755	  0.00153849	 
0.0170209	0.982979	539.696	0.00808989	 0.00785245	0.013396	3.17345e-05	 0.000619241	  0.00139239	 
0.0152054	0.984795	540.693	0.00798064	 0.00786744	0.0136992	2.55905e-05	 0.000557003	  0.00124436	 
0.0134534	0.986547	541.655	0.00809212	 0.00801641	0.0137066	2.02349e-05	 0.000504271	  0.00112987	 
0.0117653	0.988235	542.581	0.00817422	 0.00801634	0.0137761	1.57414e-05	 0.000439572	  0.000977596	 
0.0101412	0.989859	543.473	0.00815266	 0.00798658	0.0138136	1.16846e-05	 0.000390911	  0.000852552	 
0.00858136	0.991419	544.33	0.00823907	 0.00809317	0.0139662	8.42794e-06	 0.000327285	  0.000727871	 
0.00708607	0.992914	545.151	0.00813941	 0.00817998	0.0141595	5.83266e-06	 0.000265946	  0.000613735	 
0.00565552	0.994344	545.936	0.00800619	 0.0081302	0.0141809	3.74757e-06	 0.000217072	  0.000490683	 
0.00428992	0.99571	546.686	0.00832735	 0.00810499	0.0141066	2.14779e-06	 0.000163199	  0.000375333	 
0.00298948	0.997011	547.4	0.00815859	 0.00816841	0.0139946	1.05005e-06	 0.000115161	  0.000261424	 
0.0017544	0.998246	548.078	0.00826715	 0.00828023	0.0141843	3.61342e-07	 6.75752e-05	  0.000150365	 
0.000584873	0.999415	548.72	0.00825483	 0.00818518	0.0140188	4.00343e-08	 2.2268e-05	  5.08591e-05	 
