# Postprocessed results of turbulent pipe flow 
# Reynolds stress transporation term: k 
# ------------------------------------------------------------------
# uTau = 0.0288969 
# nu = 5.26316e-05 
# ------------------------------------------------------------------
# r	 1-r	 y+	 production	 Turbulent_Transport	 Viscous_Transport	  Pressure_Strain	 Pressure_Transport	 Viscous_Dissipation	 
# ------------------------------------------------------------------
1	0	0	6.62002619453695e-38	-5.20626297721751e-08	0.000407969325047639	-0.109249355533745	0.109376718733626	2.19140383798324e-21
0.999843634831413	0.000156365168586969	0.0858477098836341	6.91505583922440e-09	7.42601882608156e-08	0.000704740275298403	-0.108942122051191	0.108708061156389	-0.000323497065751131
0.999620009577120	0.000379990422879950	0.208622597198260	2.32472285522909e-07	1.02342673624772e-06	0.00128588891354050	-0.107974182608335	0.107459073225246	-0.000806111577743730
0.999329180940144	0.000670819059855998	0.368293530812136	2.15324792084862e-06	6.61184134996644e-06	0.00226417118992574	-0.105906419828676	0.105034461497319	-0.00146588992293055
0.998971214558560	0.00102878544144003	0.564824474065191	1.12398707410669e-05	2.84298714406115e-05	0.00351026690298931	-0.102335173818088	0.101025432704787	-0.00232060165932216
0.998546184981803	0.00145381501819697	0.798174497776510	4.18553578498720e-05	9.37174906597422e-05	0.00502095813727802	-0.0969859730195757	0.0951344077253645	-0.00338147723328610
0.998054175645816	0.00194582435418400	1.06829779388872	0.000124139407192344	0.000254703765781899	0.00676039520938753	-0.0897913348984870	0.0872422984741892	-0.00464467166527795
0.997495278847047	0.00250472115295297	1.37514368974388	0.000311808229519088	0.000595500300991122	0.00864451781927862	-0.0809367078374770	0.0774463836710772	-0.00608155879505197
0.996869595715303	0.00313040428469702	1.71865666298748	0.000688967165312868	0.00123015861061556	0.0105315445135944	-0.0708654567766107	0.0660644741726520	-0.00763057887112884
0.996177236185482	0.00382276381451796	2.09877635708788	0.00137349207040096	0.00228516098560092	0.0122263368870804	-0.0602423924781186	0.0536088791267111	-0.00919450980164230
0.995418318968177	0.00458168103182299	2.51543759747570	0.00251448423837621	0.00386375539876639	0.0135042529051099	-0.0498826334706377	0.0407382443767827	-0.0106469837471469
0.994592971519191	0.00540702848080898	2.96857040828029	0.00428192630309740	0.00599847561898531	0.0141530924483864	-0.0406568233103756	0.0281951423043715	-0.0118494935501362
0.993701330007952	0.00629866999204798	3.45810002967085	0.00684808212096186	0.00860790612510678	0.0140224573859798	-0.0333852257682459	0.0167344548678017	-0.0126757557056822
0.992743539284848	0.00725646071515196	3.98394693579006	0.0103623135586575	0.0114774566828801	0.0130639401638848	-0.0287341102321683	0.00704624298800983	-0.0130365304376924
0.991719752847504	0.00828024715249598	4.54602685326878	0.0149233501300915	0.0142773530228307	0.0113475155503736	-0.0271290613142388	-0.000320740560114457	-0.0128971743744647
0.990630132805992	0.00936986719400801	5.14425078032636	0.0205547717170345	0.0166168271823683	0.00904862898728465	-0.0286997900280849	-0.00502429030067039	-0.0122828994538278
0.989474849847014	0.0105251501529861	5.77852500643504	0.0271896648633433	0.0181193281432910	0.00641139680387289	-0.0332671000053555	-0.00696998085300480	-0.0112712244048252
0.988254083197046	0.0117459168029540	6.44875113255453	0.0346686955709363	0.0184964749400666	0.00370052636463863	-0.0403745367859178	-0.00631848388230534	-0.00997505531955901
0.986968020584472	0.0130319794155280	7.15482609192143	0.0427526418599320	0.0176006303740126	0.00115579268627276	-0.0493578188240105	-0.00345609496778942	-0.00852177053482347
0.985616858200714	0.0143831417992860	7.89664217138941	0.0511468822541999	0.0154447997546294	-0.00104066686378784	-0.0594379075096779	0.00106607088017578	-0.00703354715182945
0.984200800660372	0.0157991993396280	8.67408703331338	0.0595327005721760	0.0121894482260096	-0.00277972835942224	-0.0698201610244674	0.00661193494881520	-0.00561268192638561
0.982720060960387	0.0172799390396130	9.48704373796967	0.0675993213729270	0.00810453496438860	-0.00402430543131373	-0.0797827651671606	0.0125438419817016	-0.00433356755119363
0.981174860438240	0.0188251395617600	10.3353907665059	0.0750713285360758	0.00351928872803515	-0.00479662390453665	-0.0887420844091119	0.0182949688481094	-0.00324105105173532
0.979565428729205	0.0204345712707950	11.2190020444095	0.0817279930970020	-0.00122789033984068	-0.00515960292975425	-0.0962887438600918	0.0234201684664089	-0.00235360285270994
0.977892003722657	0.0221079962773429	12.1377469654963	0.0874132967909105	-0.00583043862644693	-0.00519746598226422	-0.102193936360202	0.0276200145518031	-0.00166922855682723
0.976154831517465	0.0238451684825350	13.0914904163998	0.0920373454357643	-0.0100409517402551	-0.00499910499067728	-0.106390792402472	0.0307392336145155	-0.00117227613305946
0.974354166376462	0.0256458336235380	14.0800928015685	0.0955710661646976	-0.0136838442735856	-0.00464623662327072	-0.108940659963529	0.0327466669329474	-0.000839675001608168
0.972490270680033	0.0275097293199670	15.1034100687475	0.0980365623256485	-0.0166556453018495	-0.00420685189345078	-0.109994670380344	0.0337058972254869	-0.000645710244466972
0.970563414878803	0.0294365851211970	16.1612937349527	0.0994954072010847	-0.0189169668051678	-0.00373297693939594	-0.109756989605780	0.0337434796899578	-0.000565130661830944
0.968573877445463	0.0314261225545370	17.2535909129206	0.100036759593941	-0.0204796238341111	-0.00326123600407039	-0.108452969009131	0.0330187222930335	-0.000574970265824053
0.966521944825738	0.0334780551742619	18.3801443380264	0.0997666127100567	-0.0213913686346025	-0.00281509064326326	-0.106304164384080	0.0316976272726622	-0.000655355720347389
0.964407911388503	0.0355920886114970	19.5407923956731	0.0987987843505778	-0.0217213561412613	-0.00240783813456861	-0.103512749863587	0.0299349243015172	-0.000789423394525064
0.962232079375076	0.0377679206249240	20.7353691491290	0.0972477974871239	-0.0215492856081836	-0.00204558836898580	-0.100256271325947	0.0278665093862569	-0.000962906906298451
0.959994758847687	0.0400052411523130	21.9637043678203	0.0952238083264279	-0.0209581403066007	-0.00172978245397925	-0.0966867883398847	0.0256073777211278	-0.00116370237483629
0.957696267637144	0.0423037323628560	23.2256235560636	0.0928295510204452	-0.0200292486384872	-0.00145876844167578	-0.0929281579622779	0.0232489069223261	-0.00138166072842000
0.955336931289705	0.0446630687102950	24.5209479822333	0.0901588272199451	-0.0188390353189039	-0.00122863181076812	-0.0890733199494609	0.0208563858961475	-0.00160872225627277
0.952917083013175	0.0470829169868250	25.8494947083568	0.0872956230944282	-0.0174576409326417	-0.00103426983309684	-0.0851884135812404	0.0184733508844224	-0.00183846133460220
0.950437063622234	0.0495629363777660	27.2110766201294	0.0843132794320048	-0.0159490215296043	-0.000870569693135295	-0.0813261384021630	0.0161342120124435	-0.00206548080816553
0.947897221483009	0.0521027785169910	28.6055024573461	0.0812741689062894	-0.0143708866326382	-0.000732883225291605	-0.0775337857088299	0.0138715086511562	-0.00228529352013755
0.945297912456914	0.0547020875430860	30.0325768447344	0.0782301296250374	-0.0127728034463878	-0.000616990121646257	-0.0738467338213995	0.0117104395414847	-0.00249431907964905
0.942639499843758	0.0573605001562419	31.4921003231890	0.0752230849859438	-0.0111938479466108	-0.000519181843222987	-0.0702893105324611	0.00966744706333203	-0.00268970168757860
0.939922354324138	0.0600776456758620	32.9838693813999	0.0722856202398521	-0.00966264183968152	-0.000436665695636267	-0.0668852639217985	0.00775680031747120	-0.00286902213404828
0.937146853901133	0.0628531460988671	34.5076764878624	0.0694420577110703	-0.00819941936602182	-0.000367523362697807	-0.0636547374110882	0.00598952518631624	-0.00303030228970249
0.934313383841311	0.0656866161586890	36.0633101232667	0.0667100447782121	-0.00681852690645041	-0.000309964625740526	-0.0606061129375688	0.00436797120907950	-0.00317237203903642
0.931422336615055	0.0685776633849450	37.6505548132596	0.0641018685445296	-0.00553140983260969	-0.000262087187848500	-0.0577386503919721	0.00288737421111602	-0.00329483617592114
0.928474111836232	0.0715258881637680	39.2691911615674	0.0616254208333844	-0.00434703110886492	-0.000222021899039109	-0.0550429614855970	0.00153759921350181	-0.00339793400911808
0.925469116201205	0.0745308837987950	40.9189958834796	0.0592847620185961	-0.00326916743714487	-0.000188239085393341	-0.0525039153950161	0.000305102918533670	-0.00348246097628744
0.922407763427212	0.0775922365727880	42.5997418396805	0.0570805845256833	-0.00229638060958746	-0.000159747057720401	-0.0501125188724025	-0.000819990228618883	-0.00354917450850080
0.919290474190117	0.0807095258098830	44.3111980704245	0.0550110101206015	-0.00142486060018339	-0.000135649992925467	-0.0478692597097921	-0.00184003108659084	-0.00359893107043479
0.916117676061545	0.0838823239384550	46.0531298300509	0.0530723140241213	-0.000651758236237370	-0.000115186010061747	-0.0457774796376775	-0.00275249366130576	-0.00363299080600112
0.912889803445421	0.0871101965545790	47.8252986218251	0.0512591984792464	2.41203016276955e-05	-9.77171205594152e-05	-0.0438346807772004	-0.00355687440473054	-0.00365278206246094
0.909607297513914	0.0903927024860860	49.6274622331066	0.0495649594969207	0.000605046086694022	-8.26436247163261e-05	-0.0420290427210198	-0.00425939936009888	-0.00365958248911070
0.906270606142804	0.0937293938571960	51.4593747708336	0.0479816348356817	0.00109604323907150	-6.95796537583976e-05	-0.0403472008023868	-0.00486861542538010	-0.00365452766567135
0.902880183846292	0.0971198161537080	53.3207866973144	0.0465000568326848	0.00150311690544780	-5.82719000973932e-05	-0.0387819534866903	-0.00538795197346765	-0.00363872240585987
0.899436491711240	0.100563508288760	55.2114448663303	0.0451104135015109	0.00183265801611526	-4.87514047750376e-05	-0.0373331765455726	-0.00581454991954196	-0.00361327461400903
0.895939997330883	0.104060002669117	57.1310925595293	0.0438035890938032	0.00209254275473379	-4.11840630577853e-05	-0.0359990614710747	-0.00614701804345560	-0.00357934179715450
0.892391174738006	0.107608825261994	59.0794695231133	0.0425719329304219	0.00229140093760038	-3.53115450739753e-05	-0.0347697291759885	-0.00639166656480455	-0.00353815450569642
0.888790504337598	0.111209495662402	61.0563120048128	0.0414087289343277	0.00243598286208874	-3.04219508652938e-05	-0.0336355454136050	-0.00655851827506853	-0.00349069965936525
0.885138472839000	0.114861527161000	63.0613527911382	0.0403078951315768	0.00253182378710660	-2.58469200367814e-05	-0.0325846971728561	-0.00666003361987923	-0.00343786453216096
0.881435573187558	0.118564426812442	65.0943212449048	0.0392638190246982	0.00258415764535637	-2.14263054532311e-05	-0.0316055679108620	-0.00670806074029460	-0.00338030712519583
0.877682304495790	0.122317695504210	67.1549433430227	0.0382715691878201	0.00259866896143113	-1.76915448826852e-05	-0.0306955510511792	-0.00670825445464334	-0.00331876586156221
0.873879171974071	0.126120828025929	69.2429417145523	0.0373272473361053	0.00258412017727122	-1.49212121964815e-05	-0.0298492586002063	-0.00666790010207199	-0.00325419319885358
0.870026686860865	0.129973313139135	71.3580356790088	0.0364265620092777	0.00255048136783419	-1.25319221274817e-05	-0.0290566722171880	-0.00659752835363988	-0.00318735322984307
0.866125366352492	0.133874633647508	73.4999412849213	0.0355634109995161	0.00250479258326336	-1.02035537032826e-05	-0.0283185072590038	-0.00649853532303376	-0.00311845295478246
0.862175733532462	0.137824266467538	75.6683713486297	0.0347317340390359	0.00245011922456567	-8.24093325262838e-06	-0.0276397350969154	-0.00636593374846118	-0.00304765021820559
0.858178317300365	0.141821682699635	77.8630354933259	0.0339278739095849	0.00238817795570071	-6.89669415138872e-06	-0.0270124783884167	-0.00620435619166545	-0.00297559977198298
0.854133652300347	0.145866347699653	80.0836401883217	0.0331504510320248	0.00232179569022003	-6.03596906930188e-06	-0.0264178005945804	-0.00602987504729324	-0.00290307348350568
0.850042278849173	0.149957721150827	82.3298887885438	0.0323990017487946	0.00224968608869867	-5.22860806673309e-06	-0.0258433765798699	-0.00585297369740810	-0.00283083253087769
0.845904742863879	0.154095257136121	84.6014815742547	0.0316729854708790	0.00216699069760713	-4.27814417028308e-06	-0.0252903023451024	-0.00567016446670435	-0.00275929987374357
0.841721595789039	0.158278404210961	86.8981157909837	0.0309721048442470	0.00207416431045949	-3.30750034975523e-06	-0.0247643586676653	-0.00547682523193092	-0.00268883017754703
0.837493394523648	0.162506605476352	89.2194856896706	0.0302962781268115	0.00197810178963930	-2.48021289410816e-06	-0.0242647433199295	-0.00527957406048336	-0.00261964070214172
0.833220701347626	0.166779298652374	91.5652825670161	0.0296447191181989	0.00188778533009893	-2.02704432300112e-06	-0.0237825520050107	-0.00509108698760509	-0.00255167843923895
0.828904083847960	0.171095916152040	93.9351948060315	0.0290158632527521	0.00180834330283908	-2.08579020282901e-06	-0.0233146150054505	-0.00491682436394904	-0.00248487923873337
0.824544114844492	0.175455885155508	96.3289079167821	0.0284086882253248	0.00173789225814766	-2.25133220609329e-06	-0.0228640409851156	-0.00475276476204667	-0.00241923692641115
0.820141372315360	0.179858627684640	98.7461045773225	0.0278230039812910	0.00166855623557833	-1.76895413946016e-06	-0.0224324949191053	-0.00459268219001856	-0.00235521948372995
0.815696439322097	0.184303560677903	101.186464674818	0.0272575367855786	0.00159369642463880	-6.33608666247485e-07	-0.0220140326545332	-0.00443568708024501	-0.00229295499890352
0.811209903934409	0.188790096065591	103.649665346844	0.0267097257209993	0.00151399825191301	3.66376650872320e-07	-0.0216031327319555	-0.00428418762512119	-0.00223212949804473
0.806682359154624	0.193317640845376	106.135381022864	0.0261780310583878	0.00143210647493935	8.47219305429725e-07	-0.0212009020378241	-0.00413697764688203	-0.00217279930564695
0.802114402841833	0.197885597158167	108.643283465879	0.0256621492380980	0.00134805091828656	9.29948941075465e-07	-0.0208129785623080	-0.00398745261795463	-0.00211518776725153
0.797506637635731	0.202493362364269	111.173041814237	0.0251612765770676	0.00126216083899061	7.30352001408212e-07	-0.0204460494429917	-0.00382748965153821	-0.00205935305870263
0.792859670880154	0.207140329119846	113.724322623619	0.0246741498601095	0.00117642705546378	4.42670401129818e-07	-0.0201013608112374	-0.00365556445545683	-0.00200527651625465
0.788174114546334	0.211825885453666	116.296789909167	0.0242003789636542	0.00109190405892764	3.91529203569562e-07	-0.0197717880870089	-0.00347921492216473	-0.00195299745975307
0.783450585155874	0.216549414844126	118.890105187777	0.0237404174376681	0.00100778553573128	7.65198260450937e-07	-0.0194494773949104	-0.00330705195107170	-0.00190262691020644
0.778689703703445	0.221310296296555	121.503927520538	0.0232942339438828	0.000924421590027098	1.29623532841536e-06	-0.0191345963536364	-0.00314093362260409	-0.00185405239556960
0.773892095579227	0.226107904420773	124.137913555312	0.0228606874979343	0.000845466902498286	1.62337663297535e-06	-0.0188318434456462	-0.00297974562215797	-0.00180708161859456
0.769058390491086	0.230941609508914	126.791717569465	0.0224380073433468	0.000776313996879252	1.74549189835845e-06	-0.0185409333849887	-0.00282646806853034	-0.00176153445807011
0.764189222386498	0.235810777613502	129.464991512727	0.0220246175917250	0.000719066868168836	1.84196814395611e-06	-0.0182576170707910	-0.00268553268748203	-0.00171723830932401
0.759285229374239	0.240714770625761	132.157385050189	0.0216198146544276	0.000671728470023522	1.88747466939026e-06	-0.0179794329033279	-0.00255715116012652	-0.00167409714155382
0.754347053645831	0.245652946354169	134.868545605431	0.0212239377951048	0.000631807348336544	1.76008970568601e-06	-0.0177067115467778	-0.00243788478331518	-0.00163206747316436
0.749375341396759	0.250624658603241	137.598118403774	0.0208377999603065	0.000596198033602088	1.66102937209190e-06	-0.0174406503884940	-0.00232390475968685	-0.00159138902160270
0.744370742747468	0.255629257252532	140.345746515654	0.0204617818360417	0.000561687689763596	1.68714274311621e-06	-0.0171827462298979	-0.00221254767846960	-0.00155207351693416
0.739333911664138	0.260666088335862	143.111070900119	0.0200964750769137	0.000527557118423886	1.59950029872160e-06	-0.0169320020430515	-0.00210470070105896	-0.00151406163691299
0.734265505879254	0.265734494120746	145.893730448439	0.0197431174746695	0.000493961650121691	1.35353493137829e-06	-0.0166823887403200	-0.00200515584663249	-0.00147749980235819
0.729166186811968	0.270833813188032	148.693362027828	0.0194025922739460	0.000460046050598463	1.21691748944807e-06	-0.0164301732448381	-0.00191747284878594	-0.00144255190663650
0.724036619488265	0.275963380511735	151.509600525271	0.0190747711205496	0.000424091580858708	1.45643691870328e-06	-0.0161747153405037	-0.00184181157868231	-0.00140926576260686
0.718877472460931	0.281122527539069	154.342078891469	0.0187581493342238	0.000384705362382343	1.96945519911161e-06	-0.0159165718317782	-0.00177646156701003	-0.00137751330006719
0.713689417729342	0.286310582270658	157.190428184874	0.0184506080781742	0.000343736915687676	2.38043673969515e-06	-0.0156573411308208	-0.00171979849917219	-0.00134704783331303
0.708473130659065	0.291526869340935	160.054277615829	0.0181507889783590	0.000303108399362798	2.53842259273463e-06	-0.0153982294095952	-0.00167014566882676	-0.00131776534575786
0.703229289901287	0.296770710098713	162.933254590802	0.0178579133349914	0.000262676794299375	2.53597406327435e-06	-0.0151406692706647	-0.00162469874367167	-0.00128960879414595
0.697958577312074	0.302041422687926	165.826984756719	0.0175708277290090	0.000223110313881612	2.56355615478910e-06	-0.0148848729436502	-0.00158151268212673	-0.00126251721683208
0.692661677871460	0.307338322128540	168.735092045381	0.0172877811113798	0.000185859511250145	2.73576493015968e-06	-0.0146327456645346	-0.00153914312414341	-0.00123627377340929
0.687339279602379	0.312660720397621	171.657198717975	0.0170074382196610	0.000152346046701034	2.90512219319129e-06	-0.0143883704760717	-0.00149565336857359	-0.00121068343353379
0.681992073489444	0.318007926510556	174.592925409664	0.0167299548832777	0.000122968644198203	2.91076144089484e-06	-0.0141528417448835	-0.00145112976295731	-0.00118582014190935
0.676620753397569	0.323379246602431	177.541891174267	0.0164563045351054	9.72905029496103e-05	2.75046023263603e-06	-0.0139232123173643	-0.00140747102839012	-0.00116171107918743
0.671226015990454	0.328773984009546	180.503713529013	0.0161874707912178	7.39147648821247e-05	2.54189738560499e-06	-0.0136980231644184	-0.00136453608563937	-0.00113826501106133
0.665808560648919	0.334191439351081	183.478008499372	0.0159241837161321	5.09829776914784e-05	2.46568561353214e-06	-0.0134790580175940	-0.00132023735160224	-0.00111546042738290
0.660369089389109	0.339630910610891	186.464390663970	0.0156664242475610	2.90700485473952e-05	2.59742796346125e-06	-0.0132667836422829	-0.00127571564081669	-0.00109314027562806
0.654908306780563	0.345091693219437	189.462473199566	0.0154135218151513	1.10672177156293e-05	2.77903575924193e-06	-0.0130592765724727	-0.00123531744213130	-0.00107108023983454
0.649426919864154	0.350573080135846	192.471867926104	0.0151651078278762	-1.77759223698664e-06	2.84816440094005e-06	-0.0128551862791347	-0.00120180852459411	-0.00104934002680152
0.643925638069911	0.356074361930089	195.492185351833	0.0149216093087639	-1.01489831501397e-05	2.79859524362961e-06	-0.0126527716268793	-0.00117631367456842	-0.00102827593435516
0.638405173134712	0.361594826865288	198.523034718494	0.0146837959283641	-1.32010214036887e-05	2.63445680423228e-06	-0.0124509573438961	-0.00115991688391356	-0.00100815224056727
0.632866239019867	0.367133760980133	201.564024046570	0.0144522749611172	-1.03975717242872e-05	2.50358138013895e-06	-0.0122485454294998	-0.00115303314147789	-0.000989195696844157
0.627309551828592	0.372690448171408	204.614760180592	0.0142264284342581	-3.72923382608938e-06	2.61063339642930e-06	-0.0120466235921472	-0.00115231639047164	-0.000971278346920651
0.621735829723362	0.378264170276638	207.674848834515	0.0140041918402496	3.59541126904111e-06	2.83640290407383e-06	-0.0118494501184398	-0.00115173677422970	-0.000953894018231973
0.616145792843178	0.383854207156822	210.743894637142	0.0137840865802823	9.69230541894685e-06	2.94093670430870e-06	-0.0116571180614291	-0.00114823227182646	-0.000936771844828611
0.610540163220713	0.389459836779287	213.821501177609	0.0135659878120469	1.34559768974283e-05	2.93920976353112e-06	-0.0114684203445568	-0.00114013102202361	-0.000919998806857028
0.604919664699380	0.395080335300620	216.907271050920	0.0133497146931369	1.30684567468191e-05	2.96153882814600e-06	-0.0112847965474809	-0.00112417580653218	-0.000903557586855718
0.599285022850289	0.400714977149711	220.000805903536	0.0131346245050069	8.48217544909606e-06	2.98988804057138e-06	-0.0111076729303449	-0.00109860152436598	-0.000887312173225041
0.593636964889124	0.406363035110876	223.101706479014	0.0129204762177148	5.47424164547293e-07	2.97383398907530e-06	-0.0109362533490997	-0.00106488650111050	-0.000871205552359196
0.587976219592931	0.412023780407069	226.209572663690	0.0127075717325016	-1.04726814081602e-05	2.95235744277426e-06	-0.0107677468859773	-0.00102610643539612	-0.000855358093735806
0.582303517216817	0.417696482783183	229.324003532417	0.0124960395827976	-2.37725953271438e-05	2.96594558203637e-06	-0.0105995712593222	-0.000985386640171450	-0.000839830232761385
0.576619589410575	0.423380410589425	232.444597394331	0.0122855980645044	-3.76270172046670e-05	3.01486621140092e-06	-0.0104303847626908	-0.000945703003990584	-0.000824597509594513
0.570925169135227	0.429074830864773	235.570951838682	0.0120762424034481	-5.12411256034096e-05	3.02039373702726e-06	-0.0102603088319452	-0.000908726877171628	-0.000809568546323431
0.565220990579495	0.434779009420505	238.702663780684	0.0118691836394031	-6.49555048942003e-05	2.91990142085983e-06	-0.0100890872715521	-0.000875793661720747	-0.000794863937134552
0.559507789076198	0.440492210923802	241.839329507418	0.0116661373032146	-7.76128103482523e-05	2.81506853243360e-06	-0.00991412831963831	-0.000850149945666458	-0.000780656205668062
0.553786301018579	0.446213698981421	244.980544723772	0.0114677260773937	-8.75056332445823e-05	2.84744416590334e-06	-0.00973480917703869	-0.000834722506283287	-0.000766967880823793
0.548057263776576	0.451942736223424	248.125904598408	0.0112735999520878	-9.39076479818389e-05	2.99472801235775e-06	-0.00955319527351847	-0.000829917780777858	-0.000753678366232190
0.542321415613017	0.457678584386983	251.275003809770	0.0110836651107249	-9.67692513531306e-05	3.13462470564245e-06	-0.00937074332049041	-0.000834673194752733	-0.000740725396841543
0.536579495599765	0.463420504400235	254.427436592129	0.0108982822721679	-9.62662499024499e-05	3.20736792505365e-06	-0.00918819289399252	-0.000847543690291070	-0.000728184037424720
0.530832243533805	0.469167756466195	257.582796781648	0.0107175030630746	-9.10748296248282e-05	3.26637939774767e-06	-0.00900745515819127	-0.000866937725501147	-0.000716035826457838
0.525080399853270	0.474919600146730	260.740677862484	0.0105405898532458	-7.98123644204275e-05	3.34085622720848e-06	-0.00883232954046551	-0.000890048451128813	-0.000704061028671351
0.519324705553426	0.480675294446574	263.900673012920	0.0103666295828401	-6.27503587031648e-05	3.34133203072458e-06	-0.00866558753241952	-0.000913501751836963	-0.000692084372109980
0.513565902102602	0.486434097897398	267.062375151515	0.0101955923930039	-4.23493919676317e-05	3.31285674755364e-06	-0.00850646445516473	-0.000934855630483236	-0.000680141274473915
0.507804731358077	0.492195268641923	270.225376983288	0.0100280215525399	-2.31793643681997e-05	3.38066669152046e-06	-0.00835502030757636	-0.000950765943260863	-0.000668387703075002
0.502041935481924	0.497958064518076	273.389271045919	0.00986404725897793	-8.59159202610533e-06	3.47836835625992e-06	-0.00821247508811380	-0.000957765559212636	-0.000656892159078281
0.496278256856815	0.503721743143185	276.553649755974	0.00970324926060942	6.01488177667441e-07	3.50961216610915e-06	-0.00807633936565977	-0.000955811641964218	-0.000645746177173649
0.490514438001784	0.509485561998216	279.718105455156	0.00954496040048878	4.25425938706000e-06	3.45777201320201e-06	-0.00794200496846562	-0.000947208407849374	-0.000634930984224257
0.484751221487969	0.515248778512031	282.882230456558	0.00938894065038619	1.84655004222472e-06	3.40047338793027e-06	-0.00780774478397220	-0.000933603203252892	-0.000624371404236396
0.478989349854306	0.521010650145694	286.045617090957	0.00923553868597732	-6.50743144219295e-06	3.47525361613793e-06	-0.00767438015286232	-0.000916508895211052	-0.000614025371128386
0.473229565523204	0.526770434476796	289.207857753101	0.00908491590494672	-1.81687819312390e-05	3.64538712603459e-06	-0.00754201271622351	-0.000898695427194687	-0.000603897022878544
0.467472610716199	0.532527389283801	292.368544948025	0.00893633751564615	-2.89569033851699e-05	3.74954362941111e-06	-0.00741023014937785	-0.000882347064454173	-0.000593959026020607
0.461719227369571	0.538280772630429	295.527271337374	0.00878850433318305	-3.56367002623927e-05	3.68052520565026e-06	-0.00728139181090356	-0.000867272311484820	-0.000584079489327599
0.455970157049960	0.544029842950040	298.683629785733	0.00864090292754833	-3.62702062890121e-05	3.46514615260331e-06	-0.00715671481640387	-0.000854091031860471	-0.000574171582420775
0.450226140869945	0.549773859130055	301.837213406976	0.00849436878941577	-3.14579316126132e-05	3.24207548016591e-06	-0.00703391996404389	-0.000845315017070968	-0.000564342762110916
0.444487919403631	0.555512080596369	304.987615610611	0.00835036138482129	-2.36355457512899e-05	3.09613439299915e-06	-0.00691110094447846	-0.000842352606043502	-0.000554723420739908
0.438756232602203	0.561243767397797	308.134430148142	0.00821028554200936	-1.54213197788595e-05	3.04752982508837e-06	-0.00678641927930282	-0.000845822400479063	-0.000545422596127266
0.433031819709497	0.566968180290503	311.277251159420	0.00807472273043532	-7.99197249073399e-06	3.09217735256506e-06	-0.00665764898100299	-0.000856934748115931	-0.000536507492481351
0.427315419177542	0.572684580822458	314.415673219016	0.00794294697434143	-3.71115722568087e-07	3.24461370064983e-06	-0.00652332195118200	-0.000876339267119215	-0.000527927404792211
0.421607768582124	0.578392231417876	317.549291382579	0.00781320419750538	8.28268454199974e-06	3.53774233534542e-06	-0.00638465774346605	-0.000902219307784039	-0.000519625991517667
0.415909604538331	0.584090395461669	320.677701233196	0.00768330231456599	1.94800483977173e-05	3.85301463378333e-06	-0.00624509855615387	-0.000931515450426831	-0.000511465962730326
0.410221662616125	0.589778337383875	323.800498927754	0.00755172677639540	3.45191765367335e-05	3.96022239120979e-06	-0.00610710582635467	-0.000961914007466213	-0.000503311608708872
0.404544677255905	0.595455322744095	326.917281243290	0.00741855249676958	5.30961521715415e-05	3.81923680271070e-06	-0.00597146659117947	-0.000991945589820171	-0.000495207659861429
0.398879381684094	0.601120618315906	330.027645623343	0.00728490449360767	7.43388909777280e-05	3.61303733961795e-06	-0.00583755714001495	-0.00102171917134153	-0.000487285991420898
0.393226507828735	0.606773492171265	333.131190224286	0.00715181771311461	9.76360036925403e-05	3.50763203344708e-06	-0.00570470035416006	-0.00105217777339241	-0.000479608350897861
0.387586786235116	0.612413213764884	336.227513961655	0.00701968949481794	0.000122196870919373	3.54911099157206e-06	-0.00557351228614808	-0.00108285053256286	-0.000472181611711792
0.381960945981408	0.618039054018592	339.316216556462	0.00688838569196011	0.000146739750386997	3.63401348821604e-06	-0.00544584788003150	-0.00111126233826890	-0.000464892773022131
0.376349714594339	0.623650285405661	342.396898581494	0.00675770097571117	0.000170573936732161	3.61257312626695e-06	-0.00532389137324067	-0.00113434175268984	-0.000457561386495485
0.370753817964895	0.629246182035105	345.469161507595	0.00662770695871220	0.000193136690713274	3.46508124504380e-06	-0.00520849318669468	-0.00115020852081691	-0.000450113795882006
0.365173980264058	0.634826019735942	348.532607749927	0.00649872545359791	0.000213544305363917	3.28576136349645e-06	-0.00509834219823201	-0.00115936272531401	-0.000442585882020995
0.359610923858582	0.640389076141418	351.586840714207	0.00637112703602896	0.000231620467658425	3.18924682823968e-06	-0.00499057233451341	-0.00116500746648217	-0.000435041426788254
0.354065369226816	0.645934630773184	354.631464842930	0.00624520115714316	0.000247962972067206	3.17674488211560e-06	-0.00488205448431645	-0.00117146133575586	-0.000427489452031161
0.348538034874574	0.651461965125426	357.666085661550	0.00612116038684989	0.000263632416672548	3.14025236667923e-06	-0.00477086276862851	-0.00118186189856914	-0.000419971853084246
0.343029637251054	0.656970362748946	360.690309824648	0.00599917283303335	0.000279945850655814	3.05487441534082e-06	-0.00465652876438427	-0.00119772900420110	-0.000412615408471824
0.337540890664821	0.662459109335179	363.703745162056	0.00587920464028104	0.000297895507343800	3.00593400163475e-06	-0.00453915254821494	-0.00121956149916000	-0.000405521058159748
0.332072507199845	0.667927492800155	366.706000724954	0.00576079937989674	0.000317575548827056	3.04902499424640e-06	-0.00441982649843715	-0.00124607207910716	-0.000398674464632647
0.326625196631611	0.673374803368389	369.696686831929	0.00564328253558715	0.000338359189931153	3.12229110783609e-06	-0.00430102166261753	-0.00127398884486890	-0.000391939222502260
0.321199666343296	0.678800333656704	372.675415114994	0.00552626195955673	0.000359353749502832	3.11537514002285e-06	-0.00418567700145265	-0.00129964559169902	-0.000385203790939976
0.315796621242029	0.684203378757971	375.641798565562	0.00540991962522008	0.000379711197614069	2.98041444914022e-06	-0.00407508840593322	-0.00132111622278715	-0.000378462799340315
0.310416763675224	0.689583236324776	378.595451580386	0.00529497878777862	0.000399100398481057	2.76545442235347e-06	-0.00396780025898557	-0.00133940079197532	-0.000371795374030118
0.305060793347011	0.694939206652989	381.535990007434	0.00518235360753439	0.000417172877260214	2.58432382560199e-06	-0.00386191052712493	-0.00135643332974770	-0.000365281402709253
0.299729407234747	0.700270592765253	384.463031191729	0.00507266248477344	0.000432938252605583	2.52991968256673e-06	-0.00375699392595999	-0.00137258572225219	-0.000358897247441479
0.294423299505637	0.705576700494363	387.376194021126	0.00496601118785993	0.000445213052452603	2.62078584965800e-06	-0.00365385528159517	-0.00138663966106304	-0.000352564279906939
0.289143161433451	0.710856838566549	390.275098972035	0.00486208483980120	0.000453257987611991	2.78130855754266e-06	-0.00355366339852664	-0.00139677682580760	-0.000346244147968579
0.283889681315352	0.716110318684648	393.159368155086	0.00476037622649132	0.000457415985640003	2.89899194727638e-06	-0.00345719599916431	-0.00140201485446603	-0.000339905364616254
0.278663544388845	0.721336455611155	396.028625360724	0.00466042538150778	0.000459076146605981	2.94968666290836e-06	-0.00336344881575945	-0.00140359374328508	-0.000333553874071627
0.273465432748842	0.726534567251158	398.882496104742	0.00456190413136918	0.000459547517066428	2.97226075672367e-06	-0.00327103140815570	-0.00140364999679152	-0.000327123119173052
0.268296025264855	0.731703974735145	401.720607673743	0.00446470040530125	0.000459045659979240	2.96849058484600e-06	-0.00317957807576333	-0.00140327515224754	-0.000320539620838426
0.263155997498326	0.736844002501674	404.542589170533	0.00436904526583101	0.000457440076413931	2.94371015679052e-06	-0.00308879485101508	-0.00140294507555115	-0.000313819030790106
0.258046021620101	0.741953978379899	407.348071559421	0.00427531667546553	0.000454313047193091	2.94423251872868e-06	-0.00299842435423615	-0.00140254467045827	-0.000307062687478299
0.252966766328046	0.747033233671954	410.136687711456	0.00418367602331856	0.000449404781019832	2.98896691150375e-06	-0.00290947666042509	-0.00140144685727899	-0.000300272206522948
0.247918896764818	0.752081103235182	412.908072449569	0.00409410730787397	0.000443657255228161	3.06098022531051e-06	-0.00282253382274005	-0.00139990672399310	-0.000293376022716645
0.242903074435804	0.757096925564196	415.661862593629	0.00400655326032190	0.000437711343401693	3.14966016899120e-06	-0.00273791557642621	-0.00139770858632549	-0.000286336611311293
0.237919957127223	0.762080042872777	418.397697005403	0.00392081651503191	0.000431105710075214	3.23997646614916e-06	-0.00265748926132064	-0.00139226850700839	-0.000279228615147802
0.232970198824409	0.767029801175591	421.115216633425	0.00383657961600290	0.000423503379146959	3.31503457553867e-06	-0.00258348294913316	-0.00138071869900169	-0.000272194379634503
0.228054449630269	0.771945550369731	423.814064557760	0.00375354325144321	0.000414916096095958	3.37566483555793e-06	-0.00251694771108051	-0.00136178443984151	-0.000265363085164882
0.223173355683948	0.776826644316052	426.493886034661	0.00367148034105650	0.000405022879858201	3.42221064612556e-06	-0.00245753675924455	-0.00133546284800632	-0.000258854936855766
0.218327559079678	0.781672440920322	429.154328541120	0.00359031176372439	0.000393647079582314	3.45624183799476e-06	-0.00240363943684624	-0.00130310196248805	-0.000252712825184374
0.213517697785840	0.786482302214160	431.795041819310	0.00351013785286723	0.000380878679307014	3.46373014128109e-06	-0.00235304645413759	-0.00126695427998899	-0.000246950237251572
0.208744405564250	0.791255594435750	434.415677920891	0.00343113536331337	0.000366883936642631	3.41189162348967e-06	-0.00230417147182670	-0.00122883741831674	-0.000241517228458891
0.204008311889652	0.795991688110348	437.015891251218	0.00335349558041080	0.000351815060981401	3.32577309679633e-06	-0.00225566197444915	-0.00119029221287242	-0.000236243545897706
0.199310041869459	0.800689958130541	439.595338613398	0.00327737764799299	0.000335842409991411	3.30190352873008e-06	-0.00220570065235823	-0.00115345470024203	-0.000231010959973450
0.194650216163726	0.805349783836274	442.153679252231	0.00320274203591926	0.000319877920257510	3.40872675478051e-06	-0.00215266897554179	-0.00112102690936446	-0.000225711681849706
0.190029450905376	0.809970549094624	444.690574898006	0.00312923319497681	0.000305061556173652	3.58926656494265e-06	-0.00209624061807742	-0.00109410884253612	-0.000220275545500912
0.185448357620686	0.814551642379314	447.205689810156	0.00305633989007824	0.000291531720665611	3.70246490598766e-06	-0.00203808795490325	-0.00107100830578086	-0.000214754770632640
0.180907543150037	0.819092456849963	449.698690820767	0.00298375451350255	0.000279465087268989	3.68838040735356e-06	-0.00197904343277920	-0.00105051698519925	-0.000209212696943415
0.176407609568943	0.823592390431057	452.169247377937	0.00291153403454194	0.000269410296986273	3.63309104800539e-06	-0.00191918223782894	-0.00103273790437236	-0.000203681096801704
0.171949154109372	0.828050845890628	454.617031588967	0.00283986663645128	0.000261132706799320	3.61966927202003e-06	-0.00185941914705263	-0.00101675824652375	-0.000198178783477451
0.167532769081354	0.832467230918646	457.041718263409	0.00276882224598292	0.000253595161000882	3.62887118014496e-06	-0.00180167822155992	-0.00100021985167555	-0.000192695047805971
0.163159041794901	0.836840958205099	459.442984955925	0.00269841672481333	0.000245835015297221	3.62684366013938e-06	-0.00174743834635909	-0.000981045466616702	-0.000187201384763867
0.158828554482242	0.841171445517758	461.820512008986	0.00262874493964026	0.000237536156704938	3.60733196998423e-06	-0.00169687067714367	-0.000958508023122669	-0.000181715290582820
0.154541884220384	0.845458115779616	464.173982595385	0.00255991188288833	0.000228489533779480	3.59110200708204e-06	-0.00164994304402622	-0.000932412660422550	-0.000176293227357033
0.150299602854011	0.849700397145989	466.503082760571	0.00249194736239917	0.000218418555578988	3.62736084533379e-06	-0.00160634277848821	-0.000902811471957167	-0.000170935647858806
0.146102276918723	0.853897723081277	468.807501464786	0.00242482479345970	0.000206685242415892	3.71595393864762e-06	-0.00156537375948172	-0.000869904866944569	-0.000165728318081396
0.141950467564644	0.858049532435356	471.086930625015	0.00235846807480084	0.000192850446949819	3.77113812231258e-06	-0.00152628892606488	-0.000833893743834570	-0.000160766835847712
0.137844730480385	0.862155269519615	473.341065156721	0.00229281409885774	0.000177218074491790	3.72801366707683e-06	-0.00148870919653049	-0.000795429632517539	-0.000156047794161129
0.133785615817398	0.866214384182602	475.569603015385	0.00222793205201456	0.000160722448394629	3.62713006233463e-06	-0.00145186745928248	-0.000756617874110641	-0.000151584520861706
0.129773668114710	0.870226331885290	477.772245237826	0.00216402736788224	0.000144539408691288	3.53684037325500e-06	-0.00141369284327822	-0.000719816507944040	-0.000147378644506607
0.125809426224064	0.874190573775936	479.948695983296	0.00210131329106080	0.000128335895296961	3.47138574706070e-06	-0.00137382498172235	-0.000685637264977308	-0.000143399886424121
0.121893423235473	0.878106576764527	482.098662574360	0.00203995614644663	0.000112528466490059	3.41533416717237e-06	-0.00133231256666516	-0.000654692265357558	-0.000139585130002685
0.118026186403192	0.881973813596808	484.221855537531	0.00198009270705345	9.77350825497366e-05	3.36286564270459e-06	-0.00128910142099569	-0.000627716925915610	-0.000135928222231839
0.114208237072128	0.885791762927872	486.317988643679	0.00192179415529855	8.35672830972139e-05	3.33358387884239e-06	-0.00124437406222854	-0.000604422112688125	-0.000132379862564451
0.110440090604703	0.889559909395297	488.386778948181	0.00186504860945208	7.00159160942700e-05	3.36779331468975e-06	-0.00119846849700433	-0.000584322199607610	-0.000128890757832755
0.106722256308167	0.893277743691833	490.427946830828	0.00180973465403480	5.71280532097631e-05	3.48338003084131e-06	-0.00115213344491910	-0.000566765703153482	-0.000125477090085398
0.103055237362387	0.896944762637613	492.441216035472	0.00175560230810511	4.51846937233483e-05	3.64687854252839e-06	-0.00110630111242084	-0.000550859254568871	-0.000122144299277274
0.0994395307481191	0.900560469251881	494.426313709405	0.00170234554740497	3.45155530738897e-05	3.79784366909425e-06	-0.00106168968580700	-0.000535803544596022	-0.000118876535128131
0.0958756271757713	0.904124372824229	496.382970442467	0.00164969830934670	2.53398665005342e-05	3.91362348322111e-06	-0.00101851623896471	-0.000521302054511983	-0.000115618149900666
0.0923640110146816	0.907635988985318	498.310920305881	0.00159746834071248	1.80945231621910e-05	4.00808722806989e-06	-0.000976626385165093	-0.000507656595463585	-0.000112297030010549
0.0889051602229100	0.911094839777090	500.209900890791	0.00154551418479502	1.30470506791172e-05	4.08568609336822e-06	-0.000935910283628539	-0.000495072304837308	-0.000108885619274250
0.0854995462775648	0.914500453722435	502.079653346518	0.00149372678148745	9.90081451230959e-06	4.13732524721215e-06	-0.000896503609213905	-0.000483059093605863	-0.000105407735463671
0.0821476341056758	0.917852365894324	503.919922418512	0.00144204101882930	8.05133270030807e-06	4.14597952191180e-06	-0.000858510008629077	-0.000470915731942915	-0.000101906215225605
0.0788498820156244	0.921150117984376	505.730456485998	0.00139047230716288	7.04053359715157e-06	4.10777150423068e-06	-0.000821745163253412	-0.000458457635582312	-9.84351494683456e-05
0.0756067416291452	0.924393258370855	507.511007599307	0.00133912458299329	6.57745030187880e-06	4.04077867178466e-06	-0.000785806830401928	-0.000445947374761302	-9.50489349639950e-05
0.0724186578139116	0.927581342186088	509.261331516892	0.00128813801131374	6.34280974775414e-06	3.96540593961497e-06	-0.000750363580583007	-0.000433564623875387	-9.17790347125948e-05
0.0692860686167192	0.930713931383281	510.981187742005	0.00123763087742570	5.90794064597228e-06	3.88776525228170e-06	-0.000715393582879511	-0.000421037922635165	-8.86326793671759e-05
0.0662094051972793	0.933790594802721	512.670339559053	0.00118768542600203	4.83335614294260e-06	3.81138874815008e-06	-0.000681176734787208	-0.000407736623441963	-8.56089559774895e-05
0.0631890917626367	0.936810908237363	514.328554069598	0.00113835753972714	2.88246429253661e-06	3.75779587922291e-06	-0.000648076628252054	-0.000393108444343375	-8.27044116798481e-05
0.0602255455022240	0.939774454497776	515.955602228019	0.00108967264282025	1.15951670774003e-07	3.75600538887758e-06	-0.000616343133240570	-0.000376970594028380	-7.99048635875559e-05
0.0573191765235671	0.942680823476433	517.551258876807	0.00104161355297592	-3.22735475581382e-06	3.81214375035117e-06	-0.000586095265820897	-0.000359422583250498	-7.71739930586969e-05
0.0544703877886548	0.945529612211345	519.115302781498	0.000994132308713666	-6.86676517854850e-06	3.90014678974140e-06	-0.000557351435023731	-0.000340693345133382	-7.44513249333957e-05
0.0516795750509863	0.948320424949014	520.647516665242	0.000947185808593047	-1.05001693923997e-05	3.98354448096883e-06	-0.000529989522449423	-0.000321173743618812	-7.16700821935318e-05
0.0489471267933101	0.951052873206690	522.147687242979	0.000900763453958861	-1.37840196821475e-05	4.04096766751321e-06	-0.000503710902085806	-0.000301497065481957	-6.87795632767871e-05
0.0462734241660684	0.953726575833932	523.615605255237	0.000854889641008007	-1.63448555760489e-05	4.07282721402481e-06	-0.000478085357605264	-0.000282487085616028	-6.57550574880014e-05
0.0436588409265598	0.956341159073440	525.051065501533	0.000809608227546460	-1.78631289270789e-05	4.09216771074284e-06	-0.000452690815320411	-0.000264920420057116	-6.25954135105692e-05
0.0411037433788358	0.958896256621164	526.453866873370	0.000764962457824495	-1.82018674024894e-05	4.11138451556144e-06	-0.000427301101534615	-0.000249201295203913	-5.93168877444469e-05
0.0386084903143440	0.961391509685656	527.823812386828	0.000720981505358346	-1.74565600710582e-05	4.13249256215661e-06	-0.000401962302344711	-0.000235217128814862	-5.59502995612240e-05
0.0361734329533311	0.963826567046669	529.160709214729	0.000677679292231043	-1.58660912800404e-05	4.14555585539193e-06	-0.000376881992742216	-0.000222512670921191	-5.25372712067341e-05
0.0337989148870218	0.966201085112978	530.464368718391	0.000635063919483906	-1.36925570168600e-05	4.13568734739512e-06	-0.000352271768808195	-0.000210577091899059	-4.91222389687165e-05
0.0314852720205855	0.968514727979415	531.734606478929	0.000593150361613247	-1.11775012322399e-05	4.09270618015869e-06	-0.000328278035476337	-0.000198999888726831	-4.57438418894544e-05
0.0292328325169062	0.970767167483094	532.971242328138	0.000551968633571025	-8.54692235775178e-06	4.01657565211898e-06	-0.000304988355286377	-0.000187487671068080	-4.24300171957413e-05
0.0270419167411694	0.972958083258831	534.174100378909	0.000511564426147531	-6.00516366297152e-06	3.91619661353587e-06	-0.000282453928714326	-0.000175844020986845	-3.91977800495708e-05
0.0249128372062784	0.975087162793722	535.343009055197	0.000471994617077156	-3.71220902691196e-06	3.80413859444673e-06	-0.000260701670952780	-0.000163960663386203	-3.60557617819295e-05
0.0228458985191177	0.977154101480882	536.477801121525	0.000433321814870423	-1.76583521114157e-06	3.69158623648191e-06	-0.000239731350250571	-0.000151818027948046	-3.30073860752419e-05
0.0208413973276735	0.979158602672327	537.578313712018	0.000395610198661982	-2.00886585582764e-07	3.58609089397656e-06	-0.000219506497226842	-0.000139481450015026	-3.00537924337329e-05
0.0188996222690284	0.981100377730972	538.644388358950	0.000358922354939556	9.95804760172637e-07	3.49189786010491e-06	-0.000199956209752017	-0.000127080429715164	-2.71959402775130e-05
0.0170208539182421	0.982979146081758	539.675871020814	0.000323316102981134	1.86427034247565e-06	3.41097860031847e-06	-0.000180994711966537	-0.000114771133908418	-2.44354663350931e-05
0.0152053647381345	0.984794635261866	540.672612109889	0.000288841336266032	2.45363222453170e-06	3.34353120874630e-06	-0.000162547634543895	-0.000102697440138079	-2.17745489212327e-05
0.0134534190299828	0.986546580970017	541.634466519310	0.000255537831863488	2.81169749712014e-06	3.28828698652441e-06	-0.000144569479643476	-9.09669569602735e-05	-1.92154305435954e-05
0.0117652728851487	0.988234727114851	542.561293649627	0.000223434752800990	2.98099045691262e-06	3.24324524566424e-06	-0.000127046612537728	-7.96467906099006e-05	-1.67599877589583e-05
0.0101411741376478	0.989858825862352	543.452957434840	0.000192551737651473	2.99866626703273e-06	3.20661306745965e-06	-0.000109990572065549	-6.87726639734240e-05	-1.44094036064683e-05
0.00858136231767676	0.991418637682323	544.309326367922	0.000162900917154607	2.89801555275212e-06	3.17737095592564e-06	-9.34287879620984e-05	-5.83622349054505e-05	-1.21639567878856e-05
0.00708606860611093	0.992913931393889	545.130273525792	0.000134489149532732	2.71054496769703e-06	3.15526155047861e-06	-7.73966532786794e-05	-4.84272172906150e-05	-1.00229918422453e-05
0.00565551578998667	0.994344484210013	545.915676593762	0.000107319988594649	2.46930244064910e-06	3.14036638483873e-06	-6.19319545494087e-05	-3.89841472048379e-05	-7.98507509977445e-06
0.00428991821898296	0.995710081781017	546.665417889427	8.13951660788993e-05	2.21622573489314e-06	3.13254558464346e-06	-4.70714724347689e-05	-3.00694253779593e-05	-6.04825726152826e-06
0.00298948176291382	0.997010518237086	547.379384386004	5.67155831369811e-05	2.02437437581872e-06	3.13101567037716e-06	-3.28491595969531e-05	-2.17808556197286e-05	-4.21035701517692e-06
0.00175440377024761	0.998245596229752	548.057467735104	3.32819207053046e-05	2.10433549293726e-06	3.13258503716968e-06	-1.92951742008179e-05	-1.44781058875679e-05	-2.46921668717635e-06
0.000584873027665375	0.999415126972335	548.699564288937	1.10944760779208e-05	-8.19674116877426e-06	3.13439787654120e-06	-6.43524821763909e-06	1.21634135481205e-05	-8.22908559727944e-07
