# Postprocessed results of turbulent pipe flow 
# Reynolds stress transporation term: k 
# ------------------------------------------------------------------
# uTau = 0.0288969 
# nu = 5.26316e-05 
# ------------------------------------------------------------------
# r	 1-r	 y+	 production	 Turbulent_Transport	 Viscous_Transport	  Pressure_Strain	 Pressure_Transport	 Viscous_Dissipation	 
# ------------------------------------------------------------------
1	0	0	1.27751201103939e-43	-2.05638155349084e-06	0.219733021482082	0	4.54758107059632e-05	-0.223876743794967
0.999843634831413	0.000156365168586969	0.0858477098836341	5.89670855564873e-07	2.54885146120928e-06	0.217149886672978	0	0.00161164182611380	-0.220682099749557
0.999620009577120	0.000379990422879950	0.208622597198260	8.55569918919945e-06	2.08894279440260e-05	0.212363053003010	0	0.00374357523790178	-0.216525768590716
0.999329180940144	0.000670819059855998	0.368293530812136	4.77034735867902e-05	9.71412301036636e-05	0.205122880459689	0	0.00620750584591414	-0.211748572412848
0.998971214558560	0.00102878544144003	0.564824474065191	0.000174666235035614	0.000325956012998265	0.197155762488527	0	0.00880656111596590	-0.206676438741772
0.998546184981803	0.00145381501819697	0.798174497776510	0.000500562378567504	0.000883659028779142	0.188592028537887	0	0.0113454250221388	-0.201564331970092
0.998054175645816	0.00194582435418400	1.06829779388872	0.00121744524835845	0.00205279080900423	0.179249814056545	0	0.0136507241994724	-0.196553392420569
0.997495278847047	0.00250472115295297	1.37514368974388	0.00262589597591558	0.00422083567797267	0.168579362553558	0	0.0155873841908753	-0.191645763468457
0.996869595715303	0.00313040428469702	1.71865666298748	0.00515583924707976	0.00782163332312435	0.155706794229661	0	0.0170685936097718	-0.186706551986300
0.996177236185482	0.00382276381451796	2.09877635708788	0.00936774207529582	0.0131941966660647	0.139620306532724	0	0.0180581168494360	-0.181506640143954
0.995418318968177	0.00458168103182299	2.51543759747570	0.0159183969437221	0.0203705210282417	0.119497089173050	0	0.0185651110953401	-0.175812634670766
0.994592971519191	0.00540702848080898	2.96857040828029	0.0254785287382833	0.0288642998600182	0.0950901036714247	0	0.0186330891228931	-0.169505572707675
0.993701330007952	0.00629866999204798	3.45810002967085	0.0386017721594157	0.0375770221618220	0.0670247943959365	0	0.0183256828756897	-0.162681327523706
0.992743539284848	0.00725646071515196	3.98394693579006	0.0555650284205113	0.0449193614447577	0.0368554633831175	0	0.0177122334307357	-0.155678975379478
0.991719752847504	0.00828024715249598	4.54602685326878	0.0762211216258852	0.0491552755039832	0.00681955844299414	0	0.0168560282030425	-0.149011881137714
0.990630132805992	0.00936986719400801	5.14425078032636	0.0999142395248024	0.0488629350481216	-0.0206392311843634	0	0.0158071877732424	-0.143224303411844
0.989474849847014	0.0105251501529861	5.77852500643504	0.125498039564463	0.0433415391054327	-0.0434090970608356	0	0.0146009473809950	-0.138732630761966
0.988254083197046	0.0117459168029540	6.44875113255453	0.151466479061631	0.0328140785844225	-0.0601261624266718	0	0.0132607130000877	-0.135714029025007
0.986968020584472	0.0130319794155280	7.15482609192143	0.176170203656348	0.0183655790213569	-0.0703534695514583	0	0.0118041911834758	-0.134078307539826
0.985616858200714	0.0143831417992860	7.89664217138941	0.198063247743786	0.00166165271901399	-0.0745112428424662	0	0.0102503513270659	-0.133519938157729
0.984200800660372	0.0157991993396280	8.67408703331338	0.215917827832558	-0.0154375324021016	-0.0736319087813940	0	0.00862502795745230	-0.133617415145994
0.982720060960387	0.0172799390396130	9.48704373796967	0.228960333145882	-0.0312408571625162	-0.0690493489490253	0	0.00696363885612176	-0.133938234765491
0.981174860438240	0.0188251395617600	10.3353907665059	0.236910165789690	-0.0444777165819231	-0.0621186749854631	0	0.00531053086237868	-0.134117905725842
0.979565428729205	0.0204345712707950	11.2190020444095	0.239931819599185	-0.0544056329453334	-0.0540216381219288	0	0.00371543582082699	-0.133900117368708
0.977892003722657	0.0221079962773429	12.1377469654963	0.238529441361195	-0.0607922518338867	-0.0456692732146101	0	0.00222835612534891	-0.133141839715930
0.976154831517465	0.0238451684825350	13.0914904163998	0.233418581740079	-0.0638152292048343	-0.0376844675496847	0	0.000894328529239196	-0.131795675167556
0.974354166376462	0.0256458336235380	14.0800928015685	0.225404441619154	-0.0639261244172184	-0.0304360458552868	0	-0.000251009863878335	-0.129882303219871
0.972490270680033	0.0275097293199670	15.1034100687475	0.215284790389067	-0.0617159040801818	-0.0240970205692193	0	-0.00118425538498644	-0.127462625719078
0.970563414878803	0.0294365851211970	16.1612937349527	0.203784264112418	-0.0578054790783497	-0.0187064305574102	0	-0.00189526611614406	-0.124615229539910
0.968573877445463	0.0314261225545370	17.2535909129206	0.191518428373607	-0.0527710472321418	-0.0142217385634447	0	-0.00238688349785620	-0.121421309319664
0.966521944825738	0.0334780551742619	18.3801443380264	0.178981483950868	-0.0471048167258664	-0.0105560440121205	0	-0.00267337382131065	-0.117957443779724
0.964407911388503	0.0355920886114970	19.5407923956731	0.166550011696922	-0.0412012124617230	-0.00760276498160579	0	-0.00277793220522990	-0.114293238438915
0.962232079375076	0.0377679206249240	20.7353691491290	0.154495857926300	-0.0353551427918580	-0.00525376123740013	0	-0.00272994233572541	-0.110488891134044
0.959994758847687	0.0400052411523130	21.9637043678203	0.143003299131492	-0.0297690317142216	-0.00341117520742028	0	-0.00256204440715038	-0.106593623173164
0.957696267637144	0.0423037323628560	23.2256235560636	0.132187200943266	-0.0245695553095391	-0.00199012765920743	0	-0.00230712527927955	-0.102647548170139
0.955336931289705	0.0446630687102950	24.5209479822333	0.122109913564853	-0.0198288211235055	-0.000914875147980377	0	-0.00199599802306025	-0.0986857419251081
0.952917083013175	0.0470829169868250	25.8494947083568	0.112795450156803	-0.0155818502762618	-0.000116099742643847	0	-0.00165548475660112	-0.0947418103516410
0.950437063622234	0.0495629363777660	27.2110766201294	0.104240403497013	-0.0118352606108905	0.000466104036427403	0	-0.00130762777267703	-0.0908465172790235
0.947897221483009	0.0521027785169910	28.6055024573461	0.0964222774196773	-0.00857201882962188	0.000878494862535127	0	-0.000969561943252014	-0.0870246528466664
0.945297912456914	0.0547020875430860	30.0325768447344	0.0893060691176661	-0.00575986605892685	0.00115662020062614	0	-0.000653399749233231	-0.0832958495200495
0.942639499843758	0.0573605001562419	31.4921003231890	0.0828490555054526	-0.00336052748501835	0.00132909322311545	0	-0.000366876496422094	-0.0796763418863327
0.939922354324138	0.0600776456758620	32.9838693813999	0.0770040726389092	-0.00133432263340749	0.00141953034622084	0	-0.000114453104350952	-0.0761792132561801
0.937146853901133	0.0628531460988671	34.5076764878624	0.0717221391841022	0.000357442272014746	0.00144787340674789	0	0.000102152338495223	-0.0728146555623757
0.934313383841311	0.0656866161586890	36.0633101232667	0.0669546073787756	0.00175201422382506	0.00143169132732025	0	0.000282709589319332	-0.0695900151226572
0.931422336615055	0.0685776633849450	37.6505548132596	0.0626546669525537	0.00288580141356244	0.00138587914498003	0	0.000427392940395939	-0.0665099705920233
0.928474111836232	0.0715258881637680	39.2691911615674	0.0587781722749122	0.00379532360211532	0.00132129631512436	0	0.000537433694574792	-0.0635774594646079
0.925469116201205	0.0745308837987950	40.9189958834796	0.0552838240496056	0.00451625740514245	0.00124501083148898	0	0.000614310192925799	-0.0607927037694242
0.922407763427212	0.0775922365727880	42.5997418396805	0.0521332724908631	0.00507829272036106	0.00116308827938625	0	0.000658959927821885	-0.0581537372081370
0.919290474190117	0.0807095258098830	44.3111980704245	0.0492911872033373	0.00550316741966177	0.00108141349421068	0	0.000673448347336513	-0.0556574373103163
0.916117676061545	0.0838823239384550	46.0531298300509	0.0467254159833859	0.00580918328401615	0.00100341822209168	0	0.000661183359619138	-0.0532990326712784
0.912889803445421	0.0871101965545790	47.8252986218251	0.0444066775376798	0.00601420619484304	0.000929787599713156	0	0.000626752310193641	-0.0510722584135367
0.909607297513914	0.0903927024860860	49.6274622331066	0.0423081632647848	0.00613567993540242	0.000860439435835815	0	0.000575721997110927	-0.0489710173542545
0.906270606142804	0.0937293938571960	51.4593747708336	0.0404052666432754	0.00618847942124954	0.000795381894516632	0	0.000513144897346876	-0.0469896919540695
0.902880183846292	0.0971198161537080	53.3207866973144	0.0386751265629788	0.00618352904167727	0.000733218858035231	0	0.000443511115675502	-0.0451212804613534
0.899436491711240	0.100563508288760	55.2114448663303	0.0370967710144825	0.00613359787048839	0.000670707688173968	0	0.000369166923177577	-0.0433570197262539
0.895939997330883	0.104060002669117	57.1310925595293	0.0356517735809873	0.00605288828983441	0.000606451947029890	0	0.000290890392982156	-0.0416894711897177
0.892391174738006	0.107608825261994	59.0794695231133	0.0343244068823342	0.00595099786346746	0.000542913864838514	0	0.000208924958200230	-0.0401139500152847
0.888790504337598	0.111209495662402	61.0563120048128	0.0331009709768349	0.00583279424303758	0.000483845366748652	0	0.000123340599269932	-0.0386255415338300
0.885138472839000	0.114861527161000	63.0613527911382	0.0319695170540825	0.00570004672289613	0.000432237929439398	0	3.57032171578954e-05	-0.0372192339981908
0.881435573187558	0.118564426812442	65.0943212449048	0.0309195682534003	0.00555106606963303	0.000388890366762361	0	-5.12490173631073e-05	-0.0358909916854143
0.877682304495790	0.122317695504210	67.1549433430227	0.0299422293440156	0.00538760955353424	0.000351762407379927	0	-0.000135238395013893	-0.0346347740165275
0.873879171974071	0.126120828025929	69.2429417145523	0.0290301355525506	0.00521565319732838	0.000319301390551383	0	-0.000215016507653133	-0.0334443015790214
0.870026686860865	0.129973313139135	71.3580356790088	0.0281760953509499	0.00503643019171401	0.000291583100304873	0	-0.000290141050086889	-0.0323160080557408
0.866125366352492	0.133874633647508	73.4999412849213	0.0273721598568761	0.00485357828383140	0.000267062644047123	0	-0.000361421117601853	-0.0312450004628485
0.862175733532462	0.137824266467538	75.6683713486297	0.0266109987944776	0.00467893824415383	0.000243733521811300	0	-0.000429385208344735	-0.0302262353951198
0.858178317300365	0.141821682699635	77.8630354933259	0.0258874447028727	0.00451842343161938	0.000222025419001613	0	-0.000492719818717806	-0.0292569194118976
0.854133652300347	0.145866347699653	80.0836401883217	0.0251982410514175	0.00436324865951819	0.000203518821520091	0	-0.000548490016165245	-0.0283344221293841
0.850042278849173	0.149957721150827	82.3298887885438	0.0245409566817005	0.00420093450006359	0.000188882545044685	0	-0.000593342441504511	-0.0274573066645305
0.845904742863879	0.154095257136121	84.6014815742547	0.0239133627778971	0.00402938143795340	0.000176752750213992	0	-0.000626584132982534	-0.0266227152033058
0.841721595789039	0.158278404210961	86.8981157909837	0.0233136563655587	0.00385770499691167	0.000165303390683952	0	-0.000651469781038073	-0.0258267871310992
0.837493394523648	0.162506605476352	89.2194856896706	0.0227404238579971	0.00369356832469865	0.000154566041759945	0	-0.000672071600272349	-0.0250677210175261
0.833220701347626	0.166779298652374	91.5652825670161	0.0221919597389777	0.00353788172848625	0.000144244555199589	0	-0.000690798728779915	-0.0243435117219709
0.828904083847960	0.171095916152040	93.9351948060315	0.0216661679725914	0.00339152598933352	0.000133059126491402	0	-0.000708121388715239	-0.0236505757854559
0.824544114844492	0.175455885155508	96.3289079167821	0.0211614999800918	0.00325378175472587	0.000122328822913874	0	-0.000722849643468718	-0.0229874944437680
0.820141372315360	0.179858627684640	98.7461045773225	0.0206771315357189	0.00311844513264406	0.000114635842350282	0	-0.000733987053933978	-0.0223540169996527
0.815696439322097	0.184303560677903	101.186464674818	0.0202116600985675	0.00298200788051893	0.000109641787474856	0	-0.000741718047506742	-0.0217477397215961
0.811209903934409	0.188790096065591	103.649665346844	0.0197629592677052	0.00284910494664038	0.000105117136432732	0	-0.000747470326922511	-0.0211661309911922
0.806682359154624	0.193317640845376	106.135381022864	0.0193296432911856	0.00272414893915164	9.95880554456209e-05	0	-0.000752205131292217	-0.0206080443772089
0.802114402841833	0.197885597158167	108.643283465879	0.0189111772648394	0.00260732818424465	9.24007165722387e-05	0	-0.000755202451123183	-0.0200725750832633
0.797506637635731	0.202493362364269	111.173041814237	0.0185066369534209	0.00249829840161057	8.36597426862265e-05	0	-0.000755471852673889	-0.0195585501283802
0.792859670880154	0.207140329119846	113.724322623619	0.0181146754317022	0.00239579520175861	7.44544177230799e-05	0	-0.000752168436688416	-0.0190652560500927
0.788174114546334	0.211825885453666	116.296789909167	0.0177345255031770	0.00229738381597416	6.64267082476603e-05	0	-0.000745995965687277	-0.0185909487645265
0.783450585155874	0.216549414844126	118.890105187777	0.0173660415848370	0.00220100057692379	6.13476554866852e-05	0	-0.000738426150562464	-0.0181352296306955
0.778689703703445	0.221310296296555	121.503927520538	0.0170088553028396	0.00210666672643408	5.97170715267482e-05	0	-0.000730469784634309	-0.0176982785426268
0.773892095579227	0.226107904420773	124.137913555312	0.0166618995607530	0.00201743726301953	6.00012303062029e-05	0	-0.000722789904114541	-0.0172784489179608
0.769058390491086	0.230941609508914	126.791717569465	0.0163237093711808	0.00193703860606622	6.04065764043461e-05	0	-0.000716514188412002	-0.0168738854916343
0.764189222386498	0.235810777613502	129.464991512727	0.0159930536686474	0.00186663815764859	6.00634565572235e-05	0	-0.000713122477036421	-0.0164835848815828
0.759285229374239	0.240714770625761	132.157385050189	0.0156693867995814	0.00180582331435506	5.83056112182674e-05	0	-0.000713128746252154	-0.0161063433076131
0.754347053645831	0.245652946354169	134.868545605431	0.0153529775805852	0.00175534461219108	5.42900765974509e-05	0	-0.000715732616614826	-0.0157416686373768
0.749375341396759	0.250624658603241	137.598118403774	0.0150443333361475	0.00171449366896407	4.79496149745366e-05	0	-0.000719075676932434	-0.0153894331782178
0.744370742747468	0.255629257252532	140.345746515654	0.0147436598998731	0.00167802600011310	4.07820076483796e-05	0	-0.000721808286880602	-0.0150493281564227
0.739333911664138	0.260666088335862	143.111070900119	0.0144513368255405	0.00164012254243777	3.46638373741145e-05	0	-0.000722716681250800	-0.0147211882022393
0.734265505879254	0.265734494120746	145.893730448439	0.0141681645810394	0.00159888737577949	3.03570346478896e-05	0	-0.000720580762759632	-0.0144044083166509
0.729166186811968	0.270833813188032	148.693362027828	0.0138946646470781	0.00155453356191447	2.82264378370983e-05	0	-0.000714731376078041	-0.0140986093249991
0.724036619488265	0.275963380511735	151.509600525271	0.0136306856646739	0.00150648043206953	2.88624162315123e-05	0	-0.000704754605859383	-0.0138039296258591
0.718877472460931	0.281122527539069	154.342078891469	0.0133751844249369	0.00145458507667691	3.18052842949295e-05	0	-0.000691367375594340	-0.0135194114253759
0.713689417729342	0.286310582270658	157.190428184874	0.0131267976138646	0.00140110093188830	3.53259338447220e-05	0	-0.000676689842693309	-0.0132436668892972
0.708473130659065	0.291526869340935	160.054277615829	0.0128846712061305	0.00134886606840943	3.73358645513863e-05	0	-0.000663013513722981	-0.0129761333254177
0.703229289901287	0.296770710098713	162.933254590802	0.0126483166494168	0.00130377112893306	3.63943983383754e-05	0	-0.000652231706077372	-0.0127160040646581
0.697958577312074	0.302041422687926	165.826984756719	0.0124169414737958	0.00127061332499206	3.34149301160502e-05	0	-0.000645568876725852	-0.0124633574624910
0.692661677871460	0.307338322128540	168.735092045381	0.0121892812074759	0.00124723868528550	3.07041123956036e-05	0	-0.000643203520433817	-0.0122185465159010
0.687339279602379	0.312660720397621	171.657198717975	0.0119643977762074	0.00123174434892713	2.92989286943899e-05	0	-0.000644758377871531	-0.0119808514823038
0.681992073489444	0.318007926510556	174.592925409664	0.0117423897265833	0.00122179930517452	2.91271019767305e-05	0	-0.000649148056843509	-0.0117498014716831
0.676620753397569	0.323379246602431	177.541891174267	0.0115239091603011	0.00121261610865175	2.97813400925830e-05	0	-0.000654364810770997	-0.0115250209837667
0.671226015990454	0.328773984009546	180.503713529013	0.0113095965265503	0.00120203975220734	3.00150340205857e-05	0	-0.000658166125095693	-0.0113064118202639
0.665808560648919	0.334191439351081	183.478008499372	0.0110998979492134	0.00119258657612870	2.86058821677010e-05	0	-0.000658893478200817	-0.0110937908215755
0.660369089389109	0.339630910610891	186.464390663970	0.0108947583384157	0.00118627997690805	2.62322233104379e-05	0	-0.000656195624573071	-0.0108869450134222
0.654908306780563	0.345091693219437	189.462473199566	0.0106936980894735	0.00117958423948444	2.47349119393782e-05	0	-0.000650444896952549	-0.0106857842920096
0.649426919864154	0.350573080135846	192.471867926104	0.0104964570487754	0.00116763255818712	2.47344968347662e-05	0	-0.000642052912827282	-0.0104902193645625
0.643925638069911	0.356074361930089	195.492185351833	0.0103032668420940	0.00115064271674472	2.52500745335077e-05	0	-0.000631099426168970	-0.0102997403919183
0.638405173134712	0.361594826865288	198.523034718494	0.0101145692923802	0.00113251143522149	2.51825739144059e-05	0	-0.000617820286862104	-0.0101138889013089
0.632866239019867	0.367133760980133	201.564024046570	0.00993064734135311	0.00111588939101668	2.45719822572845e-05	0	-0.000603794922189531	-0.00993287980184465
0.627309551828592	0.372690448171408	204.614760180592	0.00975097160177825	0.00110177747915636	2.42216733292766e-05	0	-0.000590770338947600	-0.00975702648539006
0.621735829723362	0.378264170276638	207.674848834515	0.00957412766523637	0.00109184997246019	2.43930081050038e-05	0	-0.000580102437052486	-0.00958614279837068
0.616145792843178	0.383854207156822	210.743894637142	0.00939917152852336	0.00108795066020387	2.47411591749397e-05	0	-0.000572807876286702	-0.00941994995728933
0.610540163220713	0.389459836779287	213.821501177609	0.00922608009215171	0.00108997060023330	2.49837148377840e-05	0	-0.000568672942932881	-0.00925805924943406
0.604919664699380	0.395080335300620	216.907271050920	0.00905478973301970	0.00109657611159509	2.51434124503230e-05	0	-0.000566520675001128	-0.00910012934432885
0.599285022850289	0.400714977149711	220.000805903536	0.00888492964437308	0.00110595070517097	2.55300192611964e-05	0	-0.000564903291804145	-0.00894608801722756
0.593636964889124	0.406363035110876	223.101706479014	0.00871641021618183	0.00111613127677776	2.61196337582743e-05	0	-0.000562827639600132	-0.00879562727756789
0.587976219592931	0.412023780407069	226.209572663690	0.00854948042572952	0.00112672588336605	2.65216434406108e-05	0	-0.000559713496580545	-0.00864819004137346
0.582303517216817	0.417696482783183	229.324003532417	0.00838428499690490	0.00113837382878262	2.69729790324416e-05	0	-0.000555386948677686	-0.00850348500178326
0.576619589410575	0.423380410589425	232.444597394331	0.00822066684836991	0.00114974464007258	2.76967662552277e-05	0	-0.000549951069603072	-0.00836181660729806
0.570925169135227	0.429074830864773	235.570951838682	0.00805864694703337	0.00115918793839692	2.75509058100087e-05	0	-0.000543308364432774	-0.00822270746293265
0.565220990579495	0.434779009420505	238.702663780684	0.00789898913437536	0.00116801218567296	2.56032412341444e-05	0	-0.000535346783502822	-0.00808570765194747
0.559507789076198	0.440492210923802	241.839329507418	0.00774271021606370	0.00117769077951410	2.29111966926406e-05	0	-0.000526173354280590	-0.00795122731582010
0.553786301018579	0.446213698981421	244.980544723772	0.00759003617645193	0.00118689065005403	2.09677533459170e-05	0	-0.000516504461065452	-0.00781961447588631
0.548057263776576	0.451942736223424	248.125904598408	0.00744058878241168	0.00119436572515716	2.01126298466536e-05	0	-0.000507827723887926	-0.00769095224377819
0.542321415613017	0.457678584386983	251.275003809770	0.00729422201141890	0.00120133365122136	1.97820687625026e-05	0	-0.000501421481721070	-0.00756560433077901
0.536579495599765	0.463420504400235	254.427436592129	0.00715112569444618	0.00121106118152961	1.93307062466889e-05	0	-0.000498433090749953	-0.00744307721658092
0.530832243533805	0.469167756466195	257.582796781648	0.00701129206775815	0.00122574038966129	1.90834961644309e-05	0	-0.000499878130713923	-0.00732335659819413
0.525080399853270	0.474919600146730	260.740677862484	0.00687421032659451	0.00124400340815294	1.97773390381292e-05	0	-0.000505594262751611	-0.00720648611451029
0.519324705553426	0.480675294446574	263.900673012920	0.00673929261455337	0.00126401454399060	2.12586372164141e-05	0	-0.000514014746539560	-0.00709177748296357
0.513565902102602	0.486434097897398	267.062375151515	0.00660652298981701	0.00128486310130941	2.30468152359260e-05	0	-0.000522857346153171	-0.00697905599925994
0.507804731358077	0.492195268641923	270.225376983288	0.00647623297727492	0.00130414184868729	2.49175125172272e-05	0	-0.000530379174806957	-0.00686840316659309
0.502041935481924	0.497958064518076	273.389271045919	0.00634850757945788	0.00132056020247165	2.63610595274423e-05	0	-0.000536013889376089	-0.00675973265059050
0.496278256856815	0.503721743143185	276.553649755974	0.00622305422009738	0.00133651405483745	2.66769889119244e-05	0	-0.000539848696773645	-0.00665288641702180
0.490514438001784	0.509485561998216	279.718105455156	0.00609938699365802	0.00135363189690489	2.57107563828781e-05	0	-0.000541947062062842	-0.00654778616514813
0.484751221487969	0.515248778512031	282.882230456558	0.00597726517148773	0.00137001912023010	2.40166543924056e-05	0	-0.000542264735418463	-0.00644458903156936
0.478989349854306	0.521010650145694	286.045617090957	0.00585681253037889	0.00138339537905913	2.23626611021323e-05	0	-0.000540852776774295	-0.00634342760367071
0.473229565523204	0.526770434476796	289.207857753101	0.00573808005402836	0.00139472135683710	2.12298890329808e-05	0	-0.000538344991883405	-0.00624439870426088
0.467472610716199	0.532527389283801	292.368544948025	0.00562060889804176	0.00140656823714932	2.06662150413964e-05	0	-0.000535469062860549	-0.00614739689866290
0.461719227369571	0.538280772630429	295.527271337374	0.00550361389499131	0.00142075901378497	2.06819935775123e-05	0	-0.000532800019615734	-0.00605206243353259
0.455970157049960	0.544029842950040	298.683629785733	0.00538682058728074	0.00143697842011974	2.16438622810430e-05	0	-0.000530802543829309	-0.00595877780556459
0.450226140869945	0.549773859130055	301.837213406976	0.00527078206257035	0.00145327006337180	2.35275797165177e-05	0	-0.000529383404844379	-0.00586768184323319
0.444487919403631	0.555512080596369	304.987615610611	0.00515644544307066	0.00146955353292807	2.55788279842624e-05	0	-0.000528339873177943	-0.00577839786239710
0.438756232602203	0.561243767397797	308.134430148142	0.00504471903125276	0.00148694883715503	2.72923635952648e-05	0	-0.000528080099268467	-0.00569119507560808
0.433031819709497	0.566968180290503	311.277251159420	0.00493600438449826	0.00150537230479458	2.85423883687717e-05	0	-0.000529132987824670	-0.00560611888266465
0.427315419177542	0.572684580822458	314.415673219016	0.00482989970719293	0.00152473061815731	2.91332631422929e-05	0	-0.000531292896993636	-0.00552270337817693
0.421607768582124	0.578392231417876	317.549291382579	0.00472537570816859	0.00154490211761543	2.91300526572473e-05	0	-0.000533710403112542	-0.00544048108380884
0.415909604538331	0.584090395461669	320.677701233196	0.00462115979282088	0.00156556704277229	2.89727607950781e-05	0	-0.000535551234153064	-0.00535936399940431
0.410221662616125	0.589778337383875	323.800498927754	0.00451639189466349	0.00158634543141680	2.88034780691996e-05	0	-0.000536185307506549	-0.00527954486825720
0.404544677255905	0.595455322744095	326.917281243290	0.00441112574609538	0.00160700416748886	2.81975937270331e-05	0	-0.000534837345320060	-0.00520111354780388
0.398879381684094	0.601120618315906	330.027645623343	0.00430599382669961	0.00162756470941471	2.69199655898662e-05	0	-0.000530893144763121	-0.00512424981872405
0.393226507828735	0.606773492171265	333.131190224286	0.00420157082180714	0.00164750420975932	2.55354076196388e-05	0	-0.000524516482282176	-0.00504934185268843
0.387586786235116	0.612413213764884	336.227513961655	0.00409807305022022	0.00166641260715513	2.51476936646066e-05	0	-0.000516829092020330	-0.00497633807307962
0.381960945981408	0.618039054018592	339.316216556462	0.00399543862627234	0.00168461357971636	2.65845661078779e-05	0	-0.000509439231521597	-0.00490516285910592
0.376349714594339	0.623650285405661	342.396898581494	0.00389357773444070	0.00170325895638104	2.94421867413995e-05	0	-0.000503704404476686	-0.00483551855969981
0.370753817964895	0.629246182035105	345.469161507595	0.00379254141688971	0.00172399525358614	3.22567301641862e-05	0	-0.000500105331725866	-0.00476694371758763
0.365173980264058	0.634826019735942	348.532607749927	0.00369250322123110	0.00174790617100830	3.38838517848500e-05	0	-0.000498410651102847	-0.00469931868920627
0.359610923858582	0.640389076141418	351.586840714207	0.00359365212191239	0.00177499826892445	3.43997004201764e-05	0	-0.000498245331810373	-0.00463267301572243
0.354065369226816	0.645934630773184	354.631464842930	0.00349613527080035	0.00180385525823077	3.47402679660260e-05	0	-0.000499229611295301	-0.00456736067100235
0.348538034874574	0.651461965125426	357.666085661550	0.00340006804010904	0.00183275473810857	3.57657925087774e-05	0	-0.000500994447737479	-0.00450377810222737
0.343029637251054	0.656970362748946	360.690309824648	0.00330553788183481	0.00186116162844430	3.77219180614905e-05	0	-0.000503170904255344	-0.00444218109961791
0.337540890664821	0.662459109335179	363.703745162056	0.00321252217357265	0.00188949131783918	4.01548041589102e-05	0	-0.000505463426007635	-0.00438233843907372
0.332072507199845	0.667927492800155	366.706000724954	0.00312078309416294	0.00191886359153928	4.23535495289935e-05	0	-0.000507945981279947	-0.00432371316789038
0.326625196631611	0.673374803368389	369.696686831929	0.00302999230094056	0.00194997894878162	4.39432546161430e-05	0	-0.000510850921014407	-0.00426615328935407
0.321199666343296	0.678800333656704	372.675415114994	0.00293998878778692	0.00198244955426913	4.47594845044610e-05	0	-0.000514068861313904	-0.00420959262451576
0.315796621242029	0.684203378757971	375.641798565562	0.00285090774037688	0.00201562444029178	4.47801598016927e-05	0	-0.000517362806121490	-0.00415386008791422
0.310416763675224	0.689583236324776	378.595451580386	0.00276314605628595	0.00204852305499809	4.45076168555295e-05	0	-0.000520429828064746	-0.00409909449199417
0.305060793347011	0.694939206652989	381.535990007434	0.00267716950583775	0.00207988568938191	4.47476768547664e-05	0	-0.000522895514208424	-0.00404572430798604
0.299729407234747	0.700270592765253	384.463031191729	0.00259327636627039	0.00210887862034729	4.58799573627646e-05	0	-0.000524477272424308	-0.00399405511940002
0.294423299505637	0.705576700494363	387.376194021126	0.00251150275509219	0.00213542920608322	4.75399050368445e-05	0	-0.000524949091509601	-0.00394403485336269
0.289143161433451	0.710856838566549	390.275098972035	0.00243168445111685	0.00216015296858361	4.89119060975886e-05	0	-0.000524142398419712	-0.00389531513931960
0.283889681315352	0.716110318684648	393.159368155086	0.00235357682326984	0.00218384010426273	4.94223360872239e-05	0	-0.000521950903266453	-0.00384767151612907
0.278663544388845	0.721336455611155	396.028625360724	0.00227696443831940	0.00220673365079052	4.92126020681060e-05	0	-0.000518460914646552	-0.00380125359407711
0.273465432748842	0.726534567251158	398.882496104742	0.00220169934278481	0.00222858638449463	4.87531133819926e-05	0	-0.000513990589926156	-0.00375628359356501
0.268296025264855	0.731703974735145	401.720607673743	0.00212774758293518	0.00224944434745953	4.82482504014365e-05	0	-0.000508960103562390	-0.00371271425693658
0.263155997498326	0.736844002501674	404.542589170533	0.00205524053685633	0.00226974359384749	4.77288029148109e-05	0	-0.000503684687666638	-0.00367046712657249
0.258046021620101	0.741953978379899	407.348071559421	0.00198436890148350	0.00228942348712319	4.74409526706671e-05	0	-0.000498174088974362	-0.00362953006263594
0.252966766328046	0.747033233671954	410.136687711456	0.00191521886148603	0.00230754093710384	4.77776474099134e-05	0	-0.000492176481891319	-0.00358977860073608
0.247918896764818	0.752081103235182	412.908072449569	0.00184779234759672	0.00232383692178845	4.88231534044241e-05	0	-0.000485577061348513	-0.00355138651842611
0.242903074435804	0.757096925564196	415.661862593629	0.00178207104072462	0.00233878241924680	5.02791053965989e-05	0	-0.000478243962519914	-0.00351460381717277
0.237919957127223	0.762080042872777	418.397697005403	0.00171797630394490	0.00235259642175859	5.18210385491337e-05	0	-0.000470060131497467	-0.00347947563441159
0.232970198824409	0.767029801175591	421.115216633425	0.00165538217175557	0.00236535449105860	5.31655248861617e-05	0	-0.000461180553354252	-0.00344574250623725
0.228054449630269	0.771945550369731	423.814064557760	0.00159417172883363	0.00237740882316845	5.39230206158291e-05	0	-0.000451790204377364	-0.00341311171314139
0.223173355683948	0.776826644316052	426.493886034661	0.00153426201094999	0.00238966986513711	5.38810320832232e-05	0	-0.000442092001250500	-0.00338129256314216
0.218327559079678	0.781672440920322	429.154328541120	0.00147563288556448	0.00240260319408900	5.33909760838639e-05	0	-0.000432411197975896	-0.00335027202178009
0.213517697785840	0.786482302214160	431.795041819310	0.00141833389169211	0.00241584396939116	5.30108110766756e-05	0	-0.000423104275752490	-0.00332032227002953
0.208744405564250	0.791255594435750	434.415677920891	0.00136244080552341	0.00242881495780955	5.29498937302433e-05	0	-0.000414396498201987	-0.00329156461107825
0.204008311889652	0.795991688110348	437.015891251218	0.00130802503239533	0.00244159527320776	5.30591964690339e-05	0	-0.000406527830170697	-0.00326394944898160
0.199310041869459	0.800689958130541	439.595338613398	0.00125513909187794	0.00245489655807531	5.31166803390698e-05	0	-0.000399752245611322	-0.00323726187753634
0.194650216163726	0.805349783836274	442.153679252231	0.00120375941385786	0.00246918284786123	5.30855424669610e-05	0	-0.000394307613422950	-0.00321127442147639
0.190029450905376	0.809970549094624	444.690574898006	0.00115375459294926	0.00248444558776352	5.30434894678111e-05	0	-0.000390103308700062	-0.00318582114922184
0.185448357620686	0.814551642379314	447.205689810156	0.00110494759121496	0.00250046379782951	5.31013489142234e-05	0	-0.000386909743130177	-0.00316101499688778
0.180907543150037	0.819092456849963	449.698690820767	0.00105724181980634	0.00251696065551647	5.34329454949067e-05	0	-0.000384737878468776	-0.00313699853672925
0.176407609568943	0.823592390431057	452.169247377937	0.00101066436943022	0.00253381923021034	5.40373312602286e-05	0	-0.000383517301904627	-0.00311373713592287
0.171949154109372	0.828050845890628	454.617031588967	0.000965279368192774	0.00255110930745852	5.46309681898562e-05	0	-0.000383031240290747	-0.00309131592598156
0.167532769081354	0.832467230918646	457.041718263409	0.000921107015612748	0.00256853886284090	5.48936941089547e-05	0	-0.000383001437971721	-0.00306985557833619
0.163159041794901	0.836840958205099	459.442984955925	0.000878147346530385	0.00258546656557660	5.47589028733375e-05	0	-0.000383099334200787	-0.00304928999048672
0.158828554482242	0.841171445517758	461.820512008986	0.000836422875899021	0.00260165837908655	5.44557877611886e-05	0	-0.000383130293066236	-0.00302968746824314
0.154541884220384	0.845458115779616	464.173982595385	0.000795955217162800	0.00261723408832071	5.42347096784249e-05	0	-0.000383032574402122	-0.00301125735888474
0.150299602854011	0.849700397145989	466.503082760571	0.000756738350905871	0.00263190346631417	5.42207648354047e-05	0	-0.000382798768447124	-0.00299395991055173
0.146102276918723	0.853897723081277	468.807501464786	0.000718751534522579	0.00264500904435848	5.44847155346488e-05	0	-0.000382100382613565	-0.00297753927860602
0.141950467564644	0.858049532435356	471.086930625015	0.000681963305563679	0.00265679622666756	5.50520915781365e-05	0	-0.000380918508799609	-0.00296141365620186
0.137844730480385	0.862155269519615	473.341065156721	0.000646347024191378	0.00266764654728219	5.58747846433418e-05	0	-0.000379418609807188	-0.00294508523283115
0.133785615817398	0.866214384182602	475.569603015385	0.000611908999244274	0.00267799812996293	5.67400909182145e-05	0	-0.000377896449898174	-0.00292836084882370
0.129773668114710	0.870226331885290	477.772245237826	0.000578688259011549	0.00268806934931423	5.74142026131511e-05	0	-0.000376530544480560	-0.00291153502653001
0.125809426224064	0.874190573775936	479.948695983296	0.000546720878847254	0.00269710450210836	5.79656796877367e-05	0	-0.000374676370957699	-0.00289477824660912
0.121893423235473	0.878106576764527	482.098662574360	0.000516026690272587	0.00270545475511513	5.85864019742706e-05	0	-0.000372575773795962	-0.00287792153393898
0.118026186403192	0.881973813596808	484.221855537531	0.000486611990144002	0.00271397021178069	5.92972781942198e-05	0	-0.000370874681494145	-0.00286100447894044
0.114208237072128	0.885791762927872	486.317988643679	0.000458464719147991	0.00272235395115365	6.00593709496586e-05	0	-0.000369305575379771	-0.00284410977933000
0.110440090604703	0.889559909395297	488.386778948181	0.000431551899261559	0.00272992685321615	6.08701719898600e-05	0	-0.000367380994232841	-0.00282730281735082
0.106722256308167	0.893277743691833	490.427946830828	0.000405818328876733	0.00273671151867969	6.17190147763331e-05	0	-0.000365171509383604	-0.00281071366956517
0.103055237362387	0.896944762637613	492.441216035472	0.000381185456379863	0.00274326299611558	6.26280446756972e-05	0	-0.000363068892971107	-0.00279436021859802
0.0994395307481191	0.900560469251881	494.426313709405	0.000357570438981053	0.00274986707312184	6.37522813039895e-05	0	-0.000361260487652244	-0.00277827993053617
0.0958756271757713	0.904124372824229	496.382970442467	0.000334905279753473	0.00275625348726213	6.52942609675260e-05	0	-0.000359581073876451	-0.00276258891453030
0.0923640110146816	0.907635988985318	498.310920305881	0.000313141967077610	0.00276212579323819	6.72514256073323e-05	0	-0.000357737869871450	-0.00274737704051617
0.0889051602229100	0.911094839777090	500.209900890791	0.000292246020884026	0.00276747014388499	6.93598374944881e-05	0	-0.000355637247031719	-0.00273269957317928
0.0854995462775648	0.914500453722435	502.079653346518	0.000272191311249985	0.00277247608688947	7.13118669851226e-05	0	-0.000353327899017808	-0.00271854415766210
0.0821476341056758	0.917852365894324	503.919922418512	0.000252961040224669	0.00277722365753340	7.30228057297863e-05	0	-0.000350768809878957	-0.00270498007862239
0.0788498820156244	0.921150117984376	505.730456485998	0.000234552028806221	0.00278162358611191	7.46238870137865e-05	0	-0.000347879460369837	-0.00269213336516835
0.0756067416291452	0.924393258370855	507.511007599307	0.000216973317560355	0.00278557358860335	7.61950393319689e-05	0	-0.000344652220826724	-0.00268001591892155
0.0724186578139116	0.927581342186088	509.261331516892	0.000200235533878093	0.00278905558236192	7.76535341879704e-05	0	-0.000341141161150757	-0.00266858010517422
0.0692860686167192	0.930713931383281	510.981187742005	0.000184341609546259	0.00279215877161095	7.88551526773965e-05	0	-0.000337391423687513	-0.00265777274515354
0.0662094051972793	0.933790594802721	512.670339559053	0.000169285725772631	0.00279500535125586	7.96827888824501e-05	0	-0.000333399138538354	-0.00264751941712135
0.0631890917626367	0.936810908237363	514.328554069598	0.000155055841101060	0.00279763441755642	8.00810049242612e-05	0	-0.000329123984961839	-0.00263772739369535
0.0602255455022240	0.939774454497776	515.955602228019	0.000141634220204089	0.00279994679955311	8.00745100515436e-05	0	-0.000324515613716820	-0.00262829394597413
0.0573191765235671	0.942680823476433	517.551258876807	0.000128997103194944	0.00280174165910661	7.97803107288228e-05	0	-0.000319541801502063	-0.00261910979164050
0.0544703877886548	0.945529612211345	519.115302781498	0.000117117358715400	0.00280279842699432	7.93993832093612e-05	0	-0.000314206212962681	-0.00261010103219045
0.0516795750509863	0.948320424949014	520.647516665242	0.000105969092262956	0.00280297423163820	7.91569264051040e-05	0	-0.000308538085574267	-0.00260124002894215
0.0489471267933101	0.951052873206690	522.147687242979	9.55301889454256e-05	0.00280226401019976	7.92229033544411e-05	0	-0.000302590258865415	-0.00259253292336769
0.0462734241660684	0.953726575833932	523.615605255237	8.57816001568932e-05	0.00280077795494730	7.96609699918159e-05	0	-0.000296452947248417	-0.00258401038834639
0.0436588409265598	0.956341159073440	525.051065501533	7.67050414095830e-05	0.00279869798460028	8.04116779520135e-05	0	-0.000290246659984287	-0.00257571526325999
0.0411037433788358	0.958896256621164	526.453866873370	6.82808846469981e-05	0.00279625283607680	8.13246051168039e-05	0	-0.000284087489782938	-0.00256770934809589
0.0386084903143440	0.961391509685656	527.823812386828	6.04872495045831e-05	0.00279368656042687	8.22369348067924e-05	0	-0.000278064173594615	-0.00256008602206319
0.0361734329533311	0.963826567046669	529.160709214729	5.33004143128215e-05	0.00279120438423370	8.30485931640601e-05	0	-0.000272243604250147	-0.00255295558804202
0.0337989148870218	0.966201085112978	530.464368718391	4.66959605526260e-05	0.00278891813673522	8.37516267563037e-05	0	-0.000266685022130263	-0.00254641278956526
0.0314852720205855	0.968514727979415	531.734606478929	4.06498158527695e-05	0.00278682891630714	8.44131855030507e-05	0	-0.000261444754464772	-0.00254051367992579
0.0292328325169062	0.970767167483094	532.971242328138	3.51386503584003e-05	0.00278486356680844	8.51354491532144e-05	0	-0.000256571400487039	-0.00253527084065442
0.0270419167411694	0.972958083258831	534.174100378909	3.01396402286053e-05	0.00278293598020171	8.60172415707207e-05	0	-0.000252100766781066	-0.00253066106008769
0.0249128372062784	0.975087162793722	535.343009055197	2.56299759667917e-05	0.00278098956218586	8.71293004501676e-05	0	-0.000248055494131698	-0.00252663774512483
0.0228458985191177	0.977154101480882	536.477801121525	2.15864639023144e-05	0.00277900768844727	8.84985866327960e-05	0	-0.000244447264842991	-0.00252314095064744
0.0208413973276735	0.979158602672327	537.578313712018	1.79853315589087e-05	0.00277700957006615	9.00956851648243e-05	0	-0.000241277911992792	-0.00252010170143237
0.0188996222690284	0.981100377730972	538.644388358950	1.48021742364850e-05	0.00277504531958744	9.18331035388571e-05	0	-0.000238538481626579	-0.00251744606484727
0.0170208539182421	0.982979146081758	539.675871020814	1.20119730750781e-05	0.00277318538207590	9.35854428691262e-05	0	-0.000236208072936225	-0.00251510447529803
0.0152053647381345	0.984794635261866	540.672612109889	9.58918281374588e-06	0.00277149986245193	9.52260631612569e-05	0	-0.000234254546727555	-0.00251302266609922
0.0134534190299828	0.986546580970017	541.634466519310	7.50791041605730e-06	0.00277003705903667	9.66606619178345e-05	0	-0.000232637733216710	-0.00251116719298580
0.0117652728851487	0.988234727114851	542.561293649627	5.74217063004390e-06	0.00276881361911829	9.78423432842756e-05	0	-0.000231314238379439	-0.00250952306551862
0.0101411741376478	0.989858825862352	543.452957434840	4.26616875982522e-06	0.00276781891702624	9.87673428872043e-05	0	-0.000230242149829240	-0.00250808643084199
0.00858136231767676	0.991418637682323	544.309326367922	3.05455888298839e-06	0.00276702694448576	9.94605869453840e-05	0	-0.000229384203927644	-0.00250685712338437
0.00708606860611093	0.992913931393889	545.130273525792	2.08264749863747e-06	0.00276640772893681	9.99605549166521e-05	0	-0.000228708962078355	-0.00250583387980608
0.00565551578998667	0.994344484210013	545.915676593762	1.32653650384382e-06	0.00276593421174818	0.000100308179201875	0	-0.000228190455760792	-0.00250501222970913
0.00428991821898296	0.995710081781017	546.665417889427	7.63214713153971e-07	0.00276558446190840	0.000100540443742654	0	-0.000227807108149157	-0.00250438394559471
0.00298948176291382	0.997010518237086	547.379384386004	3.70612913608613e-07	0.00276534103527006	0.000100687574045496	0	-0.000227540585788829	-0.00250393715216177
0.00175440377024761	0.998245596229752	548.057467735104	1.27636423511656e-07	0.00276518946576586	0.000100765333210479	0	-0.000227374909204202	-0.00250365668778094
0.000584873027665375	0.999415126972335	548.699564288937	1.41844294900944e-08	0.00276490505985422	0.000100832370440497	0	-0.000227064418858124	-0.00250352464332013
