# Postprocessed results of turbulent pipe flow 
# Reynolds stress transporation term: k 
# ------------------------------------------------------------------
# uTau = 0.0288969 
# nu = 5.26316e-05 
# ------------------------------------------------------------------
# r	 1-r	 y+	 production	 Turbulent_Transport	 Viscous_Transport	  Pressure_Strain	 Pressure_Transport	 Viscous_Dissipation	 
# ------------------------------------------------------------------
1	0	0	0	1.51200163894552e-10	5.45210999328194e-06	-8.64215062646016e-21	9.09516214119264e-05	-4.10272734940598e-33
0.999843634831413	0.000156365168586969	0.0858477098836341	0	-1.62122702628528e-10	2.82405357627006e-05	-0.00328010004770586	0.00322328365222760	-7.41579820352062e-06
0.999620009577120	0.000379990422879950	0.208622597198260	0	-3.70175350536122e-09	8.26765753796503e-05	-0.00759996329855014	0.00748715047580356	-4.14879693021949e-05
0.999329180940144	0.000670819059855998	0.368293530812136	0	-3.57858698629523e-08	0.000204912396408945	-0.0126081369624972	0.0124150116918283	-0.000120615770401557
0.998971214558560	0.00102878544144003	0.564824474065191	0	-2.08480787920991e-07	0.000408563103806700	-0.0179100260977821	0.0176131222319318	-0.000260761042035965
0.998546184981803	0.00145381501819697	0.798174497776510	0	-8.61158075780390e-07	0.000701155734815777	-0.0231085837077767	0.0226908500442776	-0.000472011415874991
0.998054175645816	0.00194582435418400	1.06829779388872	0	-2.75657978588166e-06	0.00107665687675887	-0.0278445707591563	0.0273014483989448	-0.000756632581195402
0.997495278847047	0.00250472115295297	1.37514368974388	0	-7.20956344677944e-06	0.00151556779189514	-0.0318298606550959	0.0311747683817506	-0.00110894326501216
0.996869595715303	0.00313040428469702	1.71865666298748	0	-1.59100002525229e-05	0.00198789103714839	-0.0348693964499106	0.0341371872195437	-0.00151700158760994
0.996177236185482	0.00382276381451796	2.09877635708788	0	-3.01640003993605e-05	0.00245810019024922	-0.0368689104534185	0.0361162336988720	-0.00196557525097823
0.995418318968177	0.00458168103182299	2.51543759747570	0	-4.94053193349969e-05	0.00289083926141619	-0.0378281432541409	0.0371302221906802	-0.00243969813905040
0.994592971519191	0.00540702848080898	2.96857040828029	0	-6.91432590139920e-05	0.00325603816827061	-0.0378222243534665	0.0372661782457863	-0.00292801722112745
0.993701330007952	0.00629866999204798	3.45810002967085	0	-7.89149117458775e-05	0.00353243944108642	-0.0369758116181647	0.0366513657513794	-0.00342520142026696
0.992743539284848	0.00725646071515196	3.98394693579006	0	-6.10988978492666e-05	0.00370904625604995	-0.0354352594033703	0.0354244668614714	-0.00393292958764660
0.991719752847504	0.00828024715249598	4.54602685326878	0	8.55396089628967e-06	0.00378456082431431	-0.0333440207049848	0.0337120564060851	-0.00445929108243565
0.990630132805992	0.00936986719400801	5.14425078032636	0	0.000158180539035838	0.00376534021606911	-0.0308252252881531	0.0316143755464847	-0.00501682019214132
0.989474849847014	0.0105251501529861	5.77852500643504	0	0.000414998655717526	0.00366261966862823	-0.0279733486825285	0.0292018947619900	-0.00561970960456313
0.988254083197046	0.0117459168029540	6.44875113255453	0	0.000799226810858108	0.00348974507506932	-0.0248545871908462	0.0265214260001755	-0.00628088503520338
0.986968020584472	0.0130319794155280	7.15482609192143	0	0.00131797127432447	0.00325999788751206	-0.0215136612002353	0.0236083823669517	-0.00700956492122031
0.985616858200714	0.0143831417992860	7.89664217138941	0	0.00196048445891992	0.00298533977280719	-0.0179837797497797	0.0205007026541317	-0.00780971539158128
0.984200800660372	0.0157991993396280	8.67408703331338	0	0.00269608197882163	0.00267609125556816	-0.0142963944435903	0.0172500559149046	-0.00867953143164067
0.982720060960387	0.0172799390396130	9.48704373796967	0	0.00347552649475763	0.00234127923760993	-0.0104882499462316	0.0139272777122435	-0.00961181395611873
0.981174860438240	0.0188251395617600	10.3353907665059	0	0.00423581839599989	0.00198927249973776	-0.00660461612015474	0.0106210617247574	-0.0105949570946954
0.979565428729205	0.0204345712707950	11.2190020444095	0	0.00490751736930978	0.00162834520891946	-0.00269863921432081	0.00743087164165399	-0.0116142409745051
0.977892003722657	0.0221079962773429	12.1377469654963	0	0.00542320174823627	0.00126690305045489	0.00117174006426815	0.00445671225069782	-0.0126531507473692
0.976154831517465	0.0238451684825350	13.0914904163998	0	0.00572548018051743	0.000913315536347291	0.00494763306362414	0.00178865705847839	-0.0136945334799499
0.974354166376462	0.0256458336235380	14.0800928015685	0	0.00577323989828548	0.000575484230002023	0.00857344524898077	-0.000502019727756671	-0.0147215370075147
0.972490270680033	0.0275097293199670	15.1034100687475	0	0.00554529475287470	0.000260330748775557	0.0120002515984073	-0.00236851076997288	-0.0157183375845456
0.970563414878803	0.0294365851211970	16.1612937349527	0	0.00504125331382555	-2.65905552869530e-05	0.0151876598019167	-0.00379053223228811	-0.0166706774034775
0.968573877445463	0.0314261225545370	17.2535909129206	0	0.00428009071918201	-0.000281257170013861	0.0181054987299096	-0.00477376699571239	-0.0175662860787293
0.966521944825738	0.0334780551742619	18.3801443380264	0	0.00329709289253871	-0.000501227816789400	0.0207340909176839	-0.00534674764262130	-0.0183951475094643
0.964407911388503	0.0355920886114970	19.5407923956731	0	0.00213973197335405	-0.000685591955565614	0.0230632047965831	-0.00555586441045981	-0.0191495271187988
0.962232079375076	0.0377679206249240	20.7353691491290	0	0.000862845909688186	-0.000834762944986180	0.0250914409515291	-0.00545988467145082	-0.0198239298301688
0.959994758847687	0.0400052411523130	21.9637043678203	0	-0.000476337002236194	-0.000950248789638001	0.0268248640755879	-0.00512408881430076	-0.0204150006480792
0.957696267637144	0.0423037323628560	23.2256235560636	0	-0.00182273103615596	-0.00103448806679350	0.0282747191678081	-0.00461425055855911	-0.0209212513144226
0.955336931289705	0.0446630687102950	24.5209479822333	0	-0.00312655296670433	-0.00109074282606885	0.0294560019733293	-0.00399199604612050	-0.0213427232581388
0.952917083013175	0.0470829169868250	25.8494947083568	0	-0.00434537082235226	-0.00112284042912792	0.0303849548314987	-0.00331096951320223	-0.0216807833496588
0.950437063622234	0.0495629363777660	27.2110766201294	0	-0.00544553464096931	-0.00113462682196002	0.0310784201396639	-0.00261525554535406	-0.0219380669932063
0.947897221483009	0.0521027785169910	28.6055024573461	0	-0.00640263780928120	-0.00112956288825527	0.0315538465675484	-0.00193912388650403	-0.0221183578905805
0.945297912456914	0.0547020875430860	30.0325768447344	0	-0.00720157749436364	-0.00111067965564594	0.0318278086593126	-0.00130679949846646	-0.0222262738297744
0.942639499843758	0.0573605001562419	31.4921003231890	0	-0.00783628105438686	-0.00108059698590109	0.0319173792851400	-0.000733752992844189	-0.0222669808632936
0.939922354324138	0.0600776456758620	32.9838693813999	0	-0.00830847879771765	-0.00104152557427744	0.0318414237842578	-0.000228906208701904	-0.0222459764453297
0.937146853901133	0.0628531460988671	34.5076764878624	0	-0.00862554555164857	-0.000995450598259094	0.0316179921038520	0.000204304676990447	-0.0221688038560534
0.934313383841311	0.0656866161586890	36.0633101232667	0	-0.00879808202850678	-0.000944274067386301	0.0312650067460814	0.000565419178638664	-0.0220409406354646
0.931422336615055	0.0685776633849450	37.6505548132596	0	-0.00883891660660657	-0.000889691234301168	0.0308026586411971	0.000854785880791877	-0.0218678752758809
0.928474111836232	0.0715258881637680	39.2691911615674	0	-0.00876215737070158	-0.000833138189203844	0.0302484311879544	0.00107486738914958	-0.0216547805829106
0.925469116201205	0.0745308837987950	40.9189958834796	0	-0.00858100438168515	-0.000775870297596953	0.0296183549652316	0.00122862038585160	-0.0214066619011112
0.922407763427212	0.0775922365727880	42.5997418396805	0	-0.00830763993771470	-0.000718939796687669	0.0289294331224503	0.00131791985564377	-0.0211283455148610
0.919290474190117	0.0807095258098830	44.3111980704245	0	-0.00795446745984111	-0.000663201272366787	0.0281954911599329	0.00134689669467303	-0.0208243522283403
0.916117676061545	0.0838823239384550	46.0531298300509	0	-0.00753552539986053	-0.000609373606200898	0.0274290817316918	0.00132236671923828	-0.0204988944662416
0.912889803445421	0.0871101965545790	47.8252986218251	0	-0.00706660106640480	-0.000557938682321186	0.0266416549229110	0.00125350462038728	-0.0201558637175969
0.909607297513914	0.0903927024860860	49.6274622331066	0	-0.00656360740284287	-0.000509141158552961	0.0258413305773671	0.00115144399422185	-0.0197988240750824
0.906270606142804	0.0937293938571960	51.4593747708336	0	-0.00604138927423111	-0.000463088269441777	0.0250366965094802	0.00102628979469375	-0.0194309830285511
0.902880183846292	0.0971198161537080	53.3207866973144	0	-0.00551255816587109	-0.000419783108554153	0.0242335083934074	0.000887022231351004	-0.0190552370134784
0.899436491711240	0.100563508288760	55.2114448663303	0	-0.00498623258999440	-0.000379053570165564	0.0234387915832141	0.000738333846355155	-0.0186743092445263
0.895939997330883	0.104060002669117	57.1310925595293	0	-0.00446985980218208	-0.000340720759433080	0.0226610725512665	0.000581780785964312	-0.0182904544576118
0.892391174738006	0.107608825261994	59.0794695231133	0	-0.00396940569882608	-0.000304961837680755	0.0219073511422736	0.000417849916400459	-0.0179055404297750
0.888790504337598	0.111209495662402	61.0563120048128	0	-0.00348881712049101	-0.000272009321101518	0.0211840944671838	0.000246681198539865	-0.0175210959495354
0.885138472839000	0.114861527161000	63.0613527911382	0	-0.00303217748716814	-0.000241923752748363	0.0204929720965452	7.14064343157909e-05	-0.0171384883870395
0.881435573187558	0.118564426812442	65.0943212449048	0	-0.00260383491318034	-0.000214705947033240	0.0198337742545825	-0.000102498034726215	-0.0167588153665839
0.877682304495790	0.122317695504210	67.1549433430227	0	-0.00220681430848435	-0.000190213518923376	0.0192054663570958	-0.000270476790027786	-0.0163830842701185
0.873879171974071	0.126120828025929	69.2429417145523	0	-0.00184160829484064	-0.000168306724463077	0.0186072575487198	-0.000430033015306266	-0.0160121805377369
0.870026686860865	0.129973313139135	71.3580356790088	0	-0.00150539163210534	-0.000148877976013894	0.0180357058761772	-0.000580282100173779	-0.0156467357101667
0.866125366352492	0.133874633647508	73.4999412849213	0	-0.00119409565211819	-0.000131537232598597	0.0174899568193293	-0.000722842235203706	-0.0152874011274685
0.862175733532462	0.137824266467538	75.6683713486297	0	-0.000906072010982347	-0.000115638638683080	0.0169693403582127	-0.000858770416689469	-0.0149346839687593
0.858178317300365	0.141821682699635	77.8630354933259	0	-0.000643847095984262	-0.000100742713217503	0.0164730658100531	-0.000985439637435611	-0.0145890010169402
0.854133652300347	0.145866347699653	80.0836401883217	0	-0.000411371642917983	-8.68475848005340e-05	0.0159992199813504	-0.00109698003233049	-0.0142506667324469
0.850042278849173	0.149957721150827	82.3298887885438	0	-0.000210549476994885	-7.40703672267049e-05	0.0155429773439114	-0.00118668488300902	-0.0139199456532487
0.845904742863879	0.154095257136121	84.6014815742547	0	-4.04351981337103e-05	-6.24949766769019e-05	0.0151025160035113	-0.00125316826596507	-0.0135972156226234
0.841721595789039	0.158278404210961	86.8981157909837	0	0.000102811149336477	-5.23416622265982e-05	0.0146820727507123	-0.00130293956207615	-0.0132826642939482
0.837493394523648	0.162506605476352	89.2194856896706	0	0.000223994205003238	-4.38483687395660e-05	0.0142852076864234	-0.00134414320054470	-0.0129762870499537
0.833220701347626	0.166779298652374	91.5652825670161	0	0.000327230597401518	-3.71104153474679e-05	0.0139122134188753	-0.00138159745755983	-0.0126780006418483
0.828904083847960	0.171095916152040	93.9351948060315	0	0.000416099475897310	-3.19813532543655e-05	0.0135603400338376	-0.00141624277743048	-0.0123878700115409
0.824544114844492	0.175455885155508	96.3289079167821	0	0.000494412966846043	-2.79948121021672e-05	0.0132225896111475	-0.00144569928693744	-0.0121058111181868
0.820141372315360	0.179858627684640	98.7461045773225	0	0.000563789444181117	-2.46591940704888e-05	0.0128953272727175	-0.00146797410786796	-0.0118316626045825
0.815696439322097	0.184303560677903	101.186464674818	0	0.000624191267712756	-2.17280834226014e-05	0.0125778880651020	-0.00148343609501348	-0.0115653328774905
0.811209903934409	0.188790096065591	103.649665346844	0	0.000675918548494892	-1.91027090689732e-05	0.0122729091181495	-0.00149494065384502	-0.0113066972410721
0.806682359154624	0.193317640845376	106.135381022864	0	0.000718920148928343	-1.66864814240339e-05	0.0119823246381854	-0.00150441026258443	-0.0110555294307023
0.802114402841833	0.197885597158167	108.643283465879	0	0.000752773924211393	-1.42838931680394e-05	0.0117044301023249	-0.00151040490224637	-0.0108116847162229
0.797506637635731	0.202493362364269	111.173041814237	0	0.000777062689567922	-1.15928224012437e-05	0.0114373164776950	-0.00151094370534778	-0.0105750485350252
0.792859670880154	0.207140329119846	113.724322623619	0	0.000791675850121062	-8.44990994697102e-06	0.0111788353245462	-0.00150433687337683	-0.0103453883018981
0.788174114546334	0.211825885453666	116.296789909167	0	0.000798957468316598	-5.05792820991871e-06	0.0109283342609207	-0.00149199193137455	-0.0101225412909231
0.783450585155874	0.216549414844126	118.890105187777	0	0.000802502118274750	-1.85188256022600e-06	0.0106860289978150	-0.00147685230112493	-0.00990627592318035
0.778689703703445	0.221310296296555	121.503927520538	0	0.000803718893960266	7.19427210699951e-07	0.0104526186135033	-0.00146093956926862	-0.00969629008261747
0.773892095579227	0.226107904420773	124.137913555312	0	0.000803236628638180	2.37658127725158e-06	0.0102283927426120	-0.00144557980822908	-0.00949242168095653
0.769058390491086	0.230941609508914	126.791717569465	0	0.000802310820624931	3.18230505844905e-06	0.0100139662331384	-0.00143302837682400	-0.00929448659582987
0.764189222386498	0.235810777613502	129.464991512727	0	0.000801529679942441	3.44984660545930e-06	0.00981172682904944	-0.00142624495407284	-0.00910232490491210
0.759285229374239	0.240714770625761	132.157385050189	0	0.000800579950229768	3.51981856360857e-06	0.00962252207759618	-0.00142625749250431	-0.00891586240499173
0.754347053645831	0.245652946354169	134.868545605431	0	0.000799118492805428	3.64223038567514e-06	0.00944505143306289	-0.00143146523322965	-0.00873505502859519
0.749375341396759	0.250624658603241	137.598118403774	0	0.000796225238687363	3.91139227283307e-06	0.00927583961800993	-0.00143815135386487	-0.00855968415785652
0.744370742747468	0.255629257252532	140.345746515654	0	0.000791187944239286	4.30121870391132e-06	0.00911284759522901	-0.00144361657376120	-0.00838939807632835
0.739333911664138	0.260666088335862	143.111070900119	0	0.000783123451394419	4.69449234298922e-06	0.00895408210735863	-0.00144543336250160	-0.00822371398151371
0.734265505879254	0.265734494120746	145.893730448439	0	0.000771246257347037	4.90998860183216e-06	0.00879704324061698	-0.00144116152551926	-0.00806234985230414
0.729166186811968	0.270833813188032	148.693362027828	0	0.000755343068270388	4.86121593957344e-06	0.00864074994272569	-0.00142946275215608	-0.00790511363394266
0.724036619488265	0.275963380511735	151.509600525271	0	0.000734713484846188	4.55045940694816e-06	0.00848473875646900	-0.00140950921171877	-0.00775181641078707
0.718877472460931	0.281122527539069	154.342078891469	0	0.000710158612463742	4.00582332607843e-06	0.00832924682625983	-0.00138273475118868	-0.00760237786134287
0.713689417729342	0.286310582270658	157.190428184874	0	0.000684298848807176	3.36571616599598e-06	0.00817654538969700	-0.00135337968538662	-0.00745682390296648
0.708473130659065	0.291526869340935	160.054277615829	0	0.000659739601341350	2.79136488915013e-06	0.00802833838850583	-0.00132602702744596	-0.00731510295001197
0.703229289901287	0.296770710098713	162.933254590802	0	0.000638804953882287	2.43286457867049e-06	0.00788631813362484	-0.00130446341215474	-0.00717732582331399
0.697958577312074	0.302041422687926	165.826984756719	0	0.000622420189097325	2.42451339825630e-06	0.00775198897403114	-0.00129113775345170	-0.00704344610974891
0.692661677871460	0.307338322128540	168.735092045381	0	0.000610247750030235	2.69004911951937e-06	0.00762563951656408	-0.00128640704086763	-0.00691330570623787
0.687339279602379	0.312660720397621	171.657198717975	0	0.000602445557908384	3.02638403793269e-06	0.00750663192947039	-0.00128951675574306	-0.00678671185974757
0.681992073489444	0.318007926510556	174.592925409664	0	0.000598429068540260	3.28724824545482e-06	0.00739345555018079	-0.00129829611368702	-0.00666347016517187
0.676620753397569	0.323379246602431	177.541891174267	0	0.000596356184081116	3.44208089093331e-06	0.00728350635181107	-0.00130872962154199	-0.00654345561912079
0.671226015990454	0.328773984009546	180.503713529013	0	0.000594286665841382	3.55750654425058e-06	0.00717395083602800	-0.00131633225019139	-0.00642654180702178
0.665808560648919	0.334191439351081	183.478008499372	0	0.000591135669100415	3.71341617035594e-06	0.00706195937199704	-0.00131778695640163	-0.00631261477085023
0.660369089389109	0.339630910610891	186.464390663970	0	0.000587015428042982	3.96794421779813e-06	0.00694669061266990	-0.00131239124914614	-0.00620145876052255
0.654908306780563	0.345091693219437	189.462473199566	0	0.000581806548986597	4.34372071427140e-06	0.00682897952598435	-0.00130088979390510	-0.00609282546098720
0.649426919864154	0.350573080135846	192.471867926104	0	0.000575095237181097	4.88793269526213e-06	0.00671017062431650	-0.00128410582565456	-0.00598658694128326
0.643925638069911	0.356074361930089	195.492185351833	0	0.000565841026682445	5.62575733138241e-06	0.00659141858271194	-0.00126219885233794	-0.00588274682466686
0.638405173134712	0.361594826865288	198.523034718494	0	0.000553235394665138	6.39404433324578e-06	0.00647324568537187	-0.00123564057372421	-0.00578129215825093
0.632866239019867	0.367133760980133	201.564024046570	0	0.000538997152674654	6.92973877231500e-06	0.00635793182530069	-0.00120758984437906	-0.00568218405083874
0.627309551828592	0.372690448171408	204.614760180592	0	0.000525697287137196	7.11538952343889e-06	0.00624662689541932	-0.00118154067789520	-0.00558543562139481
0.621735829723362	0.378264170276638	207.674848834515	0	0.000515142425063171	6.97254385435863e-06	0.00614011139745841	-0.00116020487410497	-0.00549108222218484
0.616145792843178	0.383854207156822	210.743894637142	0	0.000508904641525088	6.55932150493500e-06	0.00603912592211008	-0.00114561575257340	-0.00539911634820077
0.610540163220713	0.389459836779287	213.821501177609	0	0.000507249690913962	6.00746723342931e-06	0.00594297778128177	-0.00113734588586576	-0.00530950844512039
0.604919664699380	0.395080335300620	216.907271050920	0	0.000508940359770346	5.44949345055454e-06	0.00585003645941218	-0.00113304135000226	-0.00522220924447181
0.599285022850289	0.400714977149711	220.000805903536	0	0.000512970211888252	4.91735064966657e-06	0.00575789540365025	-0.00112980658360829	-0.00513700088475937
0.593636964889124	0.406363035110876	223.101706479014	0	0.000518721577813364	4.39641596332770e-06	0.00566484200045246	-0.00112565527920026	-0.00505359694601596
0.587976219592931	0.412023780407069	226.209572663690	0	0.000526077978847569	3.91868314912100e-06	0.00556958163825687	-0.00111942699316109	-0.00497185797294098
0.582303517216817	0.417696482783183	229.324003532417	0	0.000534978248104527	3.60127922969764e-06	0.00547143819764174	-0.00111077389735537	-0.00489171641558105
0.576619589410575	0.423380410589425	232.444597394331	0	0.000545079707567226	3.61526344382226e-06	0.00537105056558445	-0.00109990213920614	-0.00481308490927609
0.570925169135227	0.429074830864773	235.570951838682	0	0.000555811014141695	4.13145322656709e-06	0.00526830360696684	-0.00108661672886555	-0.00473590480340771
0.565220990579495	0.434779009420505	238.702663780684	0	0.000566432377598737	5.21872387629390e-06	0.00516358319929854	-0.00107069356700564	-0.00466013421929722
0.559507789076198	0.440492210923802	241.839329507418	0	0.000576159873834511	6.71319011277639e-06	0.00505795863729161	-0.00105234670856118	-0.00458564517258072
0.553786301018579	0.446213698981421	244.980544723772	0	0.000585175447861482	8.21217426935197e-06	0.00495302339968343	-0.00103300892213090	-0.00451233331091289
0.548057263776576	0.451942736223424	248.125904598408	0	0.000595645767590824	9.37241856662881e-06	0.00485030720157958	-0.00101565544777585	-0.00444025426949899
0.542321415613017	0.457678584386983	251.275003809770	0	0.000609288326447093	1.01528782636405e-05	0.00475076561871180	-0.00100284296344214	-0.00436952280680736
0.536579495599765	0.463420504400235	254.427436592129	0	0.000626496361644573	1.06648885117682e-05	0.00465605072158238	-0.000996866181499907	-0.00430026050606107
0.530832243533805	0.469167756466195	257.582796781648	0	0.000647872658265070	1.09829499396084e-05	0.00456794224111216	-0.000999756261427845	-0.00423242006918569
0.525080399853270	0.474919600146730	260.740677862484	0	0.000672980630936904	1.11354548283780e-05	0.00448644455001963	-0.00101118852550322	-0.00416586561072958
0.519324705553426	0.480675294446574	263.900673012920	0	0.000699656950511766	1.11937911466235e-05	0.00441032134789042	-0.00102802949307912	-0.00410050369011543
0.513565902102602	0.486434097897398	267.062375151515	0	0.000725212398062469	1.12898777722573e-05	0.00433714795361396	-0.00104571469230634	-0.00403626003027180
0.507804731358077	0.492195268641923	270.225376983288	0	0.000747668234413651	1.15279895077342e-05	0.00426506219173967	-0.00106075834961391	-0.00397306573419313
0.502041935481924	0.497958064518076	273.389271045919	0	0.000766612510115702	1.19994654618056e-05	0.00419359848011062	-0.00107202777875218	-0.00391093852393579
0.496278256856815	0.503721743143185	276.553649755974	0	0.000782194980069206	1.27835640490495e-05	0.00412304081201700	-0.00107969739354729	-0.00384995582230526
0.490514438001784	0.509485561998216	279.718105455156	0	0.000794420405785859	1.38157090412006e-05	0.00405335240501363	-0.00108389412412568	-0.00379019734024882
0.484751221487969	0.515248778512031	282.882230456558	0	0.000803550515658722	1.48920800375926e-05	0.00398429059271126	-0.00108452947083693	-0.00373171389623101
0.478989349854306	0.521010650145694	286.045617090957	0	0.000810279336751632	1.57651181073365e-05	0.00391531333338664	-0.00108170555354859	-0.00367450105137583
0.473229565523204	0.526770434476796	289.207857753101	0	0.000815644448782163	1.62436738326986e-05	0.00384718716451284	-0.00107668998376681	-0.00361856536907875
0.467472610716199	0.532527389283801	292.368544948025	0	0.000820559997118207	1.63014592411748e-05	0.00378059862316529	-0.00107093812572110	-0.00356387820994151
0.461719227369571	0.538280772630429	295.527271337374	0	0.000825941454860423	1.60265328726290e-05	0.00371566951397976	-0.00106560003923147	-0.00351038306207598
0.455970157049960	0.544029842950040	298.683629785733	0	0.000832688686663322	1.55315583475759e-05	0.00365252524531178	-0.00106160508765862	-0.00345801677064611
0.450226140869945	0.549773859130055	301.837213406976	0	0.000840735824908192	1.49006213014216e-05	0.00359071033658611	-0.00105876680968876	-0.00340662187186607
0.444487919403631	0.555512080596369	304.987615610611	0	0.000850001176632383	1.41779660192340e-05	0.00352961510714818	-0.00105667974635589	-0.00335608819855708
0.438756232602203	0.561243767397797	308.134430148142	0	0.000860657127669630	1.34389114271152e-05	0.00346977764813238	-0.00105616019853693	-0.00330650486950170
0.433031819709497	0.566968180290503	311.277251159420	0	0.000872883188424081	1.28141564974204e-05	0.00341231021858980	-0.00105826597564934	-0.00325777270282152
0.427315419177542	0.572684580822458	314.415673219016	0	0.000885901802960470	1.24396420491611e-05	0.00335741451547141	-0.00106258579398727	-0.00320995874444457
0.421607768582124	0.578392231417876	317.549291382579	0	0.000898135744235511	1.24180800557464e-05	0.00330433729882263	-0.00106742080622508	-0.00316309188926197
0.415909604538331	0.584090395461669	320.677701233196	0	0.000909011176049225	1.27856841989414e-05	0.00325196218772363	-0.00107110246830613	-0.00311715624881872
0.410221662616125	0.589778337383875	323.800498927754	0	0.000918383529232582	1.34475016670066e-05	0.00319940103793779	-0.00107237061501310	-0.00307221347077945
0.404544677255905	0.595455322744095	326.917281243290	0	0.000925903413088170	1.42045745020339e-05	0.00314566791293480	-0.00106967469064012	-0.00302834214342302
0.398879381684094	0.601120618315906	330.027645623343	0	0.000931250774877272	1.48709429193923e-05	0.00308979023452910	-0.00106178628952624	-0.00298551566340915
0.393226507828735	0.606773492171265	333.131190224286	0	0.000934917489956534	1.53444490785326e-05	0.00303129845347975	-0.00104903296456435	-0.00294368360088387
0.387586786235116	0.612413213764884	336.227513961655	0	0.000938245750194703	1.56471488637093e-05	0.00297109063940046	-0.00103365818404066	-0.00290278351322105
0.381960945981408	0.618039054018592	339.316216556462	0	0.000942691903941680	1.58867127810901e-05	0.00291096843368425	-0.00101887846304319	-0.00286271682195812
0.376349714594339	0.623650285405661	342.396898581494	0	0.000949574369826681	1.61650163343077e-05	0.00285251617760206	-0.00100740880895337	-0.00282342536466403
0.370753817964895	0.629246182035105	345.469161507595	0	0.000959552130423701	1.65303607620655e-05	0.00279603865027261	-0.00100021066345173	-0.00278494950294665
0.365173980264058	0.634826019735942	348.532607749927	0	0.000972460315471391	1.69785361915236e-05	0.00274105410629080	-0.000996821302205695	-0.00274733000952593
0.359610923858582	0.640389076141418	351.586840714207	0	0.000988134597398557	1.74849192000611e-05	0.00268710367263415	-0.000996490663620746	-0.00271057260347364
0.354065369226816	0.645934630773184	354.631464842930	0	0.00100633416963431	1.79816578044957e-05	0.00263380388188162	-0.000998459222590602	-0.00267468187146785
0.348538034874574	0.651461965125426	357.666085661550	0	0.00102638611973199	1.83657446607928e-05	0.00258123364317664	-0.00100198889547496	-0.00263958341975102
0.343029637251054	0.656970362748946	360.690309824648	0	0.00104761409265494	1.85756464624260e-05	0.00252945134219764	-0.00100634180851069	-0.00260517081488838
0.337540890664821	0.662459109335179	363.703745162056	0	0.00106937080924389	1.86109589077141e-05	0.00247853231245318	-0.00101092685201527	-0.00257139826508546
0.332072507199845	0.667927492800155	366.706000724954	0	0.00109132741778564	1.85246796520350e-05	0.00242889141932493	-0.00101589196255989	-0.00253833238181559
0.326625196631611	0.673374803368389	369.696686831929	0	0.00111349081189653	1.84094253295274e-05	0.00238111610307828	-0.00102170184202881	-0.00250605717576275
0.321199666343296	0.678800333656704	372.675415114994	0	0.00113564880250258	1.83572838108418e-05	0.00233504781540677	-0.00102813772262781	-0.00247459844665505
0.315796621242029	0.684203378757971	375.641798565562	0	0.00115763197632484	1.84260521462685e-05	0.00229035217030316	-0.00103472561224298	-0.00244392221264362
0.310416763675224	0.689583236324776	378.595451580386	0	0.00117933771201512	1.86187513106912e-05	0.00224639284324105	-0.00104085965612949	-0.00241403058971429
0.305060793347011	0.694939206652989	381.535990007434	0	0.00120064132027469	1.88879137608697e-05	0.00220244530226231	-0.00104579102841685	-0.00238495240815892
0.299729407234747	0.700270592765253	384.463031191729	0	0.00122142454400609	1.91822628045070e-05	0.00215808885076229	-0.00104895454484862	-0.00235668345813731
0.294423299505637	0.705576700494363	387.376194021126	0	0.00124172118345056	1.94655598488746e-05	0.00211294150281524	-0.00104989818301920	-0.00232921341074769
0.289143161433451	0.710856838566549	390.275098972035	0	0.00126155901686367	1.97020072456800e-05	0.00206658821856981	-0.00104828479683942	-0.00230258027453918
0.283889681315352	0.716110318684648	393.159368155086	0	0.00128073490124493	1.98820106176567e-05	0.00201900921038890	-0.00104390180653291	-0.00227682613056748
0.278663544388845	0.721336455611155	396.028625360724	0	0.00129913791295387	2.00016696067198e-05	0.00197048351613821	-0.00103692182929310	-0.00225195131504294
0.273465432748842	0.726534567251158	398.882496104742	0	0.00131700743653042	2.00207892924722e-05	0.00192130073491070	-0.00102798117985231	-0.00222799194880912
0.268296025264855	0.731703974735145	401.720607673743	0	0.00133456105468241	1.99253276342043e-05	0.00187217345145400	-0.00101792020712478	-0.00220494142453091
0.263155997498326	0.736844002501674	404.542589170533	0	0.00135180946709828	1.97374369982202e-05	0.00182372575252212	-0.00100736937533328	-0.00218264260341690
0.258046021620101	0.741953978379899	407.348071559421	0	0.00136821555810908	1.94879034521752e-05	0.00177645391603069	-0.000996348177948725	-0.00216105510165204
0.252966766328046	0.747033233671954	410.136687711456	0	0.00138305104413305	1.92299481532783e-05	0.00173037946203387	-0.000984352963782638	-0.00213998814026631
0.247918896764818	0.752081103235182	412.908072449569	0	0.00139641043568150	1.89738600289505e-05	0.00168521848906851	-0.000971154122697026	-0.00211948655418370
0.242903074435804	0.757096925564196	415.661862593629	0	0.00140830307416977	1.86778887735218e-05	0.00164051127889857	-0.000956487925039828	-0.00209967873245590
0.237919957127223	0.762080042872777	418.397697005403	0	0.00141848491340478	1.83587277975084e-05	0.00159616015351303	-0.000940120262994934	-0.00208069341905993
0.232970198824409	0.767029801175591	421.115216633425	0	0.00142713401874668	1.80910729169035e-05	0.00155243967888317	-0.000922361106708503	-0.00206259052117689
0.228054449630269	0.771945550369731	423.814064557760	0	0.00143448439059922	1.79018158466489e-05	0.00150927522808389	-0.000903580408754728	-0.00204535825763570
0.223173355683948	0.776826644316052	426.493886034661	0	0.00144077542881623	1.77918068159123e-05	0.00146679029181692	-0.000884184002501001	-0.00202888939418528
0.218327559079678	0.781672440920322	429.154328541120	0	0.00144627670943231	1.77587056296754e-05	0.00142528362831480	-0.000864822395951791	-0.00201307193032120
0.213517697785840	0.786482302214160	431.795041819310	0	0.00145129088186175	1.77517826051294e-05	0.00138528583991072	-0.000846208551504979	-0.00199783150303294
0.208744405564250	0.791255594435750	434.415677920891	0	0.00145627560046377	1.77005849531651e-05	0.00134695926262842	-0.000828792996403974	-0.00198307001027019
0.204008311889652	0.795991688110348	437.015891251218	0	0.00146167438910326	1.75529978836726e-05	0.00131021627460727	-0.000813055660341395	-0.00196884233865622
0.199310041869459	0.800689958130541	439.595338613398	0	0.00146804509069528	1.72903338534182e-05	0.00127513125080633	-0.000799504491222643	-0.00195511641108956
0.194650216163726	0.805349783836274	442.153679252231	0	0.00147562764992225	1.69554379747483e-05	0.00124220893212056	-0.000788615226845899	-0.00194175384119096
0.190029450905376	0.809970549094624	444.690574898006	0	0.00148393856286894	1.66238395439005e-05	0.00121169542311788	-0.000780206617400124	-0.00192863813142744
0.185448357620686	0.814551642379314	447.205689810156	0	0.00149275280695254	1.63599840889672e-05	0.00118302512714198	-0.000773819486260355	-0.00191572737754732
0.180907543150037	0.819092456849963	449.698690820767	0	0.00150219858328868	1.62676648066786e-05	0.00115593118064943	-0.000769475756937551	-0.00190303319184303
0.176407609568943	0.823592390431057	452.169247377937	0	0.00151209629579604	1.64208092650834e-05	0.00113054716435813	-0.000767034603809254	-0.00189066605820792
0.171949154109372	0.828050845890628	454.617031588967	0	0.00152213209664773	1.67589815609382e-05	0.00110670799276937	-0.000766062480581494	-0.00187887944976586
0.167532769081354	0.832467230918646	457.041718263409	0	0.00153196092347508	1.72024467412929e-05	0.00108396922767028	-0.000766002875943442	-0.00186801574948763
0.163159041794901	0.836840958205099	459.442984955925	0	0.00154136081641627	1.77499230675784e-05	0.00106194769003775	-0.000766198668401575	-0.00185828944397194
0.158828554482242	0.841171445517758	461.820512008986	0	0.00155021179931969	1.84161645605387e-05	0.00104040671961351	-0.000766260586132473	-0.00184971287077927
0.154541884220384	0.845458115779616	464.173982595385	0	0.00155848883973714	1.91673944595479e-05	0.00101923053974257	-0.000766065148804243	-0.00184212786546935
0.150299602854011	0.849700397145989	466.503082760571	0	0.00156629156698949	1.99125189824461e-05	0.000998623502432895	-0.000765597536894249	-0.00183532310447151
0.146102276918723	0.853897723081277	468.807501464786	0	0.00157302198797768	2.05971882115925e-05	0.000978379781785274	-0.000764200765227131	-0.00182902375543744
0.141950467564644	0.858049532435356	471.086930625015	0	0.00157850825257817	2.12838378029544e-05	0.000958382095950141	-0.000761837017599217	-0.00182276341613355
0.137844730480385	0.862155269519615	473.341065156721	0	0.00158310302312847	2.20674958899171e-05	0.000938784030219582	-0.000758837219614376	-0.00181614597052010
0.133785615817398	0.866214384182602	475.569603015385	0	0.00158718562545272	2.29524925991681e-05	0.000920028291683916	-0.000755792899796348	-0.00180897943928402
0.129773668114710	0.870226331885290	477.772245237826	0	0.00159113136633540	2.38442709158298e-05	0.000902552914591737	-0.000753061088961119	-0.00180124415970946
0.125809426224064	0.874190573775936	479.948695983296	0	0.00159418221159952	2.47437744195431e-05	0.000885229970078347	-0.000749352741915397	-0.00179299910358183
0.121893423235473	0.878106576764527	482.098662574360	0	0.00159627593502828	2.56962639627927e-05	0.000868708162195735	-0.000745151547591925	-0.00178420724589405
0.118026186403192	0.881973813596808	484.221855537531	0	0.00159816213754856	2.65912631120564e-05	0.000853885516270202	-0.000741749362988291	-0.00177492830332689
0.114208237072128	0.885791762927872	486.317988643679	0	0.00159960752711264	2.73237365766875e-05	0.000840460413101288	-0.000738611150759543	-0.00176530669036542
0.110440090604703	0.889559909395297	488.386778948181	0	0.00160000116339211	2.78745731091443e-05	0.000827932615980386	-0.000734761988465682	-0.00175549319518230
0.106722256308167	0.893277743691833	490.427946830828	0	0.00159957871426366	2.82547512454315e-05	0.000816177856893611	-0.000730343018767208	-0.00174550704498449
0.103055237362387	0.896944762637613	492.441216035472	0	0.00159907550606616	2.85187733984329e-05	0.000805523145025621	-0.000726137785942215	-0.00173529524284007
0.0994395307481191	0.900560469251881	494.426313709405	0	0.00159878120245915	2.87246435810195e-05	0.000796119922924380	-0.000722520975304489	-0.00172492305477675
0.0958756271757713	0.904124372824229	496.382970442467	0	0.00159837562717176	2.89071140411274e-05	0.000787796429937349	-0.000719162147752902	-0.00171452022421702
0.0923640110146816	0.907635988985318	498.310920305881	0	0.00159733682892448	2.90721691752650e-05	0.000780330435627462	-0.000715475739742899	-0.00170427873388451
0.0889051602229100	0.911094839777090	500.209900890791	0	0.00159538241668014	2.92046056837794e-05	0.000773714986748414	-0.000711274494063437	-0.00169437803945758
0.0854995462775648	0.914500453722435	502.079653346518	0	0.00159259850742765	2.92951278505438e-05	0.000767935578465221	-0.000706655798035617	-0.00168494878134749
0.0821476341056758	0.917852365894324	503.919922418512	0	0.00158912653664261	2.93655268828212e-05	0.000762736587567199	-0.000701537619757914	-0.00167608315551022
0.0788498820156244	0.921150117984376	505.730456485998	0	0.00158504218342770	2.94599112599810e-05	0.000757828651085459	-0.000695758920739673	-0.00166781465048185
0.0756067416291452	0.924393258370855	507.511007599307	0	0.00158045917690630	2.95903876420763e-05	0.000753090078819020	-0.000689304441653448	-0.00166012550093124
0.0724186578139116	0.927581342186088	509.261331516892	0	0.00157555541043684	2.97121620346057e-05	0.000748481760390049	-0.000682282322301514	-0.00165297716743988
0.0692860686167192	0.930713931383281	510.981187742005	0	0.00157047348864164	2.97642064953052e-05	0.000743991155577062	-0.000674782847375026	-0.00164631851522715
0.0662094051972793	0.933790594802721	512.670339559053	0	0.00156526174897028	2.97211907970576e-05	0.000739576077995363	-0.000666798277076709	-0.00164007756768621
0.0631890917626367	0.936810908237363	514.328554069598	0	0.00155991682985759	2.96004686732128e-05	0.000735133183831126	-0.000658247969923678	-0.00163414898065647
0.0602255455022240	0.939774454497776	515.955602228019	0	0.00155442490775027	2.94394441417730e-05	0.000730530553503329	-0.000649031227433641	-0.00162839688863335
0.0573191765235671	0.942680823476433	517.551258876807	0	0.00154878228369351	2.92819254405662e-05	0.000725660749386590	-0.000639083603004125	-0.00162268191408890
0.0544703877886548	0.945529612211345	519.115302781498	0	0.00154301814987426	2.91730705152633e-05	0.000720460154790896	-0.000628412425925362	-0.00161688617883798
0.0516795750509863	0.948320424949014	520.647516665242	0	0.00153719032465190	2.91523491628240e-05	0.000714886619042993	-0.000617076171148534	-0.00161092948057264
0.0489471267933101	0.951052873206690	522.147687242979	0	0.00153136554905795	2.92512315469349e-05	0.000708926315520264	-0.000605180517730830	-0.00160478001479748
0.0462734241660684	0.953726575833932	523.615605255237	0	0.00152561364974507	2.94948579087187e-05	0.000702633016966757	-0.000592905894496833	-0.00159845898267947
0.0436588409265598	0.956341159073440	525.051065501533	0	0.00151999869922408	2.98940998060478e-05	0.000696132466645103	-0.000580493319968574	-0.00159203561003705
0.0411037433788358	0.958896256621164	526.453866873370	0	0.00151456945822922	3.04283551849286e-05	0.000689564616335228	-0.000568174979565876	-0.00158561307194143
0.0386084903143440	0.961391509685656	527.823812386828	0	0.00150936869209081	3.10426310913152e-05	0.000683032118778844	-0.000556128347189229	-0.00157931267572322
0.0361734329533311	0.963826567046669	529.160709214729	0	0.00150444582372778	3.16730248446310e-05	0.000676597419173801	-0.000544487208500295	-0.00157325690091373
0.0337989148870218	0.966201085112978	530.464368718391	0	0.00149985414751099	3.22796315905587e-05	0.000670309606758665	-0.000533370044260526	-0.00156755051338582
0.0314852720205855	0.968514727979415	531.734606478929	0	0.00149563593062596	3.28584327462408e-05	0.000664221836637557	-0.000522889508929544	-0.00156226456036059
0.0292328325169062	0.970767167483094	532.971242328138	0	0.00149181166549823	3.34283395618950e-05	0.000658389746584269	-0.000513142800974077	-0.00155743040336431
0.0270419167411694	0.972958083258831	534.174100378909	0	0.00148838226919221	3.40101021402094e-05	0.000652864664622055	-0.000504201533562133	-0.00155304559230848
0.0249128372062784	0.975087162793722	535.343009055197	0	0.00148533865634559	3.46131911612369e-05	0.000647690654312428	-0.000496110988263395	-0.00154908657367020
0.0228458985191177	0.977154101480882	536.477801121525	0	0.00148266926761764	3.52341246199829e-05	0.000642904890835411	-0.000488894529685983	-0.00154552140461585
0.0208413973276735	0.979158602672327	537.578313712018	0	0.00148036149488062	3.58609751361657e-05	0.000638538018748314	-0.000482555823985585	-0.00154231837559673
0.0188996222690284	0.981100377730972	538.644388358950	0	0.00147839903479389	3.64783465803637e-05	0.000634612101664960	-0.000477076963253158	-0.00153945002891202
0.0170208539182421	0.982979146081758	539.675871020814	0	0.00147675909212254	3.70705263631189e-05	0.000631136951155055	-0.000472416145872451	-0.00153689404505516
0.0152053647381345	0.984794635261866	540.672612109889	0	0.00147541166099731	3.76232910987115e-05	0.000628107636630235	-0.000468509093455111	-0.00153463262567728
0.0134534190299828	0.986546580970017	541.634466519310	0	0.00147432124176922	3.81252410162323e-05	0.000625505116048850	-0.000465275466433420	-0.00153265129726839
0.0117652728851487	0.988234727114851	542.561293649627	0	0.00147345028654684	3.85687283781776e-05	0.000623299982718812	-0.000462628476758877	-0.00153093747373147
0.0101411741376478	0.989858825862352	543.452957434840	0	0.00147276292953814	3.89500841363933e-05	0.000621457715114002	-0.000460484299658481	-0.00152947898892910
0.00858136231767676	0.991418637682323	544.309326367922	0	0.00147222755799259	3.92691204026622e-05	0.000619943345265655	-0.000458768407855289	-0.00152826286506709
0.00708606860611093	0.992913931393889	545.130273525792	0	0.00147181766387308	3.95282197591148e-05	0.000618724246635834	-0.000457417924156711	-0.00152727454451686
0.00565551578998667	0.994344484210013	545.915676593762	0	0.00147151141024950	3.97314012611477e-05	0.000617770938839749	-0.000456380911521585	-0.00152649766716744
0.00428991821898296	0.995710081781017	546.665417889427	0	0.00147129073973452	3.98836002203610e-05	0.000617056587364642	-0.000455614216298314	-0.00152591430021914
0.00298948176291382	0.997010518237086	547.379384386004	0	0.00147114063148089	3.99901887003559e-05	0.000616556030492866	-0.000455081171577659	-0.00152550541402081
0.00175440377024761	0.998245596229752	548.057467735104	0	0.00147104868159770	4.00516633147225e-05	0.000616244924850847	-0.000454749818408404	-0.00152525140427533
0.000584873027665375	0.999415126972335	548.699564288937	0	0.00147081865912248	4.01027800500226e-05	0.000616099279971395	-0.000454128837716247	-0.00152513255011630
