# Postprocessed results of turbulent pipe flow 
# Reynolds stress transporation term: k 
# ------------------------------------------------------------------
# uTau = 0.0288969 
# nu = 5.26316e-05 
# ------------------------------------------------------------------
# r	 1-r	 y+	 production	 Turbulent_Transport	 Viscous_Transport	  Pressure_Strain	 Pressure_Transport	 Viscous_Dissipation	 
# ------------------------------------------------------------------
1	0	0	0	 -7.75482e-26	0	2.35782e-05	 -2.7105e-20	  -1.18004e-48	 
0.999844	0.0001564	0.08587	0	 -2.82424e-12	2.653e-07	2.35782e-05	 -2.55555e-05	  -5.9073e-08	 
0.99962	0.00038	0.208636	0	 -5.94171e-11	7.25197e-07	5.42873e-05	 -5.56921e-05	  -3.26301e-07	 
0.999329	0.0006708	0.368297	0	 -5.47926e-10	1.69294e-06	8.92825e-05	 -9.00782e-05	  -9.33985e-07	 
0.998971	0.0010288	0.564853	0	 -3.10656e-09	3.22879e-06	0.000126394	 -0.00012553	  -1.98649e-06	 
0.998546	0.0014538	0.798196	0	 -1.26039e-08	5.29376e-06	0.000160866	 -0.000159575	  -3.51339e-06	 
0.998054	0.0019458	1.06832	0	 -4.01139e-08	7.84001e-06	0.000191579	 -0.000189569	  -5.52911e-06	 
0.997495	0.0025047	1.37518	0	 -1.05382e-07	1.05401e-05	0.000216236	 -0.000212949	  -7.88616e-06	 
0.99687	0.0031304	1.71872	0	 -2.38318e-07	1.32832e-05	0.000233772	 -0.000230521	  -1.05709e-05	 
0.996177	0.0038228	2.09887	0	 -4.77468e-07	1.56911e-05	0.000243942	 -0.000240934	  -1.3262e-05	 
0.995418	0.0045817	2.51554	0	 -8.72236e-07	1.76354e-05	0.00024624	 -0.000243765	  -1.60793e-05	 
0.994593	0.005407	2.96867	0	 -1.47677e-06	1.8911e-05	0.000241681	 -0.000241339	  -1.88594e-05	 
0.993701	0.0062987	3.45825	0	 -2.36641e-06	1.93119e-05	0.000232276	 -0.000234872	  -2.16997e-05	 
0.992744	0.0072565	3.98412	0	 -3.6243e-06	1.89168e-05	0.000219176	 -0.000225842	  -2.43949e-05	 
0.99172	0.0082802	4.54617	0	 -5.35213e-06	1.77598e-05	0.000202215	 -0.000211232	  -2.71819e-05	 
0.99063	0.0093699	5.14446	0	 -7.61293e-06	1.62183e-05	0.000181828	 -0.000194806	  -3.00172e-05	 
0.989475	0.0105252	5.77877	0	 -1.05092e-05	1.42591e-05	0.00015806	 -0.000174276	  -3.31076e-05	 
0.988254	0.0117459	6.44898	0	 -1.37961e-05	1.19107e-05	0.000130962	 -0.000149334	  -3.6456e-05	 
0.986968	0.013032	7.1551	0	 -1.73605e-05	9.34088e-06	0.000103291	 -0.000120475	  -4.01195e-05	 
0.985617	0.0143831	7.89691	0	 -2.10736e-05	6.78666e-06	7.95465e-05	 -9.20378e-05	  -4.38526e-05	 
0.984201	0.0157992	8.67441	0	 -2.46432e-05	4.68593e-06	7.10623e-05	 -7.23066e-05	  -4.78186e-05	 
0.98272	0.0172799	9.48738	0	 -2.8397e-05	3.7167e-06	7.40917e-05	 -6.4506e-05	  -5.18225e-05	 
0.981175	0.0188251	10.3358	0	 -3.19017e-05	3.74698e-06	8.18157e-05	 -6.40917e-05	  -5.53248e-05	 
0.979565	0.0204346	11.2194	0	 -3.5714e-05	4.25968e-06	9.39541e-05	 -6.7536e-05	  -5.90781e-05	 
0.977892	0.022108	12.1382	0	 -3.93229e-05	4.98381e-06	0.000109064	 -7.3891e-05	  -6.27701e-05	 
0.976155	0.0238452	13.092	0	 -4.35421e-05	5.78309e-06	0.000125927	 -8.25315e-05	  -6.63432e-05	 
0.974354	0.0256458	14.0806	0	 -4.79562e-05	6.39388e-06	0.000143429	 -9.17535e-05	  -6.99698e-05	 
0.97249	0.0275097	15.104	0	 -5.24452e-05	6.75781e-06	0.000158846	 -0.000100246	  -7.27477e-05	 
0.970563	0.0294366	16.1619	0	 -5.62715e-05	6.90676e-06	0.000172687	 -0.000108819	  -7.50858e-05	 
0.968574	0.0314261	17.2542	0	 -5.9605e-05	7.09868e-06	0.000179724	 -0.000115593	  -7.64206e-05	 
0.966522	0.0334781	18.3809	0	 -6.17807e-05	7.36073e-06	0.000182606	 -0.000120075	  -7.73972e-05	 
0.964408	0.0355921	19.5415	0	 -6.35852e-05	7.6605e-06	0.000179943	 -0.000123942	  -7.72586e-05	 
0.962232	0.0377679	20.7361	0	 -6.41666e-05	7.90864e-06	0.000176211	 -0.000126586	  -7.77307e-05	 
0.959995	0.0400052	21.9645	0	 -6.38598e-05	7.95163e-06	0.000169471	 -0.000127399	  -7.77289e-05	 
0.957696	0.0423037	23.2265	0	 -6.19487e-05	7.71158e-06	0.000160705	 -0.000127396	  -7.71421e-05	 
0.955337	0.0446631	24.5219	0	 -5.85736e-05	7.12978e-06	0.000151276	 -0.000123735	  -7.6618e-05	 
0.952917	0.0470829	25.8504	0	 -5.37587e-05	6.37881e-06	0.000140951	 -0.000116563	  -7.52472e-05	 
0.950437	0.0495629	27.2121	0	 -4.91146e-05	5.67527e-06	0.000129857	 -0.000106717	  -7.43596e-05	 
0.947897	0.0521028	28.6066	0	 -4.59476e-05	5.06548e-06	0.000118747	 -9.54571e-05	  -7.30532e-05	 
0.945298	0.0547021	30.0337	0	 -4.48199e-05	4.64184e-06	0.000107537	 -8.59178e-05	  -7.27788e-05	 
0.942639	0.0573605	31.4933	0	 -4.5898e-05	4.40879e-06	9.62778e-05	 -7.98313e-05	  -7.22585e-05	 
0.939922	0.0600776	32.9851	0	 -5.03331e-05	4.29283e-06	8.71697e-05	 -7.77623e-05	  -7.17739e-05	 
0.937147	0.0628531	34.5089	0	 -5.77136e-05	4.25986e-06	7.94209e-05	 -7.88717e-05	  -7.03223e-05	 
0.934313	0.0656866	36.0646	0	 -6.37347e-05	4.41618e-06	7.53092e-05	 -8.24064e-05	  -6.90246e-05	 
0.931422	0.0685777	37.652	0	 -6.61238e-05	4.60853e-06	7.33376e-05	 -8.58569e-05	  -6.76708e-05	 
0.928474	0.0715259	39.2707	0	 -6.70949e-05	4.68926e-06	7.1808e-05	 -8.85812e-05	  -6.66877e-05	 
0.925469	0.0745309	40.9205	0	 -6.67644e-05	4.70095e-06	7.14405e-05	 -9.01086e-05	  -6.61312e-05	 
0.922408	0.0775922	42.6013	0	 -6.6558e-05	4.63363e-06	7.11158e-05	 -8.95976e-05	  -6.54027e-05	 
0.919291	0.0807095	44.3128	0	 -6.61843e-05	4.50199e-06	7.05165e-05	 -8.80855e-05	  -6.46184e-05	 
0.916118	0.0838823	46.0548	0	 -6.55151e-05	4.38936e-06	6.81558e-05	 -8.67714e-05	  -6.33498e-05	 
0.91289	0.0871102	47.8271	0	 -6.55221e-05	4.28179e-06	6.50116e-05	 -8.52304e-05	  -6.26324e-05	 
0.909607	0.0903927	49.6293	0	 -6.52113e-05	4.19754e-06	6.24821e-05	 -8.41879e-05	  -6.16198e-05	 
0.906271	0.0937294	51.4613	0	 -6.53315e-05	4.25099e-06	6.45141e-05	 -8.42518e-05	  -6.14685e-05	 
0.90288	0.0971198	53.3228	0	 -6.53863e-05	4.38617e-06	7.06743e-05	 -8.65725e-05	  -6.08925e-05	 
0.899436	0.100564	55.2135	0	 -6.64329e-05	4.55324e-06	7.99512e-05	 -9.07636e-05	  -6.13225e-05	 
0.89594	0.10406	57.1332	0	 -6.72599e-05	4.68165e-06	8.63976e-05	 -9.61098e-05	  -6.12452e-05	 
0.892391	0.107609	59.0817	0	 -6.74086e-05	4.6672e-06	8.83301e-05	 -9.9336e-05	  -6.14103e-05	 
0.888791	0.111209	61.0586	0	 -6.72142e-05	4.39826e-06	8.94649e-05	 -0.000101689	  -6.12283e-05	 
0.885139	0.114861	63.0637	0	 -6.68981e-05	3.99709e-06	9.1256e-05	 -0.000102002	  -6.09941e-05	 
0.881436	0.118564	65.0967	0	 -6.56714e-05	3.70786e-06	9.33899e-05	 -0.000102788	  -6.05392e-05	 
0.877682	0.122318	67.1574	0	 -6.46203e-05	3.43847e-06	9.48925e-05	 -0.000102052	  -6.01475e-05	 
0.873879	0.126121	69.2455	0	 -6.35139e-05	3.22455e-06	9.47426e-05	 -9.91396e-05	  -5.95778e-05	 
0.870027	0.129973	71.3607	0	 -6.27385e-05	3.05547e-06	9.40013e-05	 -9.56344e-05	  -5.88406e-05	 
0.866125	0.133875	73.5027	0	 -6.22813e-05	2.93556e-06	9.32802e-05	 -9.17737e-05	  -5.83422e-05	 
0.862176	0.137824	75.6712	0	 -6.18264e-05	2.75414e-06	9.35432e-05	 -8.84181e-05	  -5.71651e-05	 
0.858178	0.141822	77.8659	0	 -5.96897e-05	2.56399e-06	9.36623e-05	 -8.51858e-05	  -5.62075e-05	 
0.854134	0.145866	80.0866	0	 -5.68643e-05	2.45571e-06	9.51856e-05	 -8.10287e-05	  -5.54756e-05	 
0.850042	0.149958	82.3329	0	 -5.4066e-05	2.48837e-06	9.57229e-05	 -7.67195e-05	  -5.45379e-05	 
0.845905	0.154095	84.6047	0	 -5.23978e-05	2.51219e-06	9.56529e-05	 -7.30498e-05	  -5.38992e-05	 
0.841722	0.158278	86.9013	0	 -5.2842e-05	2.44539e-06	9.47275e-05	 -7.07824e-05	  -5.34799e-05	 
0.837493	0.162507	89.2228	0	 -5.43144e-05	2.37347e-06	9.21793e-05	 -7.10788e-05	  -5.31108e-05	 
0.833221	0.166779	91.5687	0	 -5.56658e-05	2.37285e-06	8.99652e-05	 -7.30382e-05	  -5.31736e-05	 
0.828904	0.171096	93.9387	0	 -5.63936e-05	2.43425e-06	8.79145e-05	 -7.54094e-05	  -5.33554e-05	 
0.824544	0.175456	96.3325	0	 -5.66525e-05	2.49345e-06	8.63292e-05	 -7.74147e-05	  -5.38782e-05	 
0.820141	0.179859	98.7498	0	 -5.71874e-05	2.51651e-06	8.29433e-05	 -7.86665e-05	  -5.3905e-05	 
0.815696	0.184304	101.19	0	 -5.79902e-05	2.51969e-06	7.94088e-05	 -7.98089e-05	  -5.41003e-05	 
0.81121	0.18879	103.654	0	 -5.95755e-05	2.56612e-06	7.49833e-05	 -8.01918e-05	  -5.41031e-05	 
0.806682	0.193318	106.139	0	 -6.067e-05	2.69185e-06	7.1678e-05	 -7.93688e-05	  -5.43114e-05	 
0.802114	0.197886	108.647	0	 -6.15784e-05	2.80121e-06	6.87896e-05	 -7.64613e-05	  -5.45849e-05	 
0.797507	0.202493	111.177	0	 -6.31798e-05	2.6944e-06	6.66129e-05	 -7.40508e-05	  -5.47208e-05	 
0.79286	0.20714	113.729	0	 -6.53563e-05	2.46792e-06	6.59479e-05	 -7.49057e-05	  -5.47739e-05	 
0.788174	0.211826	116.301	0	 -6.67709e-05	2.33178e-06	6.59537e-05	 -7.72707e-05	  -5.44187e-05	 
0.783451	0.216549	118.895	0	 -6.63841e-05	2.34985e-06	6.79347e-05	 -7.94008e-05	  -5.42268e-05	 
0.77869	0.22131	121.508	0	 -6.55685e-05	2.39752e-06	7.06027e-05	 -8.02158e-05	  -5.35994e-05	 
0.773892	0.226108	124.143	0	 -6.57211e-05	2.454e-06	7.28802e-05	 -8.14399e-05	  -5.30606e-05	 
0.769058	0.230942	126.796	0	 -6.57414e-05	2.57283e-06	7.56573e-05	 -8.10943e-05	  -5.24897e-05	 
0.764189	0.235811	129.47	0	 -6.49574e-05	2.68946e-06	7.86338e-05	 -8.01767e-05	  -5.21667e-05	 
0.759285	0.240715	132.162	0	 -6.17872e-05	2.65253e-06	8.17744e-05	 -7.79006e-05	  -5.21555e-05	 
0.754347	0.245653	134.874	0	 -5.87732e-05	2.38692e-06	8.33459e-05	 -7.48265e-05	  -5.15078e-05	 
0.749375	0.250625	137.603	0	 -5.73256e-05	2.16467e-06	8.32405e-05	 -7.25045e-05	  -5.0388e-05	 
0.744371	0.255629	140.351	0	 -5.65275e-05	2.13811e-06	8.23093e-05	 -7.08895e-05	  -4.90712e-05	 
0.739334	0.260666	143.116	0	 -5.65257e-05	2.21394e-06	8.02542e-05	 -6.95127e-05	  -4.76359e-05	 
0.734266	0.265734	145.899	0	 -5.6713e-05	2.32469e-06	7.76778e-05	 -6.85271e-05	  -4.6609e-05	 
0.729166	0.270834	148.699	0	 -5.70473e-05	2.40251e-06	7.49069e-05	 -6.72674e-05	  -4.53198e-05	 
0.724037	0.275963	151.515	0	 -5.77357e-05	2.49981e-06	7.27532e-05	 -6.65433e-05	  -4.41999e-05	 
0.718877	0.281123	154.348	0	 -5.93789e-05	2.56415e-06	7.07106e-05	 -6.74008e-05	  -4.36081e-05	 
0.713689	0.286311	157.196	0	 -6.09322e-05	2.57364e-06	6.98303e-05	 -6.94675e-05	  -4.30186e-05	 
0.708473	0.291527	160.06	0	 -6.17382e-05	2.54817e-06	6.92994e-05	 -7.23086e-05	  -4.25003e-05	 
0.703229	0.296771	162.939	0	 -6.21352e-05	2.47132e-06	6.81252e-05	 -7.53953e-05	  -4.23438e-05	 
0.697959	0.302041	165.833	0	 -6.2401e-05	2.34556e-06	6.64288e-05	 -7.89025e-05	  -4.25775e-05	 
0.692662	0.307338	168.741	0	 -6.17042e-05	2.23921e-06	6.592e-05	 -8.21475e-05	  -4.28927e-05	 
0.687339	0.312661	171.664	0	 -6.02687e-05	2.23838e-06	6.69903e-05	 -8.46277e-05	  -4.33001e-05	 
0.681992	0.318008	174.599	0	 -5.95154e-05	2.36376e-06	6.86177e-05	 -8.66464e-05	  -4.40295e-05	 
0.676621	0.323379	177.548	0	 -5.8831e-05	2.51133e-06	6.9995e-05	 -8.69253e-05	  -4.49568e-05	 
0.671226	0.328774	180.51	0	 -5.78124e-05	2.54263e-06	7.08021e-05	 -8.55849e-05	  -4.53401e-05	 
0.665809	0.334191	183.485	0	 -5.63802e-05	2.47614e-06	6.99657e-05	 -8.40171e-05	  -4.51729e-05	 
0.660369	0.339631	186.471	0	 -5.54203e-05	2.28031e-06	6.94379e-05	 -8.27098e-05	  -4.51824e-05	 
0.654908	0.345092	189.47	0	 -5.46129e-05	2.1192e-06	6.95576e-05	 -8.15063e-05	  -4.53522e-05	 
0.649427	0.350573	192.479	0	 -5.40744e-05	2.08067e-06	6.96951e-05	 -8.11415e-05	  -4.6508e-05	 
0.643926	0.356074	195.499	0	 -5.40201e-05	2.16187e-06	6.97225e-05	 -7.99831e-05	  -4.71395e-05	 
0.638405	0.361595	198.53	0	 -5.37877e-05	2.22506e-06	6.93228e-05	 -7.79018e-05	  -4.7317e-05	 
0.632866	0.367134	201.572	0	 -5.31825e-05	2.28992e-06	6.90609e-05	 -7.51372e-05	  -4.74132e-05	 
0.62731	0.37269	204.622	0	 -5.19153e-05	2.35697e-06	6.88724e-05	 -7.25615e-05	  -4.79215e-05	 
0.621736	0.378264	207.683	0	 -5.08012e-05	2.32462e-06	6.84796e-05	 -7.06963e-05	  -4.85886e-05	 
0.616146	0.383854	210.752	0	 -5.05344e-05	2.1517e-06	6.79865e-05	 -6.92895e-05	  -4.82308e-05	 
0.61054	0.38946	213.829	0	 -4.95123e-05	1.96862e-06	6.83609e-05	 -6.81896e-05	  -4.77042e-05	 
0.60492	0.39508	216.915	0	 -4.69285e-05	1.87588e-06	6.97834e-05	 -6.63785e-05	  -4.71499e-05	 
0.599285	0.400715	220.009	0	 -4.52035e-05	1.89756e-06	7.04351e-05	 -6.40187e-05	  -4.59506e-05	 
0.593637	0.406363	223.11	0	 -4.47476e-05	1.94003e-06	6.91786e-05	 -6.21775e-05	  -4.48488e-05	 
0.587976	0.412024	226.218	0	 -4.49896e-05	1.926e-06	6.55014e-05	 -6.0564e-05	  -4.3516e-05	 
0.582303	0.417697	229.333	0	 -4.50048e-05	1.8867e-06	6.20257e-05	 -5.91419e-05	  -4.25841e-05	 
0.57662	0.42338	232.453	0	 -4.51118e-05	1.85019e-06	5.93599e-05	 -5.90906e-05	  -4.1625e-05	 
0.570925	0.429075	235.58	0	 -4.52196e-05	1.77278e-06	5.73112e-05	 -5.93138e-05	  -4.10281e-05	 
0.565221	0.434779	238.712	0	 -4.45312e-05	1.66852e-06	5.55781e-05	 -6.05065e-05	  -4.06457e-05	 
0.559508	0.440492	241.848	0	 -4.35986e-05	1.55992e-06	5.28126e-05	 -6.12982e-05	  -4.03884e-05	 
0.553786	0.446214	244.99	0	 -4.26063e-05	1.47644e-06	5.05119e-05	 -6.15483e-05	  -4.08361e-05	 
0.548057	0.451943	248.135	0	 -4.27154e-05	1.51501e-06	4.94936e-05	 -6.15278e-05	  -4.13942e-05	 
0.542321	0.457679	251.284	0	 -4.39192e-05	1.69536e-06	4.95602e-05	 -6.22525e-05	  -4.219e-05	 
0.536579	0.463421	254.437	0	 -4.55951e-05	1.92859e-06	4.98729e-05	 -6.30432e-05	  -4.15381e-05	 
0.530832	0.469168	257.592	0	 -4.73212e-05	2.1594e-06	4.98137e-05	 -6.25362e-05	  -4.08501e-05	 
0.52508	0.47492	260.75	0	 -4.94716e-05	2.39821e-06	4.92925e-05	 -6.24884e-05	  -3.99411e-05	 
0.519325	0.480675	263.91	0	 -5.17794e-05	2.59782e-06	4.89415e-05	 -6.3421e-05	  -3.90944e-05	 
0.513566	0.486434	267.072	0	 -5.41832e-05	2.58807e-06	4.84062e-05	 -6.47797e-05	  -3.82117e-05	 
0.507805	0.492195	270.235	0	 -5.5326e-05	2.38582e-06	4.82638e-05	 -6.49106e-05	  -3.72686e-05	 
0.502042	0.497958	273.399	0	 -5.5113e-05	2.19277e-06	4.72149e-05	 -6.33946e-05	  -3.63314e-05	 
0.496278	0.503722	276.564	0	 -5.42818e-05	2.10326e-06	4.58502e-05	 -6.16664e-05	  -3.50492e-05	 
0.490514	0.509486	279.729	0	 -5.3684e-05	2.08173e-06	4.46705e-05	 -6.13084e-05	  -3.4127e-05	 
0.484751	0.515249	282.893	0	 -5.40716e-05	2.10972e-06	4.45828e-05	 -6.29726e-05	  -3.35507e-05	 
0.478989	0.521011	286.056	0	 -5.33604e-05	2.17118e-06	4.57812e-05	 -6.3798e-05	  -3.29204e-05	 
0.47323	0.52677	289.219	0	 -5.17787e-05	2.20145e-06	4.84674e-05	 -6.45198e-05	  -3.21724e-05	 
0.467473	0.532527	292.379	0	 -5.07248e-05	2.242e-06	5.25042e-05	 -6.64097e-05	  -3.12623e-05	 
0.461719	0.538281	295.538	0	 -4.97695e-05	2.32342e-06	5.61437e-05	 -6.86603e-05	  -3.02291e-05	 
0.45597	0.54403	298.695	0	 -4.84965e-05	2.36051e-06	5.84392e-05	 -6.99188e-05	  -2.90232e-05	 
0.450226	0.549774	301.848	0	 -4.76633e-05	2.36593e-06	5.80503e-05	 -6.90506e-05	  -2.74324e-05	 
0.444488	0.555512	304.999	0	 -4.67133e-05	2.32199e-06	5.60368e-05	 -6.78226e-05	  -2.59754e-05	 
0.438756	0.561244	308.146	0	 -4.61682e-05	2.23269e-06	5.38066e-05	 -6.58743e-05	  -2.48847e-05	 
0.433032	0.566968	311.289	0	 -4.6166e-05	2.05524e-06	5.22912e-05	 -6.29927e-05	  -2.40673e-05	 
0.427315	0.572685	314.427	0	 -4.66341e-05	1.83448e-06	4.99724e-05	 -5.87396e-05	  -2.3215e-05	 
0.421608	0.578392	317.561	0	 -4.68463e-05	1.73135e-06	4.75708e-05	 -5.47158e-05	  -2.26615e-05	 
0.41591	0.58409	320.69	0	 -4.72035e-05	1.72313e-06	4.51866e-05	 -5.17394e-05	  -2.22306e-05	 
0.410222	0.589778	323.813	0	 -4.77568e-05	1.73885e-06	4.31708e-05	 -4.96112e-05	  -2.1997e-05	 
0.404545	0.595455	326.929	0	 -4.82908e-05	1.79236e-06	4.21293e-05	 -4.80942e-05	  -2.23486e-05	 
0.398879	0.601121	330.04	0	 -4.87801e-05	1.81372e-06	4.15757e-05	 -4.72869e-05	  -2.26148e-05	 
0.393226	0.606774	333.144	0	 -4.8358e-05	1.8238e-06	4.10446e-05	 -4.74771e-05	  -2.27621e-05	 
0.387587	0.612413	336.24	0	 -4.75248e-05	1.84908e-06	4.03621e-05	 -4.76868e-05	  -2.28098e-05	 
0.381961	0.618039	339.329	0	 -4.64513e-05	1.87093e-06	4.04361e-05	 -4.80095e-05	  -2.29839e-05	 
0.37635	0.62365	342.41	0	 -4.52956e-05	1.83592e-06	4.05167e-05	 -4.76955e-05	  -2.29082e-05	 
0.370754	0.629246	345.482	0	 -4.47303e-05	1.81608e-06	3.99757e-05	 -4.78405e-05	  -2.30654e-05	 
0.365174	0.634826	348.546	0	 -4.46015e-05	1.85359e-06	3.90821e-05	 -4.85748e-05	  -2.31918e-05	 
0.359611	0.640389	351.6	0	 -4.50475e-05	1.88723e-06	3.8461e-05	 -4.9647e-05	  -2.31535e-05	 
0.354065	0.645935	354.645	0	 -4.60929e-05	1.82169e-06	3.80692e-05	 -5.08318e-05	  -2.29759e-05	 
0.348538	0.651462	357.679	0	 -4.70155e-05	1.64669e-06	3.78651e-05	 -5.20896e-05	  -2.26744e-05	 
0.34303	0.65697	360.704	0	 -4.71615e-05	1.50972e-06	3.86136e-05	 -5.38435e-05	  -2.24276e-05	 
0.337541	0.662459	363.717	0	 -4.5293e-05	1.47202e-06	4.00765e-05	 -5.48732e-05	  -2.25724e-05	 
0.332072	0.667928	366.72	0	 -4.12868e-05	1.50413e-06	4.26643e-05	 -5.62881e-05	  -2.29892e-05	 
0.326625	0.673375	369.71	0	 -3.71329e-05	1.59082e-06	4.56267e-05	 -5.87082e-05	  -2.32438e-05	 
0.3212	0.6788	372.689	0	 -3.46168e-05	1.69983e-06	4.87592e-05	 -6.06575e-05	  -2.38039e-05	 
0.315797	0.684203	375.656	0	 -3.32205e-05	1.81956e-06	5.04652e-05	 -6.18761e-05	  -2.43029e-05	 
0.310417	0.689583	378.61	0	 -3.25936e-05	1.92831e-06	5.12129e-05	 -6.16264e-05	  -2.43719e-05	 
0.305061	0.694939	381.55	0	 -3.29113e-05	1.9638e-06	5.18648e-05	 -6.05195e-05	  -2.4642e-05	 
0.299729	0.700271	384.477	0	 -3.43509e-05	1.92593e-06	5.18962e-05	 -6.07309e-05	  -2.46758e-05	 
0.294423	0.705577	387.391	0	 -3.64347e-05	1.85652e-06	5.20247e-05	 -6.15994e-05	  -2.42604e-05	 
0.289143	0.710857	390.29	0	 -3.8996e-05	1.77843e-06	5.16202e-05	 -6.27704e-05	  -2.41238e-05	 
0.28389	0.71611	393.174	0	 -4.13248e-05	1.71137e-06	5.13413e-05	 -6.32967e-05	  -2.43892e-05	 
0.278664	0.721337	396.043	0	 -4.38401e-05	1.69172e-06	5.03714e-05	 -6.39714e-05	  -2.47801e-05	 
0.273465	0.726535	398.897	0	 -4.68662e-05	1.72189e-06	4.96107e-05	 -6.51373e-05	  -2.52235e-05	 
0.268296	0.731704	401.736	0	 -4.93844e-05	1.79174e-06	4.90159e-05	 -6.60033e-05	  -2.5824e-05	 
0.263156	0.736844	404.558	0	 -5.06103e-05	1.86105e-06	4.84871e-05	 -6.6451e-05	  -2.6499e-05	 
0.258046	0.741954	407.363	0	 -5.20565e-05	1.8934e-06	4.84147e-05	 -6.7962e-05	  -2.70209e-05	 
0.252967	0.747033	410.152	0	 -5.35138e-05	1.8964e-06	4.83928e-05	 -6.91094e-05	  -2.73342e-05	 
0.247919	0.752081	412.923	0	 -5.51054e-05	1.85416e-06	4.81965e-05	 -7.0469e-05	  -2.76536e-05	 
0.242903	0.757097	415.677	0	 -5.58639e-05	1.84643e-06	4.783e-05	 -7.0928e-05	  -2.77905e-05	 
0.23792	0.76208	418.413	0	 -5.54452e-05	1.86939e-06	4.8097e-05	 -7.02597e-05	  -2.8083e-05	 
0.23297	0.76703	421.131	0	 -5.56852e-05	1.94222e-06	4.87487e-05	 -7.0669e-05	  -2.83582e-05	 
0.228054	0.771946	423.83	0	 -5.66612e-05	2.01165e-06	4.96413e-05	 -7.13514e-05	  -2.86498e-05	 
0.223173	0.776827	426.51	0	 -5.82715e-05	2.05279e-06	5.08976e-05	 -7.36654e-05	  -2.86918e-05	 
0.218328	0.781672	429.17	0	 -5.99363e-05	2.02306e-06	5.18819e-05	 -7.56948e-05	  -2.90927e-05	 
0.213518	0.786482	431.811	0	 -6.08457e-05	2.00444e-06	5.25896e-05	 -7.63762e-05	  -2.92455e-05	 
0.208744	0.791256	434.432	0	 -6.02853e-05	2.0043e-06	5.37399e-05	 -7.49081e-05	  -2.93021e-05	 
0.204008	0.795992	437.032	0	 -5.98172e-05	1.99183e-06	5.4591e-05	 -7.35371e-05	  -2.95458e-05	 
0.19931	0.80069	439.612	0	 -6.02548e-05	1.98094e-06	5.46944e-05	 -7.31396e-05	  -2.97157e-05	 
0.19465	0.80535	442.17	0	 -6.03892e-05	1.9345e-06	5.44546e-05	 -7.25919e-05	  -2.96311e-05	 
0.190029	0.809971	444.707	0	 -5.89412e-05	1.92616e-06	5.49391e-05	 -7.0569e-05	  -2.93189e-05	 
0.185448	0.814552	447.222	0	 -5.6374e-05	1.95153e-06	5.49965e-05	 -6.72236e-05	  -2.9243e-05	 
0.180907	0.819093	449.715	0	 -5.43371e-05	1.97293e-06	5.4393e-05	 -6.26325e-05	  -2.90226e-05	 
0.176408	0.823592	452.186	0	 -5.25662e-05	1.90776e-06	5.28286e-05	 -5.90397e-05	  -2.88441e-05	 
0.171949	0.828051	454.634	0	 -5.1978e-05	1.86895e-06	5.16231e-05	 -5.59844e-05	  -2.83621e-05	 
0.167533	0.832467	457.059	0	 -5.15056e-05	1.91759e-06	5.08584e-05	 -5.28303e-05	  -2.79337e-05	 
0.163159	0.836841	459.46	0	 -5.07447e-05	2.10682e-06	4.96509e-05	 -4.95154e-05	  -2.77061e-05	 
0.158829	0.841171	461.838	0	 -5.07718e-05	2.31434e-06	4.77676e-05	 -4.59505e-05	  -2.77819e-05	 
0.154542	0.845458	464.191	0	 -5.0831e-05	2.4633e-06	4.60376e-05	 -4.30478e-05	  -2.7827e-05	 
0.1503	0.8497	466.52	0	 -5.18451e-05	2.7107e-06	4.4821e-05	 -4.12085e-05	  -2.85018e-05	 
0.146102	0.853898	468.825	0	 -5.37638e-05	2.87101e-06	4.35265e-05	 -3.976e-05	  -2.92556e-05	 
0.141951	0.85805	471.104	0	 -5.64e-05	2.8375e-06	4.21731e-05	 -3.94938e-05	  -2.99605e-05	 
0.137845	0.862155	473.359	0	 -5.86496e-05	2.78249e-06	4.11344e-05	 -3.972e-05	  -3.08649e-05	 
0.133786	0.866214	475.587	0	 -6.0872e-05	2.71941e-06	4.04326e-05	 -4.09465e-05	  -3.1373e-05	 
0.129774	0.870226	477.79	0	 -6.40599e-05	2.55294e-06	3.98194e-05	 -4.28487e-05	  -3.17832e-05	 
0.125809	0.874191	479.967	0	 -6.67787e-05	2.25302e-06	3.89786e-05	 -4.49547e-05	  -3.17197e-05	 
0.121893	0.878107	482.117	0	 -6.80733e-05	1.865e-06	3.82481e-05	 -4.69279e-05	  -3.13765e-05	 
0.118026	0.881974	484.24	0	 -6.92737e-05	1.56398e-06	3.7275e-05	 -4.84466e-05	  -3.08706e-05	 
0.114208	0.885792	486.336	0	 -6.98623e-05	1.52215e-06	3.69131e-05	 -4.93369e-05	  -3.06001e-05	 
0.11044	0.88956	488.405	0	 -6.91786e-05	1.59251e-06	3.69348e-05	 -4.96802e-05	  -3.05898e-05	 
0.106722	0.893278	490.446	0	 -6.92194e-05	1.67399e-06	3.66937e-05	 -4.92776e-05	  -3.06584e-05	 
0.103055	0.896945	492.46	0	 -6.95257e-05	1.71554e-06	3.69954e-05	 -5.08033e-05	  -3.02327e-05	 
0.0994395	0.90056	494.445	0	 -7.13431e-05	1.75922e-06	3.7911e-05	 -5.24826e-05	  -3.01454e-05	 
0.0958756	0.904124	496.401	0	 -7.38508e-05	1.78012e-06	3.83242e-05	 -5.40125e-05	  -3.00523e-05	 
0.092364	0.907636	498.329	0	 -7.53347e-05	1.80986e-06	3.9117e-05	 -5.55368e-05	  -2.98888e-05	 
0.0889052	0.911095	500.229	0	 -7.6879e-05	1.87987e-06	3.95234e-05	 -5.65793e-05	  -2.96998e-05	 
0.0854995	0.9145	502.098	0	 -7.77766e-05	2.08958e-06	3.97129e-05	 -5.72949e-05	  -2.91008e-05	 
0.0821476	0.917852	503.939	0	 -7.95392e-05	2.54322e-06	4.01774e-05	 -5.76776e-05	  -2.79714e-05	 
0.0788499	0.92115	505.749	0	 -8.16006e-05	3.15377e-06	4.04002e-05	 -5.81251e-05	  -2.68322e-05	 
0.0756067	0.924393	507.53	0	 -8.29615e-05	3.74573e-06	4.05739e-05	 -5.83838e-05	  -2.58785e-05	 
0.0724187	0.927581	509.28	0	 -8.47267e-05	4.24188e-06	4.08179e-05	 -5.86622e-05	  -2.51646e-05	 
0.0692861	0.930714	511	0	 -8.6026e-05	4.70569e-06	4.08591e-05	 -5.89507e-05	  -2.50974e-05	 
0.0662094	0.933791	512.689	0	 -8.75198e-05	5.20137e-06	4.11936e-05	 -5.94687e-05	  -2.5314e-05	 
0.0631891	0.936811	514.348	0	 -8.83454e-05	5.68848e-06	4.15252e-05	 -5.98973e-05	  -2.55512e-05	 
0.0602256	0.939774	515.975	0	 -8.91057e-05	6.17283e-06	4.16967e-05	 -6.00011e-05	  -2.58533e-05	 
0.0573192	0.942681	517.571	0	 -8.94779e-05	6.51818e-06	4.18414e-05	 -6.04681e-05	  -2.61935e-05	 
0.0544704	0.94553	519.135	0	 -8.99289e-05	6.64682e-06	4.22422e-05	 -6.0463e-05	  -2.6132e-05	 
0.0516796	0.94832	520.667	0	 -9.04354e-05	6.62833e-06	4.22407e-05	 -6.035e-05	  -2.57996e-05	 
0.0489471	0.951053	522.167	0	 -9.10035e-05	6.56778e-06	4.23761e-05	 -6.00545e-05	  -2.50595e-05	 
0.0462734	0.953727	523.635	0	 -9.31997e-05	6.54693e-06	4.23676e-05	 -6.0011e-05	  -2.42069e-05	 
0.0436588	0.956341	525.071	0	 -9.47667e-05	6.71572e-06	4.27828e-05	 -6.03907e-05	  -2.35188e-05	 
0.0411037	0.958896	526.473	0	 -9.63705e-05	6.95284e-06	4.2828e-05	 -6.06039e-05	  -2.30531e-05	 
0.0386085	0.961392	527.843	0	 -9.77694e-05	7.36109e-06	4.3144e-05	 -6.143e-05	  -2.2647e-05	 
0.0361734	0.963827	529.18	0	 -9.92033e-05	7.86944e-06	4.35494e-05	 -6.27932e-05	  -2.23677e-05	 
0.0337989	0.966201	530.484	0	 -0.000100451	8.31935e-06	4.37109e-05	 -6.35034e-05	  -2.21926e-05	 
0.0314853	0.968515	531.754	0	 -0.000102348	8.74321e-06	4.38881e-05	 -6.42395e-05	  -2.21062e-05	 
0.0292328	0.970767	532.991	0	 -0.000104157	9.11183e-06	4.44602e-05	 -6.51997e-05	  -2.21633e-05	 
0.0270419	0.972958	534.194	0	 -0.000106402	9.38908e-06	4.40206e-05	 -6.59944e-05	  -2.22486e-05	 
0.0249128	0.975087	535.363	0	 -0.00010756	9.5259e-06	4.3939e-05	 -6.72367e-05	  -2.22387e-05	 
0.0228459	0.977154	536.498	0	 -0.000107307	9.61816e-06	4.36931e-05	 -6.81775e-05	  -2.22674e-05	 
0.0208414	0.979159	537.598	0	 -0.000107783	9.59951e-06	4.36477e-05	 -6.9255e-05	  -2.21904e-05	 
0.0188996	0.9811	538.664	0	 -0.000109377	9.55387e-06	4.37529e-05	 -7.04575e-05	  -2.20427e-05	 
0.0170209	0.982979	539.696	0	 -0.000112038	9.49002e-06	4.38604e-05	 -7.12448e-05	  -2.18833e-05	 
0.0152054	0.984795	540.693	0	 -0.000114093	9.43045e-06	4.4242e-05	 -7.15322e-05	  -2.17506e-05	 
0.0134534	0.986547	541.655	0	 -0.00011503	9.34868e-06	4.46961e-05	 -7.11133e-05	  -2.15601e-05	 
0.0117653	0.988235	542.581	0	 -0.000115433	9.39663e-06	4.54845e-05	 -7.15018e-05	  -2.14877e-05	 
0.0101412	0.989859	543.473	0	 -0.00011531	9.34587e-06	4.60492e-05	 -7.18827e-05	  -2.12371e-05	 
0.00858136	0.991419	544.33	0	 -0.000115566	9.34012e-06	4.68028e-05	 -7.20032e-05	  -2.11278e-05	 
0.00708607	0.992914	545.151	0	 -0.000115992	9.43781e-06	4.70593e-05	 -7.22785e-05	  -2.09976e-05	 
0.00565552	0.994344	545.936	0	 -0.000116106	9.46172e-06	4.7362e-05	 -7.31016e-05	  -2.10338e-05	 
0.00428992	0.99571	546.686	0	 -0.000116084	9.51761e-06	4.75471e-05	 -7.32943e-05	  -2.08485e-05	 
0.00298948	0.997011	547.4	0	 -0.000116579	9.61487e-06	4.77976e-05	 -7.35844e-05	  -2.07914e-05	 
0.0017544	0.998246	548.078	0	 -0.000116864	9.65312e-06	4.75435e-05	 -7.36324e-05	  -2.08188e-05	 
0.000584873	0.999415	548.72	0	 -0.000115736	9.80952e-06	4.79176e-05	 -7.39167e-05	  -2.07214e-05	 
