# Postprocessed results of turbulent pipe flow 
# Mean velocity and pressure 
# ------------------------------------------------------------------
# uTau = 0.0288969 
# nu = 5.26316e-05 
# ------------------------------------------------------------------
# r	 1-r	 y+	 Ur	 Ut	 Uz	 dUz/dy	 P	 
# ------------------------------------------------------------------
1	0	0	3.95969e-23	 3.29346e-05	4.48358e-05	2.7763e-08	 2.11059e-10	   
0.999844	0.0001564	0.08587	3.95969e-23	 3.29346e-05	4.48358e-05	2.7763e-08	 2.11059e-10	   
0.99962	0.00038	0.208636	2.08193e-22	 8.0044e-05	0.000108942	1.60768e-07	 3.80162e-09	   
0.999329	0.0006708	0.368297	8.36525e-22	 0.000141323	0.000192275	4.91801e-07	 2.66763e-08	   
0.998971	0.0010288	0.564853	1.423e-21	 0.000216762	0.000294745	1.16168e-06	 1.18916e-07	   
0.998546	0.0014538	0.798196	3.20547e-21	 0.000306345	0.000416165	2.44094e-06	 3.99737e-07	   
0.998054	0.0019458	1.06832	5.31161e-21	 0.000410047	0.000556147	4.90323e-06	 1.10206e-06	   
0.997495	0.0025047	1.37518	7.28292e-21	 0.000527836	0.000713928	9.6462e-06	 2.61723e-06	   
0.99687	0.0031304	1.71872	1.1619e-20	 0.000659677	0.000888076	1.83863e-05	 5.52752e-06	   
0.996177	0.0038228	2.09887	1.96013e-20	 0.000805544	0.00107602	3.32689e-05	 1.06153e-05	   
0.995418	0.0045817	2.51554	2.56123e-20	 0.000965388	0.00127336	5.64462e-05	 1.88436e-05	   
0.994593	0.005407	2.96867	3.26861e-20	 0.00113903	0.00147314	8.95689e-05	 3.13084e-05	   
0.993701	0.0062987	3.45825	4.9523e-20	 0.00132588	0.00166638	0.000133267	 4.91704e-05	   
0.992744	0.0072565	3.98412	6.09781e-20	 0.00152463	0.00184476	0.000186748	 7.35733e-05	   
0.99172	0.0082802	4.54617	9.0902e-20	 0.00173307	0.00200279	0.000247733	 0.000105556	   
0.99063	0.0093699	5.14446	1.02077e-19	 0.00194842	0.0021362	0.00031287	 0.000145968	   
0.989475	0.0105252	5.77877	1.18072e-19	 0.00216812	0.00224398	0.000378484	 0.000195405	   
0.988254	0.0117459	6.44898	1.39585e-19	 0.00239048	0.00233762	0.000441279	 0.000254171	   
0.986968	0.013032	7.1551	1.98341e-19	 0.00261492	0.00243903	0.000498649	 0.000322293	   
0.985617	0.0143831	7.89691	1.84825e-19	 0.00284131	0.00255205	0.000548599	 0.000399564	   
0.984201	0.0157992	8.67441	2.22616e-19	 0.00306893	0.0026391	0.000589564	 0.000485573	   
0.98272	0.0172799	9.48738	2.66346e-19	 0.00329518	0.0026521	0.000620321	 0.000579646	   
0.981175	0.0188251	10.3358	3.66101e-19	 0.0035148	0.00259194	0.00063979	 0.000680696	   
0.979565	0.0204346	11.2194	3.85349e-19	 0.00372105	0.00251515	0.000646625	 0.000787038	   
0.977892	0.022108	12.1382	4.37186e-19	 0.00390902	0.00248481	0.000639553	 0.000896399	   
0.976155	0.0238452	13.092	5.04825e-19	 0.00407769	0.00253367	0.000618948	 0.00100622	   
0.974354	0.0256458	14.0806	4.67238e-19	 0.00422826	0.00266335	0.000586691	 0.00111422	   
0.97249	0.0275097	15.104	5.09812e-19	 0.00436067	0.00285782	0.00054544	 0.00121887	   
0.970563	0.0294366	16.1619	5.26136e-19	 0.00447325	0.00309348	0.000502287	 0.00131971	   
0.968574	0.0314261	17.2542	6.08196e-19	 0.00456676	0.00334421	0.000465034	 0.00141723	   
0.966522	0.0334781	18.3809	6.4235e-19	 0.00464838	0.0035862	0.000433318	 0.0015125	   
0.964408	0.0355921	19.5415	6.69835e-19	 0.00473025	0.00380343	0.000400518	 0.0016067	   
0.962232	0.0377679	20.7361	8.40469e-19	 0.00482248	0.00398829	0.00036413	 0.00170062	   
0.959995	0.0400052	21.9645	9.3503e-19	 0.00492806	0.00413746	0.000328846	 0.0017941	   
0.957696	0.0423037	23.2265	9.99929e-19	 0.00504334	0.00425097	0.000298772	 0.00188572	   
0.955337	0.0446631	24.5219	9.37342e-19	 0.0051572	0.00433408	0.000274011	 0.00197359	   
0.952917	0.0470829	25.8504	8.57681e-19	 0.00524863	0.00439676	0.000253018	 0.00205701	   
0.950437	0.0495629	27.2121	9.99148e-19	 0.00529226	0.00445062	0.000233409	 0.00213609	   
0.947897	0.0521028	28.6066	1.25491e-18	 0.005273	0.00450321	0.000213769	 0.00220935	   
0.945298	0.0547021	30.0337	1.34176e-18	 0.0051979	0.00455287	0.000195394	 0.00227185	   
0.942639	0.0573605	31.4933	1.18281e-18	 0.00509177	0.00459443	0.000180318	 0.00231751	   
0.939922	0.0600776	32.9851	1.09185e-18	 0.00497549	0.00462637	0.000168757	 0.00234566	   
0.937147	0.0628531	34.5089	1.48063e-18	 0.0048536	0.00464799	0.000160025	 0.00236398	   
0.934313	0.0656866	36.0646	1.51402e-18	 0.00473172	0.00465873	0.000153908	 0.00238264	   
0.931422	0.0685777	37.652	1.53709e-18	 0.00463546	0.00466419	0.000149113	 0.00240909	   
0.928474	0.0715259	39.2707	1.56739e-18	 0.0045935	0.00467061	0.000143608	 0.00244642	   
0.925469	0.0745309	40.9205	1.55391e-18	 0.00460532	0.00467309	0.000139353	 0.0024915	   
0.922408	0.0775922	42.6013	1.55292e-18	 0.00464489	0.00466389	0.000140059	 0.00253858	   
0.919291	0.0807095	44.3128	2.09328e-18	 0.00468801	0.00464881	0.000144643	 0.00258922	   
0.916118	0.0838823	46.0548	2.03971e-18	 0.00471652	0.00464495	0.000150035	 0.00265516	   
0.91289	0.0871102	47.8271	2.07475e-18	 0.00471782	0.00467087	0.000156947	 0.00274306	   
0.909607	0.0903927	49.6293	1.4398e-18	 0.00470301	0.00474033	0.000165914	 0.00284492	   
0.906271	0.0937294	51.4613	2.30636e-18	 0.00471509	0.00485323	0.00017305	 0.00294927	   
0.90288	0.0971198	53.3228	2.04865e-18	 0.00477212	0.00499613	0.000175372	 0.00304952	   
0.899436	0.100564	55.2135	2.31207e-18	 0.00485792	0.00515325	0.000174097	 0.00314369	   
0.89594	0.10406	57.1332	2.57901e-18	 0.00494488	0.00530645	0.00017153	 0.00323446	   
0.892391	0.107609	59.0817	2.12532e-18	 0.00499216	0.00544344	0.000170276	 0.00333043	   
0.888791	0.111209	61.0586	2.37603e-18	 0.00496885	0.00556817	0.000169688	 0.00344086	   
0.885139	0.114861	63.0637	2.45656e-18	 0.00489765	0.00569365	0.000166421	 0.003568	   
0.881436	0.118564	65.0967	2.76368e-18	 0.00482119	0.00582533	0.000160615	 0.00370563	   
0.877682	0.122318	67.1574	2.35845e-18	 0.00475683	0.00596004	0.000156089	 0.00384443	   
0.873879	0.126121	69.2455	2.75551e-18	 0.00471591	0.00610294	0.000153799	 0.00397959	   
0.870027	0.129973	71.3607	2.6573e-18	 0.00469982	0.00626691	0.000151809	 0.00411063	   
0.866125	0.133875	73.5027	2.91278e-18	 0.00468253	0.0064482	0.000149223	 0.00423952	   
0.862176	0.137824	75.6712	2.82612e-18	 0.00463884	0.00663082	0.000147508	 0.00437325	   
0.858178	0.141822	77.8659	2.84481e-18	 0.00455182	0.00680552	0.000146244	 0.00451707	   
0.854134	0.145866	80.0866	2.48424e-18	 0.00441345	0.00697636	0.000146391	 0.00466297	   
0.850042	0.149958	82.3329	2.97576e-18	 0.0042549	0.00715501	0.00014909	 0.00479257	   
0.845905	0.154095	84.6047	3.70843e-18	 0.00410702	0.00733821	0.000151268	 0.00489032	   
0.841722	0.158278	86.9013	3.10339e-18	 0.00398045	0.00750472	0.000151109	 0.00496056	   
0.837493	0.162507	89.2228	3.28803e-18	 0.00387874	0.00763757	0.000150216	 0.00502292	   
0.833221	0.166779	91.5687	3.58774e-18	 0.0037824	0.00773463	0.000150064	 0.00509102	   
0.828904	0.171096	93.9387	4.31935e-18	 0.00368636	0.00779853	0.000151364	 0.00516199	   
0.824544	0.175456	96.3325	3.47423e-18	 0.00361447	0.0078459	0.000153254	 0.00522607	   
0.820141	0.179859	98.7498	4.30702e-18	 0.0035759	0.00792451	0.000154719	 0.00528429	   
0.815696	0.184304	101.19	4.13648e-18	 0.0035744	0.00807234	0.000154527	 0.00534284	   
0.81121	0.18879	103.654	4.09826e-18	 0.00361855	0.00827429	0.000153599	 0.00538749	   
0.806682	0.193318	106.139	3.74303e-18	 0.00368939	0.00850239	0.000155502	 0.00539175	   
0.802114	0.197886	108.647	4.25375e-18	 0.0037478	0.00875502	0.000160005	 0.00534243	   
0.797507	0.202493	111.177	3.42373e-18	 0.00377626	0.00902124	0.000166504	 0.00524314	   
0.79286	0.20714	113.729	5.14491e-18	 0.00376173	0.00928624	0.000174434	 0.00514416	   
0.788174	0.211826	116.301	4.35966e-18	 0.00369613	0.00955134	0.000179556	 0.00511509	   
0.783451	0.216549	118.895	4.64282e-18	 0.00361152	0.00981182	0.000181585	 0.00514006	   
0.77869	0.22131	121.508	4.54337e-18	 0.00355604	0.0100635	0.000182112	 0.00513196	   
0.773892	0.226108	124.143	5.33131e-18	 0.00352509	0.0103129	0.000180665	 0.00505462	   
0.769058	0.230942	126.796	4.20188e-18	 0.00347553	0.0105756	0.00017562	 0.00495896	   
0.764189	0.235811	129.47	4.49101e-18	 0.00340891	0.0108683	0.00016865	 0.00489831	   
0.759285	0.240715	132.162	4.13115e-18	 0.00334329	0.0111616	0.00016154	 0.00488641	   
0.754347	0.245653	134.874	5.93016e-18	 0.00328396	0.0113908	0.000154079	 0.00490303	   
0.749375	0.250625	137.603	3.83652e-18	 0.00321964	0.0115598	0.000148197	 0.00490121	   
0.744371	0.255629	140.351	4.90703e-18	 0.00316577	0.0117307	0.000142009	 0.00487009	   
0.739334	0.260666	143.116	5.45044e-18	 0.0031527	0.0119438	0.000137496	 0.00484648	   
0.734266	0.265734	145.899	4.80286e-18	 0.00318495	0.0122052	0.000136378	 0.00486365	   
0.729166	0.270834	148.699	4.97222e-18	 0.0032687	0.0124966	0.000136762	 0.00492678	   
0.724037	0.275963	151.515	5.72524e-18	 0.0033845	0.0127999	0.000137803	 0.0050317	   
0.718877	0.281123	154.348	5.34094e-18	 0.00345725	0.0131056	0.000138134	 0.00519014	   
0.713689	0.286311	157.196	5.41079e-18	 0.00343122	0.013416	0.000136829	 0.00539535	   
0.708473	0.291527	160.06	4.97547e-18	 0.00331941	0.013729	0.000132842	 0.00561091	   
0.703229	0.296771	162.939	4.43653e-18	 0.00320593	0.0140225	0.00012851	 0.0058052	   
0.697959	0.302041	165.833	5.22008e-18	 0.00315118	0.014268	0.000122737	 0.00598183	   
0.692662	0.307338	168.741	6.03907e-18	 0.0031722	0.0144357	0.000114887	 0.00616695	   
0.687339	0.312661	171.664	4.70641e-18	 0.00320066	0.0145142	0.000108078	 0.00637406	   
0.681992	0.318008	174.599	5.75849e-18	 0.0031784	0.0145469	0.000103521	 0.0065981	   
0.676621	0.323379	177.548	6.52781e-18	 0.00316189	0.0146204	0.00010075	 0.00681969	   
0.671226	0.328774	180.51	5.06437e-18	 0.00319538	0.0147906	9.92137e-05	 0.00701491	   
0.665809	0.334191	183.485	5.32497e-18	 0.00325991	0.0150388	0.000100266	 0.00716425	   
0.660369	0.339631	186.471	6.09839e-18	 0.00331419	0.0152996	0.000102841	 0.00725647	   
0.654908	0.345092	189.47	5.98177e-18	 0.00334639	0.0155134	0.000103535	 0.00732391	   
0.649427	0.350573	192.479	5.60142e-18	 0.00338017	0.0156559	0.000101634	 0.00740681	   
0.643926	0.356074	195.499	6.14364e-18	 0.00343763	0.0157117	9.96952e-05	 0.00747195	   
0.638405	0.361595	198.53	5.79634e-18	 0.00348813	0.0157087	0.000100168	 0.0074654	   
0.632866	0.367134	201.572	5.41338e-18	 0.0035121	0.0157385	0.000101921	 0.00742592	   
0.62731	0.37269	204.622	5.96808e-18	 0.00348859	0.015854	9.98681e-05	 0.00742593	   
0.621736	0.378264	207.683	6.48433e-18	 0.00340116	0.0160289	9.68748e-05	 0.00744313	   
0.616146	0.383854	210.752	6.42175e-18	 0.00330345	0.0162055	9.62597e-05	 0.00746008	   
0.61054	0.38946	213.829	6.92962e-18	 0.00328181	0.016339	9.63924e-05	 0.00753285	   
0.60492	0.39508	216.915	6.60601e-18	 0.00330752	0.0164016	9.62442e-05	 0.00768546	   
0.599285	0.400715	220.009	6.65322e-18	 0.00327583	0.0164046	9.57051e-05	 0.00784214	   
0.593637	0.406363	223.11	5.85481e-18	 0.00321464	0.0163805	9.23005e-05	 0.00793304	   
0.587976	0.412024	226.218	6.09701e-18	 0.00320539	0.0163282	8.92716e-05	 0.00797039	   
0.582303	0.417697	229.333	6.65394e-18	 0.00324289	0.0162532	8.81807e-05	 0.0080089	   
0.57662	0.42338	232.453	7.56347e-18	 0.00324086	0.0161868	8.58249e-05	 0.00805036	   
0.570925	0.429075	235.58	6.51256e-18	 0.00318517	0.0161665	8.14569e-05	 0.00806998	   
0.565221	0.434779	238.712	7.13096e-18	 0.0031856	0.0162188	7.81751e-05	 0.00810673	   
0.559508	0.440492	241.848	4.84658e-18	 0.00326603	0.0163437	7.83168e-05	 0.00818169	   
0.553786	0.446214	244.99	5.45412e-18	 0.00334928	0.0165134	7.96182e-05	 0.00826861	   
0.548057	0.451943	248.135	6.53939e-18	 0.00341928	0.0166689	8.23532e-05	 0.00835705	   
0.542321	0.457679	251.284	6.9213e-18	 0.00349819	0.0167589	8.56229e-05	 0.00842453	   
0.536579	0.463421	254.437	7.51915e-18	 0.00359441	0.016779	8.86999e-05	 0.00842741	   
0.530832	0.469168	257.592	7.57059e-18	 0.00368756	0.0167358	8.9735e-05	 0.0083343	   
0.52508	0.47492	260.75	6.56404e-18	 0.0036871	0.0166197	8.99996e-05	 0.00812414	   
0.519325	0.480675	263.91	6.94512e-18	 0.00364217	0.0164284	9.1925e-05	 0.007819	   
0.513566	0.486434	267.072	6.68487e-18	 0.00366677	0.0161942	9.56223e-05	 0.00748623	   
0.507805	0.492195	270.235	6.65808e-18	 0.00375391	0.015963	9.87738e-05	 0.00720982	   
0.502042	0.497958	273.399	6.1246e-18	 0.00385315	0.0157638	0.000102055	 0.00702882	   
0.496278	0.503722	276.564	5.09705e-18	 0.00393561	0.0156101	0.000106085	 0.00691731	   
0.490514	0.509486	279.729	6.38729e-18	 0.00396725	0.0154969	0.000106531	 0.00683087	   
0.484751	0.515249	282.893	7.77162e-18	 0.00398801	0.015409	0.000102443	 0.00674015	   
0.478989	0.521011	286.056	7.32465e-18	 0.00405725	0.0153513	9.94854e-05	 0.0066404	   
0.47323	0.52677	289.219	6.79591e-18	 0.00405708	0.015333	9.85282e-05	 0.00654061	   
0.467473	0.532527	292.379	5.85672e-18	 0.00398176	0.0153262	9.9202e-05	 0.00646735	   
0.461719	0.538281	295.538	7.52879e-18	 0.00405792	0.0152757	0.000101429	 0.00642879	   
0.45597	0.54403	298.695	6.48531e-18	 0.00426033	0.0151572	0.000102961	 0.00639135	   
0.450226	0.549774	301.848	8.09476e-18	 0.0043811	0.014997	0.000103777	 0.00633198	   
0.444488	0.555512	304.999	8.09704e-18	 0.00438147	0.0148423	0.00010647	 0.00624575	   
0.438756	0.561244	308.146	5.88494e-18	 0.00438036	0.0147256	0.00011157	 0.00614371	   
0.433032	0.566968	311.289	5.51729e-18	 0.00445032	0.0146496	0.000117603	 0.00605187	   
0.427315	0.572685	314.427	7.09847e-18	 0.00457179	0.0146003	0.000122557	 0.00595385	   
0.421608	0.578392	317.561	6.20184e-18	 0.00469637	0.0145558	0.000125119	 0.00581628	   
0.41591	0.58409	320.69	6.89107e-18	 0.00478072	0.0144892	0.00012686	 0.00562545	   
0.410222	0.589778	323.813	7.18888e-18	 0.00487017	0.0143917	0.000128101	 0.00541711	   
0.404545	0.595455	326.929	7.12162e-18	 0.0049784	0.0142816	0.000127791	 0.00525327	   
0.398879	0.601121	330.04	7.23207e-18	 0.0050808	0.0141768	0.000128671	 0.00512652	   
0.393226	0.606774	333.144	6.81742e-18	 0.00523343	0.0140907	0.000129491	 0.00501644	   
0.387587	0.612413	336.24	7.76725e-18	 0.0054062	0.0140274	0.000128769	 0.00493039	   
0.381961	0.618039	339.329	8.9793e-18	 0.00552219	0.0139808	0.000129654	 0.00486611	   
0.37635	0.62365	342.41	8.52753e-18	 0.00564738	0.0139492	0.000130387	 0.0048066	   
0.370754	0.629246	345.482	7.70889e-18	 0.00582911	0.0139282	0.000129898	 0.00475165	   
0.365174	0.634826	348.546	8.33199e-18	 0.00596498	0.0139164	0.000131259	 0.00471699	   
0.359611	0.640389	351.6	7.90377e-18	 0.00606009	0.0139174	0.000133708	 0.0047021	   
0.354065	0.645935	354.645	8.29518e-18	 0.00615578	0.0139315	0.000137934	 0.00469123	   
0.348538	0.651462	357.679	5.82276e-18	 0.00623849	0.0139665	0.000145583	 0.0046844	   
0.34303	0.65697	360.704	9.35192e-18	 0.00627412	0.0140315	0.000154123	 0.0046965	   
0.337541	0.662459	363.717	7.70456e-18	 0.00620872	0.0141154	0.000163541	 0.00472053	   
0.332072	0.667928	366.72	8.07339e-18	 0.00601471	0.0141981	0.000170806	 0.00472538	   
0.326625	0.673375	369.71	7.47842e-18	 0.00571531	0.0142674	0.000173483	 0.00470218	   
0.3212	0.6788	372.689	7.90672e-18	 0.00542515	0.0143254	0.000174883	 0.0046741	   
0.315797	0.684203	375.656	7.30942e-18	 0.00523114	0.0143831	0.000176522	 0.00466839	   
0.310417	0.689583	378.61	7.57128e-18	 0.00507999	0.014448	0.000176998	 0.0046816	   
0.305061	0.694939	381.55	9.10011e-18	 0.00493184	0.0145265	0.000179605	 0.0046912	   
0.299729	0.700271	384.477	8.38479e-18	 0.0048482	0.014635	0.000183504	 0.00469695	   
0.294423	0.705577	387.391	6.14244e-18	 0.00495485	0.0147945	0.00018209	 0.00471389	   
0.289143	0.710857	390.29	7.25919e-18	 0.00516345	0.0150136	0.000176151	 0.00473435	   
0.28389	0.71611	393.174	7.30915e-18	 0.00531538	0.0152893	0.000171125	 0.00473455	   
0.278664	0.721337	396.043	8.93293e-18	 0.00539317	0.0156129	0.000166368	 0.00470877	   
0.273465	0.726535	398.897	8.39102e-18	 0.00546483	0.0159665	0.00016078	 0.00467465	   
0.268296	0.731704	401.736	1.02397e-17	 0.00557329	0.0163239	0.000157211	 0.00465922	   
0.263156	0.736844	404.558	8.97561e-18	 0.00563136	0.0166621	0.000156506	 0.00468152	   
0.258046	0.741954	407.363	7.88322e-18	 0.00562025	0.0169762	0.000157502	 0.00473572	   
0.252967	0.747033	410.152	7.60717e-18	 0.00564142	0.0172737	0.000157256	 0.00480043	   
0.247919	0.752081	412.923	7.46822e-18	 0.00574487	0.0175563	0.000154841	 0.0048635	   
0.242903	0.757097	415.677	8.77947e-18	 0.00581447	0.0178137	0.000151054	 0.00492399	   
0.23792	0.76208	418.413	8.55234e-18	 0.00577407	0.0180358	0.000145793	 0.00498678	   
0.23297	0.76703	421.131	9.99968e-18	 0.00574072	0.0182223	0.000139955	 0.00504579	   
0.228054	0.771946	423.83	9.49116e-18	 0.00578803	0.0183807	0.000136676	 0.00508379	   
0.223173	0.776827	426.51	1.09102e-17	 0.00584761	0.0185225	0.000137375	 0.0051006	   
0.218328	0.781672	429.17	9.10048e-18	 0.0058821	0.0186515	0.000139187	 0.00511697	   
0.213518	0.786482	431.811	8.99388e-18	 0.00594616	0.0187617	0.000140668	 0.00514334	   
0.208744	0.791256	434.432	8.72498e-18	 0.00612995	0.0188482	0.000143656	 0.00517513	   
0.204008	0.795992	437.032	7.9523e-18	 0.00639248	0.0189117	0.000147305	 0.00520074	   
0.19931	0.80069	439.612	1.02671e-17	 0.00660231	0.0189567	0.000153507	 0.00521546	   
0.19465	0.80535	442.17	9.61349e-18	 0.00674475	0.0189937	0.000163687	 0.0052307	   
0.190029	0.809971	444.707	8.06139e-18	 0.00685433	0.0190339	0.000176513	 0.00526264	   
0.185448	0.814552	447.222	6.99298e-18	 0.00694814	0.0190878	0.000189816	 0.00531348	   
0.180907	0.819093	449.715	1.03354e-17	 0.00699184	0.0191706	0.000200489	 0.00537139	   
0.176408	0.823592	452.186	1.12667e-17	 0.00695594	0.0192976	0.000205608	 0.00543316	   
0.171949	0.828051	454.634	1.10681e-17	 0.00686619	0.0194736	0.000207376	 0.00550825	   
0.167533	0.832467	457.059	9.26111e-18	 0.00680708	0.0196897	0.000209806	 0.00560055	   
0.163159	0.836841	459.46	9.53496e-18	 0.00681415	0.0199337	0.000214803	 0.00569961	   
0.158829	0.841171	461.838	9.27807e-18	 0.00681063	0.0202	0.000217582	 0.00578717	   
0.154542	0.845458	464.191	9.51767e-18	 0.00674102	0.0204879	0.000214662	 0.00586174	   
0.1503	0.8497	466.52	9.08122e-18	 0.00665424	0.0207916	0.000209752	 0.00594478	   
0.146102	0.853898	468.825	8.15876e-18	 0.00662356	0.0210983	0.000206176	 0.00602807	   
0.141951	0.85805	471.104	9.41124e-18	 0.00664957	0.0213949	0.000203951	 0.00607845	   
0.137845	0.862155	473.359	1.04112e-17	 0.00668718	0.0216751	0.00020135	 0.00611002	   
0.133786	0.866214	475.587	7.23776e-18	 0.00664475	0.0219451	0.000196848	 0.00615986	   
0.129774	0.870226	477.79	7.15965e-18	 0.00650292	0.0222108	0.00019273	 0.00623284	   
0.125809	0.874191	479.967	9.58551e-18	 0.00634469	0.0224767	0.000191068	 0.0063187	   
0.121893	0.878107	482.117	8.46634e-18	 0.00625022	0.0227473	0.00019026	 0.00641524	   
0.118026	0.881974	484.24	9.08815e-18	 0.00626063	0.0230172	0.000188923	 0.00652282	   
0.114208	0.885792	486.336	9.95366e-18	 0.00635755	0.0232754	0.000187597	 0.0066353	   
0.11044	0.88956	488.405	8.72923e-18	 0.00645034	0.0235146	0.000186586	 0.00673718	   
0.106722	0.893278	490.446	9.36602e-18	 0.00644943	0.0237347	0.000184947	 0.00681542	   
0.103055	0.896945	492.46	9.90975e-18	 0.00636964	0.0239394	0.000182353	 0.0068667	   
0.0994395	0.90056	494.445	1.24502e-17	 0.00629583	0.0241308	0.000179436	 0.00690009	   
0.0958756	0.904124	496.401	9.82551e-18	 0.00627044	0.0243081	0.000176975	 0.00693298	   
0.092364	0.907636	498.329	1.11009e-17	 0.00625404	0.0244687	0.000175988	 0.006976	   
0.0889052	0.911095	500.229	9.81197e-18	 0.00618376	0.0246133	0.00017757	 0.00702954	   
0.0854995	0.9145	502.098	9.4783e-18	 0.00603683	0.0247483	0.000181716	 0.00708829	   
0.0821476	0.917852	503.939	1.13915e-17	 0.00584096	0.0248851	0.000186844	 0.00713626	   
0.0788499	0.92115	505.749	1.13817e-17	 0.00566154	0.0250355	0.000191106	 0.00716124	   
0.0756067	0.924393	507.53	9.32647e-18	 0.0055552	0.0252087	0.000193136	 0.00716575	   
0.0724187	0.927581	509.28	9.35554e-18	 0.00551235	0.02541	0.00019252	 0.00716217	   
0.0692861	0.930714	511	1.09206e-17	 0.00547325	0.0256404	0.0001896	 0.00716884	   
0.0662094	0.933791	512.689	1.00834e-17	 0.00539025	0.0258976	0.000184759	 0.00720269	   
0.0631891	0.936811	514.348	1.03595e-17	 0.0052509	0.0261762	0.000178265	 0.00726749	   
0.0602256	0.939774	515.975	9.07278e-18	 0.00506778	0.0264699	0.000170865	 0.00734945	   
0.0573192	0.942681	517.571	8.57524e-18	 0.00486153	0.0267729	0.000163844	 0.00742792	   
0.0544704	0.94553	519.135	1.04677e-17	 0.00464942	0.0270819	0.000157987	 0.0074901	   
0.0516796	0.94832	520.667	1.11782e-17	 0.0044419	0.027395	0.000153128	 0.0075344	   
0.0489471	0.951053	522.167	9.45852e-18	 0.00424017	0.0277089	0.000148585	 0.00756511	   
0.0462734	0.953727	523.635	1.06136e-17	 0.00403544	0.0280181	0.000143465	 0.00758828	   
0.0436588	0.956341	525.071	1.30195e-17	 0.00381591	0.0283144	0.000137328	 0.00760956	   
0.0411037	0.958896	526.473	1.07448e-17	 0.00357976	0.0285888	0.000130506	 0.00763372	   
0.0386085	0.961392	527.843	8.07941e-18	 0.00333918	0.0288333	0.000123701	 0.00766587	   
0.0361734	0.963827	529.18	8.58383e-18	 0.00310947	0.0290437	0.000117421	 0.00771187	   
0.0337989	0.966201	530.484	8.92187e-18	 0.00289817	0.0292202	0.000111721	 0.00777615	   
0.0314853	0.968515	531.754	1.05929e-17	 0.00270513	0.0293669	0.000106403	 0.00785888	   
0.0292328	0.970767	532.991	1.13486e-17	 0.00252654	0.0294891	0.000101337	 0.00795476	   
0.0270419	0.972958	534.194	1.0189e-17	 0.00235734	0.0295912	9.64732e-05	 0.00805361	   
0.0249128	0.975087	535.363	8.97441e-18	 0.0021928	0.0296752	9.17073e-05	 0.00814294	   
0.0228459	0.977154	536.498	1.09752e-17	 0.00202975	0.0297415	8.68665e-05	 0.00821231	   
0.0208414	0.979159	537.598	9.22438e-18	 0.00186689	0.0297899	8.17951e-05	 0.00825739	   
0.0188996	0.9811	538.664	1.04826e-17	 0.00170434	0.0298217	7.64063e-05	 0.00828076	   
0.0170209	0.982979	539.696	1.07346e-17	 0.00154295	0.0298396	7.06822e-05	 0.00828915	   
0.0152054	0.984795	540.693	9.28348e-18	 0.00138378	0.0298477	6.46531e-05	 0.0082897	   
0.0134534	0.986547	541.655	1.17353e-17	 0.00122783	0.0298505	5.83784e-05	 0.00828766	   
0.0117653	0.988235	542.581	7.8159e-18	 0.00107591	0.0298511	5.19328e-05	 0.00828593	   
0.0101412	0.989859	543.473	1.00643e-17	 0.000928665	0.0298517	4.5397e-05	 0.00828557	   
0.00858136	0.991419	544.33	1.10796e-17	 0.000786554	0.0298533	3.88503e-05	 0.00828657	   
0.00708607	0.992914	545.151	1.13269e-17	 0.000649895	0.0298557	3.23654e-05	 0.00828848	   
0.00565552	0.994344	545.936	9.68639e-18	 0.000518899	0.0298587	2.60055e-05	 0.00829075	   
0.00428992	0.99571	546.686	1.27381e-17	 0.000393705	0.0298616	1.98231e-05	 0.00829294	   
0.00298948	0.997011	547.4	1.06897e-17	 0.000274401	0.029864	1.38605e-05	 0.00829472	   
0.0017544	0.998246	548.078	8.73837e-18	 0.000161049	0.0298657	8.15091e-06	 0.00829594	   
0.000584873	0.999415	548.72	9.71776e-18	 5.36919e-05	0.0298666	2.7199e-06	 0.00829653	   
