# Postprocessed results of turbulent pipe flow 
# Reynolds stress transporation term: k 
# ------------------------------------------------------------------
# uTau = 0.0241079 
# nu = 1.20482e-05 
# ------------------------------------------------------------------
# r	 1-r	 y+	 production	 Turbulent_Transport	 Viscous_Transport	  Pressure_Strain	 Pressure_Transport	 Viscous_Dissipation	 
# ------------------------------------------------------------------
1	0	0	0	 -0	4.01285e-21	1.21546e-05	 -1.35525e-20	  -4.32208e-48	 
0.999955	4.48e-05	0.0896428	0	 -6.85579e-13	7.88425e-08	1.21546e-05	 -1.25087e-05	  -2.29046e-08	 
0.999903	9.74e-05	0.194893	0	 -9.93582e-12	2.00667e-07	2.54518e-05	 -2.58093e-05	  -1.03154e-07	 
0.999842	0.0001579	0.315951	0	 -6.92109e-11	4.35839e-07	3.96998e-05	 -3.98653e-05	  -2.56524e-07	 
0.999774	0.0002261	0.452416	0	 -3.13293e-10	7.89502e-07	5.42307e-05	 -5.41358e-05	  -4.96331e-07	 
0.999698	0.0003022	0.604689	0	 -1.07502e-09	1.2653e-06	6.92762e-05	 -6.87654e-05	  -8.30241e-07	 
0.999614	0.000386	0.772369	0	 -3.02365e-09	1.86645e-06	8.34513e-05	 -8.29356e-05	  -1.26184e-06	 
0.999522	0.0004777	0.955857	0	 -7.35195e-09	2.57113e-06	9.71947e-05	 -9.61508e-05	  -1.78278e-06	 
0.999423	0.0005771	1.15475	0	 -1.57958e-08	3.3853e-06	0.000109729	 -0.000108869	  -2.40614e-06	 
0.999316	0.0006843	1.36925	0	 -3.09295e-08	4.26879e-06	0.000121587	 -0.000119938	  -3.09794e-06	 
0.999201	0.0007994	1.59956	0	 -5.61225e-08	5.1955e-06	0.000131593	 -0.000130294	  -3.83009e-06	 
0.999078	0.0009222	1.84528	0	 -9.45756e-08	6.13625e-06	0.000140055	 -0.000138249	  -4.66796e-06	 
0.998947	0.0010528	2.10661	0	 -1.51022e-07	7.0415e-06	0.000146988	 -0.000145043	  -5.49761e-06	 
0.998809	0.0011912	2.38354	0	 -2.27875e-07	7.91614e-06	0.000151617	 -0.000149825	  -6.3778e-06	 
0.998663	0.0013374	2.67608	0	 -3.3031e-07	8.72413e-06	0.000154416	 -0.000153258	  -7.22267e-06	 
0.998509	0.0014914	2.98423	0	 -4.63326e-07	9.41762e-06	0.000156572	 -0.000155567	  -8.07237e-06	 
0.998347	0.0016531	3.30778	0	 -6.3299e-07	1.00717e-05	0.000156972	 -0.00015649	  -8.91727e-06	 
0.998177	0.0018226	3.64694	0	 -8.35599e-07	1.05256e-05	0.000155752	 -0.000155195	  -9.73477e-06	 
0.998	0.0019999	4.00171	0	 -1.0788e-06	1.08721e-05	0.000153441	 -0.000154142	  -1.04785e-05	 
0.997815	0.0021849	4.37189	0	 -1.36006e-06	1.1101e-05	0.000150282	 -0.000151281	  -1.12186e-05	 
0.997622	0.0023777	4.75767	0	 -1.67964e-06	1.11713e-05	0.000147036	 -0.000147935	  -1.20079e-05	 
0.997422	0.0025783	5.15906	0	 -2.05038e-06	1.11644e-05	0.000141849	 -0.000144132	  -1.26739e-05	 
0.997213	0.0027866	5.57586	0	 -2.51766e-06	1.10347e-05	0.000135858	 -0.000139878	  -1.33655e-05	 
0.996997	0.0030026	6.00807	0	 -3.11755e-06	1.07958e-05	0.000130133	 -0.000134611	  -1.40633e-05	 
0.996774	0.0032264	6.45588	0	 -3.87694e-06	1.05631e-05	0.000122923	 -0.000128633	  -1.47329e-05	 
0.996542	0.003458	6.9193	0	 -4.82998e-06	1.01616e-05	0.000115466	 -0.000122156	  -1.539e-05	 
0.996303	0.0036972	7.39793	0	 -6.02706e-06	9.79436e-06	0.000106894	 -0.00011516	  -1.59872e-05	 
0.996056	0.0039442	7.89217	0	 -7.45398e-06	9.33381e-06	9.78931e-05	 -0.000106975	  -1.67051e-05	 
0.995801	0.0041989	8.40181	0	 -9.14532e-06	8.95569e-06	8.77185e-05	 -9.851e-05	  -1.73775e-05	 
0.995539	0.0044614	8.92706	0	 -1.10148e-05	8.54862e-06	7.66297e-05	 -8.94912e-05	  -1.81117e-05	 
0.995269	0.0047315	9.46752	0	 -1.30448e-05	8.16429e-06	6.56397e-05	 -8.00262e-05	  -1.89027e-05	 
0.994991	0.0050094	10.0236	0	 -1.52551e-05	7.74765e-06	5.47987e-05	 -7.01261e-05	  -1.97223e-05	 
0.994705	0.005295	10.5951	0	 -1.74989e-05	7.31693e-06	4.53974e-05	 -6.07212e-05	  -2.05378e-05	 
0.994412	0.0055882	11.1817	0	 -1.95719e-05	6.96278e-06	3.68107e-05	 -5.14698e-05	  -2.14645e-05	 
0.994111	0.0058892	11.784	0	 -2.16326e-05	6.54481e-06	2.95136e-05	 -4.35102e-05	  -2.23581e-05	 
0.993802	0.0061979	12.4017	0	 -2.3291e-05	5.77247e-06	2.37073e-05	 -3.6338e-05	  -2.32526e-05	 
0.993486	0.0065142	13.0346	0	 -2.46632e-05	4.82194e-06	1.98603e-05	 -3.06141e-05	  -2.43389e-05	 
0.993162	0.0068382	13.6829	0	 -2.55553e-05	3.98641e-06	1.87489e-05	 -2.62958e-05	  -2.53397e-05	 
0.99283	0.0071699	14.3467	0	 -2.58941e-05	3.24928e-06	2.07008e-05	 -2.39796e-05	  -2.64771e-05	 
0.992491	0.0075092	15.0256	0	 -2.5925e-05	2.57672e-06	2.47872e-05	 -2.32719e-05	  -2.76984e-05	 
0.992144	0.0078562	15.7199	0	 -2.52028e-05	2.01887e-06	2.99017e-05	 -2.41603e-05	  -2.86888e-05	 
0.991789	0.0082109	16.4296	0	 -2.42006e-05	1.5938e-06	3.54606e-05	 -2.5681e-05	  -2.98173e-05	 
0.991427	0.0085731	17.1544	0	 -2.2802e-05	1.33961e-06	4.12037e-05	 -2.73742e-05	  -3.0847e-05	 
0.991057	0.0089431	17.8947	0	 -2.11326e-05	1.30642e-06	4.63588e-05	 -2.88585e-05	  -3.22444e-05	 
0.990679	0.0093206	18.6501	0	 -1.92519e-05	1.47727e-06	5.17638e-05	 -3.0335e-05	  -3.34175e-05	 
0.990294	0.0097058	19.4209	0	 -1.72249e-05	1.75013e-06	5.58349e-05	 -3.11797e-05	  -3.46739e-05	 
0.989901	0.0100986	20.2069	0	 -1.48754e-05	2.05385e-06	5.98156e-05	 -3.14733e-05	  -3.58437e-05	 
0.989501	0.010499	21.008	0	 -1.2412e-05	2.34627e-06	6.33904e-05	 -3.1629e-05	  -3.7076e-05	 
0.989093	0.0109071	21.8246	0	 -1.00027e-05	2.60851e-06	6.63416e-05	 -3.1099e-05	  -3.82009e-05	 
0.988677	0.0113227	22.6562	0	 -8.35289e-06	2.82884e-06	6.88953e-05	 -3.02289e-05	  -3.90139e-05	 
0.988254	0.0117459	23.503	0	 -8.42024e-06	3.03951e-06	7.12329e-05	 -2.89257e-05	  -4.02885e-05	 
0.987823	0.0121767	24.365	0	 -1.03899e-05	3.19798e-06	7.29272e-05	 -2.71003e-05	  -4.11447e-05	 
0.987385	0.012615	25.2421	0	 -1.34095e-05	3.34833e-06	7.49488e-05	 -2.54849e-05	  -4.18516e-05	 
0.986939	0.0130609	26.1343	0	 -1.67227e-05	3.41367e-06	7.64123e-05	 -2.41116e-05	  -4.26561e-05	 
0.986486	0.0135144	27.0417	0	 -2.00587e-05	3.45435e-06	7.7974e-05	 -2.30411e-05	  -4.34621e-05	 
0.986024	0.0139755	27.9644	0	 -2.30514e-05	3.47225e-06	7.90352e-05	 -2.25921e-05	  -4.43247e-05	 
0.985556	0.014444	28.9018	0	 -2.56783e-05	3.46963e-06	8.0165e-05	 -2.25994e-05	  -4.495e-05	 
0.98508	0.0149201	29.8545	0	 -2.7758e-05	3.43195e-06	8.17972e-05	 -2.30775e-05	  -4.55735e-05	 
0.984596	0.0154038	30.8223	0	 -2.96909e-05	3.36744e-06	8.28066e-05	 -2.36446e-05	  -4.61086e-05	 
0.984105	0.0158949	31.805	0	 -3.12117e-05	3.26819e-06	8.45919e-05	 -2.42239e-05	  -4.67345e-05	 
0.983606	0.0163936	32.8029	0	 -3.2342e-05	3.17066e-06	8.59849e-05	 -2.4724e-05	  -4.74677e-05	 
0.9831	0.0168997	33.8156	0	 -3.31036e-05	3.11012e-06	8.71932e-05	 -2.51172e-05	  -4.80618e-05	 
0.982587	0.0174134	34.8434	0	 -3.33565e-05	3.01772e-06	8.87056e-05	 -2.51496e-05	  -4.84197e-05	 
0.982066	0.0179345	35.8861	0	 -3.35048e-05	2.9443e-06	8.91199e-05	 -2.50398e-05	  -4.90286e-05	 
0.981537	0.0184631	36.9438	0	 -3.32794e-05	2.85687e-06	8.95571e-05	 -2.47493e-05	  -4.94654e-05	 
0.981001	0.0189992	38.0166	0	 -3.27784e-05	2.7438e-06	8.99405e-05	 -2.43078e-05	  -4.95923e-05	 
0.980457	0.0195427	39.1041	0	 -3.20041e-05	2.63965e-06	8.98494e-05	 -2.38783e-05	  -5.00149e-05	 
0.979906	0.0200936	40.2064	0	 -3.12143e-05	2.52343e-06	8.94345e-05	 -2.3378e-05	  -4.99743e-05	 
0.979348	0.020652	41.3237	0	 -3.01777e-05	2.4139e-06	8.88091e-05	 -2.30146e-05	  -5.0074e-05	 
0.978782	0.0212179	42.4561	0	 -2.93532e-05	2.3138e-06	8.75563e-05	 -2.28492e-05	  -5.02817e-05	 
0.978209	0.0217911	43.603	0	 -2.82484e-05	2.20449e-06	8.66017e-05	 -2.2855e-05	  -5.02863e-05	 
0.977628	0.0223717	44.7648	0	 -2.73754e-05	2.09038e-06	8.55498e-05	 -2.31117e-05	  -5.02253e-05	 
0.97704	0.0229598	45.9415	0	 -2.60883e-05	1.96139e-06	8.43713e-05	 -2.34454e-05	  -5.02866e-05	 
0.976445	0.0235552	47.1329	0	 -2.49778e-05	1.82158e-06	8.35887e-05	 -2.36823e-05	  -5.02872e-05	 
0.975842	0.024158	48.3391	0	 -2.35601e-05	1.70428e-06	8.20347e-05	 -2.39636e-05	  -5.06524e-05	 
0.975232	0.0247682	49.5601	0	 -2.22817e-05	1.62136e-06	8.10537e-05	 -2.39532e-05	  -5.06227e-05	 
0.974614	0.0253857	50.7957	0	 -2.11901e-05	1.57096e-06	8.00827e-05	 -2.38913e-05	  -5.06152e-05	 
0.973989	0.0260106	52.0461	0	 -2.00555e-05	1.52066e-06	7.87736e-05	 -2.35279e-05	  -5.06214e-05	 
0.973357	0.0266428	53.3111	0	 -1.91418e-05	1.45651e-06	7.78195e-05	 -2.30267e-05	  -5.10238e-05	 
0.972718	0.0272824	54.5909	0	 -1.8242e-05	1.38986e-06	7.70909e-05	 -2.26395e-05	  -5.08519e-05	 
0.972071	0.0279292	55.8851	0	 -1.72444e-05	1.33041e-06	7.58613e-05	 -2.20706e-05	  -5.0929e-05	 
0.971417	0.0285834	57.1941	0	 -1.62759e-05	1.28186e-06	7.48985e-05	 -2.17154e-05	  -5.10794e-05	 
0.970755	0.0292448	58.5175	0	 -1.52545e-05	1.25737e-06	7.37509e-05	 -2.1371e-05	  -5.10224e-05	 
0.970086	0.0299135	59.8556	0	 -1.43324e-05	1.26342e-06	7.26437e-05	 -2.11369e-05	  -5.1008e-05	 
0.96941	0.0305895	61.2082	0	 -1.33701e-05	1.2784e-06	7.20241e-05	 -2.07143e-05	  -5.10198e-05	 
0.968727	0.0312728	62.5755	0	 -1.25212e-05	1.27651e-06	7.08434e-05	 -2.06088e-05	  -5.10612e-05	 
0.968037	0.0319633	63.9571	0	 -1.17383e-05	1.25302e-06	6.98129e-05	 -2.05037e-05	  -5.07077e-05	 
0.967339	0.032661	65.3532	0	 -1.10432e-05	1.19924e-06	6.87237e-05	 -2.07108e-05	  -5.05601e-05	 
0.966634	0.033366	66.7639	0	 -1.04394e-05	1.13755e-06	6.82109e-05	 -2.08621e-05	  -5.0387e-05	 
0.965922	0.0340782	68.189	0	 -1.00593e-05	1.05116e-06	6.75022e-05	 -2.11086e-05	  -5.03038e-05	 
0.965202	0.0347975	69.6283	0	 -9.85061e-06	9.48297e-07	6.65853e-05	 -2.12612e-05	  -5.03332e-05	 
0.964476	0.0355241	71.0822	0	 -9.77366e-06	8.57918e-07	6.59659e-05	 -2.13647e-05	  -5.00546e-05	 
0.963742	0.0362578	72.5503	0	 -9.93222e-06	7.80421e-07	6.51263e-05	 -2.13644e-05	  -4.98118e-05	 
0.963001	0.0369987	74.0328	0	 -1.01992e-05	7.25517e-07	6.43366e-05	 -2.12684e-05	  -4.99845e-05	 
0.962253	0.0377468	75.5297	0	 -1.05903e-05	6.80129e-07	6.33084e-05	 -2.139e-05	  -4.94175e-05	 
0.961498	0.038502	77.0408	0	 -1.08164e-05	6.44122e-07	6.23982e-05	 -2.14073e-05	  -4.92054e-05	 
0.960736	0.0392643	78.5661	0	 -1.10319e-05	6.22184e-07	6.167e-05	 -2.15305e-05	  -4.90403e-05	 
0.959966	0.0400337	80.1057	0	 -1.12654e-05	6.08023e-07	6.0906e-05	 -2.16533e-05	  -4.89568e-05	 
0.95919	0.0408102	81.6594	0	 -1.14491e-05	6.02883e-07	6.02619e-05	 -2.1834e-05	  -4.86564e-05	 
0.958406	0.0415939	83.2276	0	 -1.17781e-05	5.9543e-07	5.95703e-05	 -2.21399e-05	  -4.82479e-05	 
0.957615	0.0423846	84.8097	0	 -1.21672e-05	5.74807e-07	5.9352e-05	 -2.22458e-05	  -4.79689e-05	 
0.956818	0.0431823	86.4059	0	 -1.25652e-05	5.49042e-07	5.92501e-05	 -2.2597e-05	  -4.76813e-05	 
0.956013	0.0439871	88.0162	0	 -1.30151e-05	5.19132e-07	5.86115e-05	 -2.28678e-05	  -4.71545e-05	 
0.955201	0.044799	89.6408	0	 -1.33866e-05	4.9878e-07	5.83118e-05	 -2.30273e-05	  -4.70838e-05	 
0.954382	0.0456178	91.2792	0	 -1.36883e-05	4.8606e-07	5.75364e-05	 -2.32413e-05	  -4.64272e-05	 
0.953556	0.0464437	92.9318	0	 -1.39023e-05	4.81662e-07	5.69119e-05	 -2.32478e-05	  -4.61766e-05	 
0.952723	0.0472766	94.5984	0	 -1.41052e-05	4.89695e-07	5.61369e-05	 -2.33306e-05	  -4.60084e-05	 
0.951884	0.0481164	96.2788	0	 -1.42418e-05	5.01872e-07	5.52711e-05	 -2.31481e-05	  -4.56608e-05	 
0.951037	0.0489633	97.9734	0	 -1.42267e-05	5.13821e-07	5.45285e-05	 -2.28221e-05	  -4.55315e-05	 
0.950183	0.049817	99.6816	0	 -1.42057e-05	5.2137e-07	5.36486e-05	 -2.24494e-05	  -4.53221e-05	 
0.949322	0.0506777	101.404	0	 -1.41582e-05	5.23703e-07	5.27324e-05	 -2.18708e-05	  -4.50419e-05	 
0.948455	0.0515454	103.14	0	 -1.39795e-05	5.25595e-07	5.21937e-05	 -2.13359e-05	  -4.47004e-05	 
0.94758	0.0524199	104.89	0	 -1.3768e-05	5.31789e-07	5.15121e-05	 -2.08375e-05	  -4.45063e-05	 
0.946699	0.0533014	106.654	0	 -1.34988e-05	5.37144e-07	5.08423e-05	 -2.03613e-05	  -4.41818e-05	 
0.94581	0.0541897	108.431	0	 -1.3248e-05	5.42418e-07	5.015e-05	 -1.97631e-05	  -4.3867e-05	 
0.944915	0.0550849	110.222	0	 -1.30622e-05	5.41686e-07	4.94006e-05	 -1.92368e-05	  -4.37048e-05	 
0.944013	0.055987	112.028	0	 -1.28891e-05	5.36779e-07	4.87178e-05	 -1.87219e-05	  -4.32523e-05	 
0.943104	0.0568959	113.846	0	 -1.27914e-05	5.23279e-07	4.77331e-05	 -1.82902e-05	  -4.3261e-05	 
0.942188	0.0578116	115.678	0	 -1.27751e-05	5.07478e-07	4.70249e-05	 -1.79234e-05	  -4.30803e-05	 
0.941266	0.0587342	117.525	0	 -1.27217e-05	4.99097e-07	4.63792e-05	 -1.75097e-05	  -4.28094e-05	 
0.940337	0.0596635	119.384	0	 -1.27073e-05	4.98643e-07	4.5516e-05	 -1.71818e-05	  -4.27642e-05	 
0.9394	0.0605996	121.257	0	 -1.26318e-05	5.05872e-07	4.48287e-05	 -1.69806e-05	  -4.24223e-05	 
0.938457	0.0615425	123.144	0	 -1.25855e-05	5.07473e-07	4.43991e-05	 -1.68699e-05	  -4.25919e-05	 
0.937508	0.0624921	125.044	0	 -1.26188e-05	4.97011e-07	4.37019e-05	 -1.68614e-05	  -4.23439e-05	 
0.936551	0.0634485	126.958	0	 -1.2688e-05	4.71623e-07	4.28732e-05	 -1.71518e-05	  -4.24959e-05	 
0.935588	0.0644116	128.885	0	 -1.27827e-05	4.46272e-07	4.21316e-05	 -1.75456e-05	  -4.19906e-05	 
0.934619	0.0653814	130.825	0	 -1.30359e-05	4.2996e-07	4.17194e-05	 -1.80851e-05	  -4.17724e-05	 
0.933642	0.0663579	132.779	0	 -1.30772e-05	4.21096e-07	4.15417e-05	 -1.85322e-05	  -4.17267e-05	 
0.932659	0.067341	134.746	0	 -1.32089e-05	4.14661e-07	4.1702e-05	 -1.90375e-05	  -4.14574e-05	 
0.931669	0.0683308	136.727	0	 -1.33896e-05	4.07145e-07	4.22577e-05	 -1.94043e-05	  -4.1277e-05	 
0.930673	0.0693273	138.721	0	 -1.35954e-05	3.98004e-07	4.36791e-05	 -1.95636e-05	  -4.11855e-05	 
0.92967	0.0703303	140.728	0	 -1.37486e-05	3.85868e-07	4.52893e-05	 -1.96523e-05	  -4.08374e-05	 
0.92866	0.07134	142.748	0	 -1.39402e-05	3.76088e-07	4.63147e-05	 -1.98827e-05	  -4.07016e-05	 
0.927644	0.0723563	144.782	0	 -1.39851e-05	3.75401e-07	4.71779e-05	 -2.00337e-05	  -4.06487e-05	 
0.926621	0.0733791	146.828	0	 -1.40376e-05	3.80432e-07	4.76092e-05	 -1.98463e-05	  -4.03003e-05	 
0.925592	0.0744085	148.888	0	 -1.40049e-05	3.89611e-07	4.77952e-05	 -1.96223e-05	  -4.0078e-05	 
0.924555	0.0754445	150.961	0	 -1.40226e-05	4.03527e-07	4.77223e-05	 -1.92963e-05	  -3.98718e-05	 
0.923513	0.076487	153.047	0	 -1.40612e-05	4.14455e-07	4.7533e-05	 -1.90556e-05	  -3.9785e-05	 
0.922464	0.0775359	155.146	0	 -1.41894e-05	4.13367e-07	4.77146e-05	 -1.88824e-05	  -3.94818e-05	 
0.921409	0.0785914	157.258	0	 -1.4393e-05	3.98028e-07	4.76245e-05	 -1.90403e-05	  -3.92413e-05	 
0.920347	0.0796534	159.383	0	 -1.45692e-05	3.8049e-07	4.75374e-05	 -1.93069e-05	  -3.88937e-05	 
0.919278	0.0807218	161.521	0	 -1.47167e-05	3.628e-07	4.74342e-05	 -1.97138e-05	  -3.90467e-05	 
0.918203	0.0817966	163.671	0	 -1.47899e-05	3.51329e-07	4.71464e-05	 -2.02287e-05	  -3.8585e-05	 
0.917122	0.0828779	165.835	0	 -1.4662e-05	3.47038e-07	4.67773e-05	 -2.06014e-05	  -3.82576e-05	 
0.916034	0.0839656	168.011	0	 -1.46416e-05	3.47159e-07	4.68149e-05	 -2.09703e-05	  -3.80782e-05	 
0.91494	0.0850597	170.201	0	 -1.46018e-05	3.52717e-07	4.63829e-05	 -2.12532e-05	  -3.79688e-05	 
0.91384	0.0861601	172.403	0	 -1.45799e-05	3.61468e-07	4.62738e-05	 -2.1291e-05	  -3.77251e-05	 
0.912733	0.0872669	174.617	0	 -1.4546e-05	3.67199e-07	4.59793e-05	 -2.13847e-05	  -3.74616e-05	 
0.91162	0.0883801	176.845	0	 -1.45981e-05	3.6728e-07	4.56004e-05	 -2.13676e-05	  -3.72199e-05	 
0.910501	0.0894995	179.085	0	 -1.46315e-05	3.66407e-07	4.4913e-05	 -2.14847e-05	  -3.70161e-05	 
0.909375	0.0906253	181.337	0	 -1.47174e-05	3.60135e-07	4.45825e-05	 -2.16448e-05	  -3.68705e-05	 
0.908243	0.0917574	183.602	0	 -1.48093e-05	3.52208e-07	4.4325e-05	 -2.19028e-05	  -3.64547e-05	 
0.907104	0.0928957	185.88	0	 -1.50779e-05	3.46859e-07	4.42231e-05	 -2.21567e-05	  -3.62291e-05	 
0.90596	0.0940402	188.17	0	 -1.52694e-05	3.47758e-07	4.37875e-05	 -2.2488e-05	  -3.6237e-05	 
0.904809	0.095191	190.473	0	 -1.54716e-05	3.61388e-07	4.35843e-05	 -2.26394e-05	  -3.60939e-05	 
0.903652	0.096348	192.788	0	 -1.55602e-05	3.80035e-07	4.32438e-05	 -2.27944e-05	  -3.5657e-05	 
0.902489	0.0975112	195.116	0	 -1.56291e-05	3.96353e-07	4.30428e-05	 -2.27424e-05	  -3.56509e-05	 
0.901319	0.0986806	197.456	0	 -1.56778e-05	4.03865e-07	4.26228e-05	 -2.27235e-05	  -3.52812e-05	 
0.900144	0.0998561	199.808	0	 -1.56878e-05	3.96518e-07	4.20931e-05	 -2.28664e-05	  -3.53038e-05	 
0.898962	0.101038	202.172	0	 -1.57775e-05	3.78128e-07	4.16326e-05	 -2.28934e-05	  -3.50965e-05	 
0.897774	0.102226	204.549	0	 -1.57557e-05	3.54432e-07	4.11946e-05	 -2.29717e-05	  -3.49115e-05	 
0.896581	0.103419	206.938	0	 -1.585e-05	3.29011e-07	4.09089e-05	 -2.31181e-05	  -3.46301e-05	 
0.895381	0.104619	209.339	0	 -1.60522e-05	3.17672e-07	4.05267e-05	 -2.32189e-05	  -3.4523e-05	 
0.894175	0.105825	211.752	0	 -1.62874e-05	3.1472e-07	4.01587e-05	 -2.33262e-05	  -3.43152e-05	 
0.892962	0.107038	214.177	0	 -1.64943e-05	3.19953e-07	3.99384e-05	 -2.33318e-05	  -3.40576e-05	 
0.891744	0.108256	216.615	0	 -1.67216e-05	3.24781e-07	3.94078e-05	 -2.31397e-05	  -3.38902e-05	 
0.89052	0.10948	219.064	0	 -1.67611e-05	3.33404e-07	3.91686e-05	 -2.27659e-05	  -3.3656e-05	 
0.88929	0.11071	221.525	0	 -1.68409e-05	3.37644e-07	3.87315e-05	 -2.23795e-05	  -3.357e-05	 
0.888054	0.111946	223.999	0	 -1.69118e-05	3.41613e-07	3.86151e-05	 -2.21043e-05	  -3.34223e-05	 
0.886812	0.113188	226.484	0	 -1.69977e-05	3.40383e-07	3.84878e-05	 -2.20088e-05	  -3.33257e-05	 
0.885564	0.114436	228.981	0	 -1.72066e-05	3.36974e-07	3.83415e-05	 -2.19896e-05	  -3.31992e-05	 
0.88431	0.11569	231.49	0	 -1.72884e-05	3.32753e-07	3.81106e-05	 -2.19507e-05	  -3.30505e-05	 
0.883051	0.116949	234.01	0	 -1.72171e-05	3.27687e-07	3.80522e-05	 -2.18004e-05	  -3.28941e-05	 
0.881785	0.118215	236.543	0	 -1.69892e-05	3.1642e-07	3.79629e-05	 -2.16523e-05	  -3.29123e-05	 
0.880514	0.119486	239.087	0	 -1.68318e-05	3.08325e-07	3.79444e-05	 -2.14616e-05	  -3.27804e-05	 
0.879236	0.120764	241.643	0	 -1.66141e-05	3.03304e-07	3.76834e-05	 -2.13918e-05	  -3.2769e-05	 
0.877953	0.122047	244.21	0	 -1.66468e-05	3.02226e-07	3.75947e-05	 -2.15462e-05	  -3.27145e-05	 
0.876664	0.123336	246.789	0	 -1.6526e-05	3.02058e-07	3.71726e-05	 -2.18141e-05	  -3.26664e-05	 
0.87537	0.12463	249.38	0	 -1.64226e-05	2.98968e-07	3.70819e-05	 -2.21335e-05	  -3.25147e-05	 
0.87407	0.12593	251.981	0	 -1.64822e-05	2.93015e-07	3.69165e-05	 -2.23644e-05	  -3.27018e-05	 
0.872763	0.127237	254.595	0	 -1.63695e-05	2.88156e-07	3.70523e-05	 -2.25059e-05	  -3.27542e-05	 
0.871452	0.128548	257.22	0	 -1.62891e-05	2.84668e-07	3.69757e-05	 -2.25809e-05	  -3.26329e-05	 
0.870134	0.129866	259.856	0	 -1.61039e-05	2.83613e-07	3.68349e-05	 -2.25356e-05	  -3.25613e-05	 
0.868811	0.131189	262.504	0	 -1.5827e-05	2.85825e-07	3.69035e-05	 -2.25093e-05	  -3.2505e-05	 
0.867482	0.132518	265.162	0	 -1.55076e-05	2.88302e-07	3.68952e-05	 -2.22211e-05	  -3.25763e-05	 
0.866148	0.133852	267.833	0	 -1.52594e-05	2.95986e-07	3.72659e-05	 -2.19186e-05	  -3.2392e-05	 
0.864808	0.135192	270.514	0	 -1.50626e-05	3.05677e-07	3.75259e-05	 -2.20419e-05	  -3.23008e-05	 
0.863462	0.136538	273.206	0	 -1.50207e-05	3.16359e-07	3.77727e-05	 -2.21343e-05	  -3.23452e-05	 
0.862111	0.137889	275.91	0	 -1.50312e-05	3.297e-07	3.82735e-05	 -2.24665e-05	  -3.23841e-05	 
0.860754	0.139246	278.625	0	 -1.51616e-05	3.42309e-07	3.84671e-05	 -2.27576e-05	  -3.23723e-05	 
0.859392	0.140608	281.35	0	 -1.52299e-05	3.54482e-07	3.88793e-05	 -2.3e-05	  -3.2323e-05	 
0.858024	0.141976	284.087	0	 -1.54477e-05	3.57515e-07	3.93417e-05	 -2.322e-05	  -3.22131e-05	 
0.856651	0.143349	286.835	0	 -1.56757e-05	3.49838e-07	3.96739e-05	 -2.32898e-05	  -3.22191e-05	 
0.855272	0.144728	289.594	0	 -1.58229e-05	3.2725e-07	3.9917e-05	 -2.31322e-05	  -3.21198e-05	 
0.853888	0.146112	292.363	0	 -1.5918e-05	3.05352e-07	4.01114e-05	 -2.305e-05	  -3.20164e-05	 
0.852499	0.147501	295.143	0	 -1.59554e-05	2.87681e-07	4.00455e-05	 -2.29372e-05	  -3.1975e-05	 
0.851104	0.148896	297.935	0	 -1.58823e-05	2.81741e-07	3.9806e-05	 -2.27791e-05	  -3.18661e-05	 
0.849704	0.150296	300.736	0	 -1.59838e-05	2.79012e-07	3.97709e-05	 -2.2578e-05	  -3.17686e-05	 
0.848298	0.151702	303.549	0	 -1.60129e-05	2.8164e-07	3.93428e-05	 -2.25952e-05	  -3.17426e-05	 
0.846887	0.153113	306.372	0	 -1.61436e-05	2.86833e-07	3.91105e-05	 -2.24771e-05	  -3.17571e-05	 
0.845471	0.154529	309.206	0	 -1.62429e-05	2.97886e-07	3.91153e-05	 -2.23308e-05	  -3.19309e-05	 
0.844049	0.155951	312.05	0	 -1.61664e-05	3.12151e-07	3.8843e-05	 -2.20724e-05	  -3.17556e-05	 
0.842623	0.157377	314.905	0	 -1.61543e-05	3.24232e-07	3.89376e-05	 -2.18351e-05	  -3.18108e-05	 
0.841191	0.158809	317.771	0	 -1.61182e-05	3.35008e-07	3.87945e-05	 -2.17486e-05	  -3.19098e-05	 
0.839753	0.160247	320.646	0	 -1.59189e-05	3.44443e-07	3.83928e-05	 -2.16374e-05	  -3.1792e-05	 
0.838311	0.161689	323.533	0	 -1.57236e-05	3.55963e-07	3.83041e-05	 -2.15001e-05	  -3.17745e-05	 
0.836863	0.163137	326.429	0	 -1.52326e-05	3.5912e-07	3.75969e-05	 -2.12428e-05	  -3.18034e-05	 
0.835411	0.164589	329.336	0	 -1.46681e-05	3.55696e-07	3.71667e-05	 -2.08236e-05	  -3.17343e-05	 
0.833953	0.166047	332.253	0	 -1.40514e-05	3.48836e-07	3.65774e-05	 -2.03414e-05	  -3.16945e-05	 
0.83249	0.16751	335.18	0	 -1.36542e-05	3.40862e-07	3.58556e-05	 -1.98465e-05	  -3.16842e-05	 
0.831022	0.168978	338.118	0	 -1.33484e-05	3.33608e-07	3.53325e-05	 -1.9427e-05	  -3.19787e-05	 
0.829549	0.170451	341.065	0	 -1.3052e-05	3.25715e-07	3.48722e-05	 -1.89856e-05	  -3.2019e-05	 
0.828071	0.171929	344.023	0	 -1.2792e-05	3.16432e-07	3.4464e-05	 -1.85584e-05	  -3.21396e-05	 
0.826588	0.173412	346.991	0	 -1.24317e-05	3.12634e-07	3.40093e-05	 -1.80591e-05	  -3.20721e-05	 
0.825099	0.174901	349.968	0	 -1.21077e-05	3.09407e-07	3.33467e-05	 -1.76227e-05	  -3.22364e-05	 
0.823606	0.176394	352.956	0	 -1.19161e-05	3.02474e-07	3.24935e-05	 -1.72236e-05	  -3.20931e-05	 
0.822108	0.177892	355.953	0	 -1.19064e-05	2.8873e-07	3.18042e-05	 -1.706e-05	  -3.18273e-05	 
0.820605	0.179395	358.96	0	 -1.19464e-05	2.74894e-07	3.11583e-05	 -1.7139e-05	  -3.18936e-05	 
0.819098	0.180902	361.977	0	 -1.21011e-05	2.67859e-07	3.05576e-05	 -1.73898e-05	  -3.18614e-05	 
0.817585	0.182415	365.004	0	 -1.23019e-05	2.64e-07	2.98536e-05	 -1.76882e-05	  -3.18384e-05	 
0.816067	0.183933	368.041	0	 -1.24888e-05	2.61643e-07	2.96384e-05	 -1.81185e-05	  -3.17854e-05	 
0.814545	0.185455	371.087	0	 -1.2726e-05	2.65398e-07	2.94938e-05	 -1.85336e-05	  -3.17332e-05	 
0.813018	0.186982	374.143	0	 -1.2959e-05	2.73495e-07	2.94528e-05	 -1.87534e-05	  -3.13242e-05	 
0.811486	0.188514	377.208	0	 -1.31141e-05	2.88996e-07	2.94176e-05	 -1.87951e-05	  -3.12342e-05	 
0.809949	0.190051	380.283	0	 -1.33889e-05	3.05954e-07	2.93978e-05	 -1.8824e-05	  -3.11132e-05	 
0.808408	0.191592	383.368	0	 -1.35424e-05	3.16654e-07	2.92922e-05	 -1.87942e-05	  -3.10932e-05	 
0.806862	0.193138	386.461	0	 -1.37612e-05	3.23688e-07	2.93688e-05	 -1.89853e-05	  -3.10734e-05	 
0.805311	0.194689	389.564	0	 -1.40413e-05	3.30683e-07	2.91214e-05	 -1.92453e-05	  -3.12342e-05	 
0.803755	0.196245	392.677	0	 -1.42811e-05	3.34902e-07	2.90126e-05	 -1.94668e-05	  -3.117e-05	 
0.802195	0.197805	395.798	0	 -1.43341e-05	3.33987e-07	2.85243e-05	 -1.95981e-05	  -3.12911e-05	 
0.800631	0.199369	398.929	0	 -1.43196e-05	3.27443e-07	2.81646e-05	 -1.93918e-05	  -3.10084e-05	 
0.799061	0.200939	402.069	0	 -1.4264e-05	3.20558e-07	2.76826e-05	 -1.91634e-05	  -3.0922e-05	 
0.797487	0.202513	405.219	0	 -1.43299e-05	3.13811e-07	2.73597e-05	 -1.8916e-05	  -3.08711e-05	 
0.795909	0.204091	408.377	0	 -1.44085e-05	3.05378e-07	2.70944e-05	 -1.90228e-05	  -3.07976e-05	 
0.794326	0.205674	411.544	0	 -1.45863e-05	2.95578e-07	2.70634e-05	 -1.91539e-05	  -3.0657e-05	 
0.792739	0.207261	414.721	0	 -1.46784e-05	2.84108e-07	2.67228e-05	 -1.92002e-05	  -3.02435e-05	 
0.791147	0.208853	417.906	0	 -1.46717e-05	2.78675e-07	2.67434e-05	 -1.9434e-05	  -2.98292e-05	 
0.789551	0.210449	421.1	0	 -1.46215e-05	2.78716e-07	2.66219e-05	 -1.95302e-05	  -2.96983e-05	 
0.78795	0.21205	424.303	0	 -1.44485e-05	2.76702e-07	2.63537e-05	 -1.96663e-05	  -2.92795e-05	 
0.786345	0.213655	427.515	0	 -1.43999e-05	2.72872e-07	2.62332e-05	 -1.98019e-05	  -2.89573e-05	 
0.784735	0.215265	430.735	0	 -1.41778e-05	2.7152e-07	2.62048e-05	 -1.96071e-05	  -2.87511e-05	 
0.783121	0.216879	433.964	0	 -1.40434e-05	2.76085e-07	2.6149e-05	 -1.95734e-05	  -2.85772e-05	 
0.781503	0.218497	437.202	0	 -1.38984e-05	2.80384e-07	2.6364e-05	 -1.93873e-05	  -2.81816e-05	 
0.779881	0.220119	440.449	0	 -1.3719e-05	2.82899e-07	2.64467e-05	 -1.92078e-05	  -2.80623e-05	 
0.778254	0.221746	443.704	0	 -1.36742e-05	2.83527e-07	2.66744e-05	 -1.89649e-05	  -2.77661e-05	 
0.776623	0.223377	446.967	0	 -1.34648e-05	2.85446e-07	2.65571e-05	 -1.8671e-05	  -2.76623e-05	 
0.774988	0.225012	450.239	0	 -1.33626e-05	2.87424e-07	2.63662e-05	 -1.84014e-05	  -2.75103e-05	 
0.773349	0.226651	453.519	0	 -1.32464e-05	2.86168e-07	2.62469e-05	 -1.79593e-05	  -2.75952e-05	 
0.771705	0.228295	456.808	0	 -1.31029e-05	2.82529e-07	2.60936e-05	 -1.75213e-05	  -2.75686e-05	 
0.770058	0.229942	460.105	0	 -1.31211e-05	2.73358e-07	2.57216e-05	 -1.70732e-05	  -2.74276e-05	 
0.768406	0.231594	463.41	0	 -1.29729e-05	2.6558e-07	2.54101e-05	 -1.66866e-05	  -2.75209e-05	 
0.76675	0.23325	466.723	0	 -1.29937e-05	2.60345e-07	2.52454e-05	 -1.65044e-05	  -2.74363e-05	 
0.76509	0.23491	470.045	0	 -1.31723e-05	2.58839e-07	2.49653e-05	 -1.65215e-05	  -2.73102e-05	 
0.763426	0.236574	473.374	0	 -1.33376e-05	2.56804e-07	2.48813e-05	 -1.65964e-05	  -2.72258e-05	 
0.761758	0.238242	476.711	0	 -1.35685e-05	2.5252e-07	2.47719e-05	 -1.68023e-05	  -2.72809e-05	 
0.760086	0.239914	480.057	0	 -1.36201e-05	2.4804e-07	2.49605e-05	 -1.70015e-05	  -2.73758e-05	 
0.75841	0.24159	483.41	0	 -1.38013e-05	2.43655e-07	2.52777e-05	 -1.72988e-05	  -2.72602e-05	 
0.75673	0.24327	486.772	0	 -1.41524e-05	2.42944e-07	2.56144e-05	 -1.81089e-05	  -2.71065e-05	 
0.755046	0.244954	490.141	0	 -1.45535e-05	2.48736e-07	2.61652e-05	 -1.91521e-05	  -2.73504e-05	 
0.753359	0.246641	493.518	0	 -1.49063e-05	2.56361e-07	2.65591e-05	 -2.014e-05	  -2.74156e-05	 
0.751667	0.248333	496.903	0	 -1.51889e-05	2.61272e-07	2.69669e-05	 -2.07199e-05	  -2.75109e-05	 
0.749972	0.250028	500.295	0	 -1.53824e-05	2.65967e-07	2.74954e-05	 -2.11104e-05	  -2.74015e-05	 
0.748273	0.251727	503.695	0	 -1.54923e-05	2.71433e-07	2.7937e-05	 -2.17369e-05	  -2.71379e-05	 
0.74657	0.25343	507.103	0	 -1.57758e-05	2.80273e-07	2.8671e-05	 -2.2552e-05	  -2.71329e-05	 
0.744863	0.255137	510.518	0	 -1.60112e-05	2.81566e-07	2.91569e-05	 -2.3316e-05	  -2.70105e-05	 
0.743153	0.256847	513.94	0	 -1.62629e-05	2.75814e-07	2.96434e-05	 -2.38664e-05	  -2.68411e-05	 
0.741439	0.258561	517.37	0	 -1.62081e-05	2.67519e-07	3.02228e-05	 -2.39878e-05	  -2.67886e-05	 
0.739721	0.260279	520.807	0	 -1.61023e-05	2.60546e-07	3.04747e-05	 -2.40165e-05	  -2.66938e-05	 
0.737999	0.262001	524.252	0	 -1.61835e-05	2.60915e-07	3.06825e-05	 -2.40753e-05	  -2.66798e-05	 
0.736274	0.263726	527.704	0	 -1.61708e-05	2.71127e-07	3.06718e-05	 -2.39932e-05	  -2.67956e-05	 
0.734545	0.265455	531.163	0	 -1.61294e-05	2.82608e-07	3.04258e-05	 -2.38813e-05	  -2.68685e-05	 
0.732813	0.267187	534.629	0	 -1.60664e-05	2.83711e-07	2.99483e-05	 -2.37414e-05	  -2.69216e-05	 
0.731077	0.268923	538.102	0	 -1.588e-05	2.76338e-07	2.95555e-05	 -2.32233e-05	  -2.66681e-05	 
0.729338	0.270662	541.583	0	 -1.55555e-05	2.68349e-07	2.94252e-05	 -2.28475e-05	  -2.65112e-05	 
0.727595	0.272405	545.07	0	 -1.5315e-05	2.64791e-07	2.95536e-05	 -2.24175e-05	  -2.63402e-05	 
0.725849	0.274151	548.564	0	 -1.51069e-05	2.63704e-07	2.98768e-05	 -2.2014e-05	  -2.63016e-05	 
0.724099	0.275901	552.065	0	 -1.50357e-05	2.6498e-07	3.01904e-05	 -2.16966e-05	  -2.62383e-05	 
0.722346	0.277654	555.573	0	 -1.51098e-05	2.69047e-07	3.00563e-05	 -2.12421e-05	  -2.62044e-05	 
0.720589	0.279411	559.088	0	 -1.50181e-05	2.61789e-07	2.96555e-05	 -2.0952e-05	  -2.59307e-05	 
0.71883	0.28117	562.61	0	 -1.49559e-05	2.46862e-07	2.93965e-05	 -2.05225e-05	  -2.57865e-05	 
0.717066	0.282934	566.138	0	 -1.48365e-05	2.32928e-07	2.92248e-05	 -2.01534e-05	  -2.55653e-05	 
0.7153	0.2847	569.672	0	 -1.46377e-05	2.26238e-07	2.90505e-05	 -1.98753e-05	  -2.53799e-05	 
0.71353	0.28647	573.214	0	 -1.45153e-05	2.2407e-07	2.90483e-05	 -1.97808e-05	  -2.52609e-05	 
0.711757	0.288243	576.762	0	 -1.46984e-05	2.30692e-07	2.91297e-05	 -1.98405e-05	  -2.50836e-05	 
0.709981	0.290019	580.316	0	 -1.4832e-05	2.41227e-07	2.87679e-05	 -2.00287e-05	  -2.49204e-05	 
0.708201	0.291799	583.877	0	 -1.5171e-05	2.54817e-07	2.79871e-05	 -2.03037e-05	  -2.48315e-05	 
0.706418	0.293582	587.444	0	 -1.52247e-05	2.59611e-07	2.74429e-05	 -2.04192e-05	  -2.45932e-05	 
0.704633	0.295367	591.017	0	 -1.52269e-05	2.60542e-07	2.68819e-05	 -2.04221e-05	  -2.43202e-05	 
0.702844	0.297156	594.597	0	 -1.51299e-05	2.57984e-07	2.69455e-05	 -2.05037e-05	  -2.40935e-05	 
0.701052	0.298948	598.182	0	 -1.50855e-05	2.57751e-07	2.72126e-05	 -2.06699e-05	  -2.39029e-05	 
0.699257	0.300743	601.774	0	 -1.50161e-05	2.57866e-07	2.73017e-05	 -2.08648e-05	  -2.39585e-05	 
0.697458	0.302542	605.372	0	 -1.515e-05	2.58769e-07	2.73411e-05	 -2.08473e-05	  -2.36775e-05	 
0.695657	0.304343	608.976	0	 -1.53181e-05	2.53823e-07	2.71391e-05	 -2.07415e-05	  -2.34711e-05	 
0.693853	0.306147	612.586	0	 -1.55683e-05	2.46402e-07	2.7061e-05	 -2.05043e-05	  -2.32536e-05	 
0.692046	0.307954	616.202	0	 -1.57976e-05	2.42662e-07	2.69178e-05	 -2.0254e-05	  -2.31018e-05	 
0.690236	0.309764	619.824	0	 -1.5968e-05	2.41912e-07	2.65379e-05	 -2.00381e-05	  -2.29395e-05	 
0.688423	0.311577	623.451	0	 -1.62302e-05	2.46395e-07	2.58617e-05	 -1.9703e-05	  -2.27011e-05	 
0.686608	0.313392	627.085	0	 -1.63125e-05	2.47763e-07	2.53412e-05	 -1.94507e-05	  -2.25151e-05	 
0.684789	0.315211	630.723	0	 -1.62673e-05	2.42688e-07	2.4803e-05	 -1.89895e-05	  -2.23672e-05	 
0.682967	0.317033	634.368	0	 -1.61748e-05	2.38987e-07	2.43285e-05	 -1.84203e-05	  -2.22029e-05	 
0.681143	0.318857	638.018	0	 -1.62928e-05	2.40749e-07	2.43595e-05	 -1.81867e-05	  -2.23356e-05	 
0.679316	0.320684	641.674	0	 -1.65435e-05	2.45693e-07	2.44524e-05	 -1.81736e-05	  -2.24017e-05	 
0.677487	0.322513	645.335	0	 -1.67374e-05	2.46679e-07	2.46105e-05	 -1.81736e-05	  -2.23462e-05	 
0.675654	0.324346	649.002	0	 -1.69246e-05	2.44017e-07	2.45587e-05	 -1.82907e-05	  -2.21908e-05	 
0.673819	0.326181	652.673	0	 -1.70941e-05	2.37356e-07	2.43792e-05	 -1.82974e-05	  -2.21127e-05	 
0.671981	0.328019	656.351	0	 -1.71444e-05	2.30483e-07	2.43337e-05	 -1.84077e-05	  -2.17571e-05	 
0.670141	0.329859	660.033	0	 -1.71546e-05	2.30937e-07	2.43485e-05	 -1.84057e-05	  -2.16296e-05	 
0.668298	0.331702	663.721	0	 -1.72312e-05	2.36516e-07	2.41976e-05	 -1.82909e-05	  -2.1562e-05	 
0.666453	0.333547	667.414	0	 -1.71695e-05	2.47806e-07	2.39296e-05	 -1.83224e-05	  -2.15543e-05	 
0.664605	0.335395	671.111	0	 -1.73498e-05	2.53356e-07	2.3846e-05	 -1.82487e-05	  -2.15001e-05	 
0.662754	0.337246	674.814	0	 -1.74724e-05	2.56163e-07	2.36413e-05	 -1.83144e-05	  -2.15334e-05	 
0.660901	0.339099	678.522	0	 -1.76164e-05	2.57314e-07	2.37273e-05	 -1.84883e-05	  -2.15252e-05	 
0.659045	0.340955	682.235	0	 -1.7715e-05	2.61511e-07	2.3733e-05	 -1.85608e-05	  -2.15901e-05	 
0.657188	0.342812	685.952	0	 -1.75928e-05	2.68826e-07	2.36557e-05	 -1.83081e-05	  -2.16921e-05	 
0.655327	0.344673	689.675	0	 -1.73019e-05	2.78962e-07	2.34363e-05	 -1.77246e-05	  -2.16058e-05	 
0.653465	0.346535	693.402	0	 -1.69433e-05	2.93726e-07	2.30911e-05	 -1.71427e-05	  -2.14027e-05	 
0.651599	0.348401	697.134	0	 -1.66839e-05	3.09214e-07	2.28742e-05	 -1.68993e-05	  -2.13234e-05	 
0.649732	0.350268	700.87	0	 -1.69016e-05	3.19274e-07	2.27245e-05	 -1.71995e-05	  -2.12054e-05	 
0.647863	0.352137	704.611	0	 -1.72159e-05	3.23694e-07	2.27092e-05	 -1.78421e-05	  -2.13391e-05	 
0.645991	0.354009	708.357	0	 -1.74351e-05	3.25966e-07	2.24759e-05	 -1.84294e-05	  -2.12626e-05	 
0.644117	0.355883	712.107	0	 -1.73869e-05	3.17605e-07	2.24724e-05	 -1.87623e-05	  -2.12222e-05	 
0.64224	0.35776	715.861	0	 -1.71752e-05	3.03368e-07	2.26324e-05	 -1.88563e-05	  -2.10053e-05	 
0.640362	0.359638	719.62	0	 -1.68885e-05	2.88956e-07	2.29312e-05	 -1.86833e-05	  -2.08492e-05	 
0.638481	0.361519	723.383	0	 -1.657e-05	2.7657e-07	2.33931e-05	 -1.83962e-05	  -2.06637e-05	 
0.636598	0.363402	727.15	0	 -1.60132e-05	2.6508e-07	2.37085e-05	 -1.82399e-05	  -2.04413e-05	 
0.634714	0.365286	730.922	0	 -1.55174e-05	2.57717e-07	2.42961e-05	 -1.79339e-05	  -2.00515e-05	 
0.632827	0.367173	734.697	0	 -1.49149e-05	2.50237e-07	2.45617e-05	 -1.75319e-05	  -1.98706e-05	 
0.630938	0.369062	738.477	0	 -1.44422e-05	2.45688e-07	2.45122e-05	 -1.71749e-05	  -1.9732e-05	 
0.629047	0.370953	742.261	0	 -1.39811e-05	2.4257e-07	2.43261e-05	 -1.69547e-05	  -1.97527e-05	 
0.627154	0.372846	746.048	0	 -1.37116e-05	2.45174e-07	2.41268e-05	 -1.68801e-05	  -1.96533e-05	 
0.625259	0.374741	749.84	0	 -1.35922e-05	2.51985e-07	2.40552e-05	 -1.6782e-05	  -1.96118e-05	 
0.623363	0.376637	753.635	0	 -1.36567e-05	2.53566e-07	2.38558e-05	 -1.68987e-05	  -1.94341e-05	 
0.621464	0.378536	757.434	0	 -1.37556e-05	2.47224e-07	2.42159e-05	 -1.7112e-05	  -1.92139e-05	 
0.619563	0.380437	761.237	0	 -1.36472e-05	2.32355e-07	2.47065e-05	 -1.72895e-05	  -1.89798e-05	 
0.617661	0.382339	765.043	0	 -1.36096e-05	2.1755e-07	2.50012e-05	 -1.73581e-05	  -1.89727e-05	 
0.615757	0.384243	768.853	0	 -1.3509e-05	2.03679e-07	2.53326e-05	 -1.74804e-05	  -1.87123e-05	 
0.613851	0.386149	772.667	0	 -1.35682e-05	1.94145e-07	2.57288e-05	 -1.7701e-05	  -1.85559e-05	 
0.611943	0.388057	776.484	0	 -1.35159e-05	1.9621e-07	2.56674e-05	 -1.80617e-05	  -1.83955e-05	 
0.610034	0.389966	780.304	0	 -1.37005e-05	2.0864e-07	2.5376e-05	 -1.84006e-05	  -1.82771e-05	 
0.608123	0.391877	784.128	0	 -1.38884e-05	2.21669e-07	2.51146e-05	 -1.88221e-05	  -1.80569e-05	 
0.60621	0.39379	787.955	0	 -1.4135e-05	2.28389e-07	2.48409e-05	 -1.91294e-05	  -1.77107e-05	 
0.604296	0.395704	791.786	0	 -1.42767e-05	2.32178e-07	2.46707e-05	 -1.94275e-05	  -1.74173e-05	 
0.60238	0.39762	795.619	0	 -1.43987e-05	2.35841e-07	2.43876e-05	 -1.9587e-05	  -1.71967e-05	 
0.600463	0.399537	799.456	0	 -1.45279e-05	2.41861e-07	2.36922e-05	 -1.94524e-05	  -1.69169e-05	 
0.598544	0.401456	803.296	0	 -1.47169e-05	2.47763e-07	2.31118e-05	 -1.93521e-05	  -1.65837e-05	 
0.596623	0.403377	807.139	0	 -1.4796e-05	2.56394e-07	2.27902e-05	 -1.91962e-05	  -1.61812e-05	 
0.594701	0.405299	810.985	0	 -1.48303e-05	2.64792e-07	2.23988e-05	 -1.89312e-05	  -1.60197e-05	 
0.592778	0.407222	814.833	0	 -1.48441e-05	2.73774e-07	2.24356e-05	 -1.88503e-05	  -1.59338e-05	 
0.590853	0.409147	818.685	0	 -1.49607e-05	2.76438e-07	2.266e-05	 -1.8961e-05	  -1.56772e-05	 
0.588927	0.411073	822.539	0	 -1.52924e-05	2.75777e-07	2.25747e-05	 -1.93257e-05	  -1.55795e-05	 
0.586999	0.413001	826.396	0	 -1.54936e-05	2.77294e-07	2.25196e-05	 -1.96505e-05	  -1.55161e-05	 
0.58507	0.41493	830.256	0	 -1.58362e-05	2.81685e-07	2.24731e-05	 -1.98511e-05	  -1.54475e-05	 
0.58314	0.41686	834.119	0	 -1.61078e-05	2.82942e-07	2.24321e-05	 -1.99615e-05	  -1.52466e-05	 
0.581208	0.418792	837.983	0	 -1.63531e-05	2.83456e-07	2.24351e-05	 -1.9853e-05	  -1.4928e-05	 
0.579276	0.420724	841.851	0	 -1.64763e-05	2.81828e-07	2.22404e-05	 -1.94824e-05	  -1.46742e-05	 
0.577341	0.422659	845.721	0	 -1.65609e-05	2.75222e-07	2.20506e-05	 -1.90599e-05	  -1.46184e-05	 
0.575406	0.424594	849.593	0	 -1.65464e-05	2.6391e-07	2.20584e-05	 -1.90736e-05	  -1.45951e-05	 
0.57347	0.42653	853.468	0	 -1.65987e-05	2.53346e-07	2.21817e-05	 -1.93733e-05	  -1.44333e-05	 
0.571532	0.428468	857.344	0	 -1.64867e-05	2.44947e-07	2.24649e-05	 -1.95047e-05	  -1.43613e-05	 
0.569594	0.430406	861.224	0	 -1.63743e-05	2.44166e-07	2.2694e-05	 -1.95701e-05	  -1.43181e-05	 
0.567654	0.432346	865.105	0	 -1.62534e-05	2.45821e-07	2.28421e-05	 -1.96176e-05	  -1.42789e-05	 
0.565713	0.434287	868.988	0	 -1.62802e-05	2.52616e-07	2.28447e-05	 -1.97037e-05	  -1.42942e-05	 
0.563772	0.436228	872.874	0	 -1.64367e-05	2.58634e-07	2.2858e-05	 -1.9786e-05	  -1.42947e-05	 
0.561829	0.438171	876.761	0	 -1.65741e-05	2.62298e-07	2.29194e-05	 -2.00119e-05	  -1.43033e-05	 
0.559885	0.440115	880.65	0	 -1.67991e-05	2.6157e-07	2.30821e-05	 -2.01878e-05	  -1.42663e-05	 
0.557941	0.442059	884.541	0	 -1.68252e-05	2.61637e-07	2.3227e-05	 -2.02737e-05	  -1.42242e-05	 
0.555995	0.444005	888.434	0	 -1.69731e-05	2.53367e-07	2.33645e-05	 -2.02774e-05	  -1.4135e-05	 
0.554049	0.445951	892.329	0	 -1.7114e-05	2.38545e-07	2.36873e-05	 -2.03249e-05	  -1.40687e-05	 
0.552102	0.447898	896.225	0	 -1.73109e-05	2.25512e-07	2.36355e-05	 -2.03369e-05	  -1.40602e-05	 
0.550153	0.449847	900.123	0	 -1.73902e-05	2.15969e-07	2.33796e-05	 -1.99559e-05	  -1.40825e-05	 
0.548205	0.451795	904.022	0	 -1.7273e-05	2.15985e-07	2.29775e-05	 -1.96017e-05	  -1.39978e-05	 
0.546255	0.453745	907.923	0	 -1.71693e-05	2.19431e-07	2.27466e-05	 -1.91645e-05	  -1.39485e-05	 
0.544305	0.455695	911.826	0	 -1.69838e-05	2.26113e-07	2.26091e-05	 -1.86338e-05	  -1.39827e-05	 
0.542354	0.457646	915.73	0	 -1.67939e-05	2.33166e-07	2.24986e-05	 -1.80841e-05	  -1.40464e-05	 
0.540402	0.459598	919.635	0	 -1.68775e-05	2.40559e-07	2.23542e-05	 -1.77839e-05	  -1.42077e-05	 
0.53845	0.46155	923.541	0	 -1.70831e-05	2.46951e-07	2.23463e-05	 -1.77115e-05	  -1.43226e-05	 
0.536497	0.463503	927.449	0	 -1.73017e-05	2.52388e-07	2.21557e-05	 -1.78974e-05	  -1.44882e-05	 
0.534544	0.465456	931.357	0	 -1.71697e-05	2.59391e-07	2.19787e-05	 -1.79103e-05	  -1.4589e-05	 
0.53259	0.46741	935.267	0	 -1.69782e-05	2.59892e-07	2.16786e-05	 -1.78528e-05	  -1.47154e-05	 
0.530635	0.469365	939.178	0	 -1.68319e-05	2.47225e-07	2.12909e-05	 -1.77347e-05	  -1.49359e-05	 
0.52868	0.47132	943.09	0	 -1.66945e-05	2.31926e-07	2.12098e-05	 -1.75059e-05	  -1.49259e-05	 
0.526725	0.473275	947.003	0	 -1.66434e-05	2.18663e-07	2.12921e-05	 -1.7493e-05	  -1.48803e-05	 
0.524769	0.475231	950.917	0	 -1.66329e-05	2.10717e-07	2.12089e-05	 -1.74e-05	  -1.47978e-05	 
0.522813	0.477187	954.831	0	 -1.65702e-05	2.04507e-07	2.11957e-05	 -1.75135e-05	  -1.46502e-05	 
0.520856	0.479144	958.746	0	 -1.65931e-05	2.00107e-07	2.1054e-05	 -1.74848e-05	  -1.452e-05	 
0.518899	0.481101	962.662	0	 -1.65271e-05	1.98499e-07	2.09357e-05	 -1.73497e-05	  -1.44859e-05	 
0.516942	0.483058	966.578	0	 -1.64792e-05	1.99547e-07	2.07103e-05	 -1.72793e-05	  -1.46149e-05	 
0.514984	0.485016	970.496	0	 -1.64207e-05	2.01617e-07	2.0422e-05	 -1.72818e-05	  -1.46671e-05	 
0.513026	0.486974	974.413	0	 -1.63237e-05	2.03661e-07	2.04062e-05	 -1.72487e-05	  -1.48351e-05	 
0.511068	0.488932	978.331	0	 -1.61071e-05	2.06279e-07	2.0374e-05	 -1.7477e-05	  -1.49613e-05	 
0.50911	0.49089	982.249	0	 -1.60152e-05	2.06378e-07	2.06457e-05	 -1.7637e-05	  -1.49591e-05	 
0.507151	0.492849	986.168	0	 -1.59002e-05	2.04318e-07	2.08181e-05	 -1.80393e-05	  -1.488e-05	 
0.505193	0.494807	990.087	0	 -1.60293e-05	2.05518e-07	2.08067e-05	 -1.84982e-05	  -1.47977e-05	 
0.503234	0.496766	994.006	0	 -1.63448e-05	2.1261e-07	2.07186e-05	 -1.90422e-05	  -1.46214e-05	 
0.501276	0.498724	997.925	0	 -1.64773e-05	2.15934e-07	2.05449e-05	 -1.93888e-05	  -1.45388e-05	 
0.499317	0.500683	1001.84	0	 -1.66574e-05	2.16792e-07	2.04883e-05	 -1.96306e-05	  -1.41946e-05	 
0.497358	0.502642	1005.76	0	 -1.68526e-05	2.16402e-07	2.02806e-05	 -1.97713e-05	  -1.39666e-05	 
0.495399	0.504601	1009.68	0	 -1.71731e-05	2.2128e-07	2.00719e-05	 -1.97746e-05	  -1.39149e-05	 
0.493441	0.506559	1013.6	0	 -1.74635e-05	2.30228e-07	1.97661e-05	 -1.96902e-05	  -1.37612e-05	 
0.491482	0.508518	1017.52	0	 -1.76331e-05	2.44437e-07	1.93281e-05	 -1.94627e-05	  -1.3638e-05	 
0.489523	0.510477	1021.44	0	 -1.75824e-05	2.5819e-07	1.88955e-05	 -1.88787e-05	  -1.34611e-05	 
0.487565	0.512435	1025.36	0	 -1.732e-05	2.74502e-07	1.85058e-05	 -1.81942e-05	  -1.33195e-05	 
0.485607	0.514393	1029.28	0	 -1.72172e-05	2.91655e-07	1.80868e-05	 -1.76583e-05	  -1.32064e-05	 
0.483649	0.516351	1033.2	0	 -1.74828e-05	3.06472e-07	1.77954e-05	 -1.75938e-05	  -1.3172e-05	 
0.481691	0.518309	1037.11	0	 -1.77431e-05	3.1348e-07	1.75653e-05	 -1.76821e-05	  -1.31961e-05	 
0.479733	0.520267	1041.03	0	 -1.80808e-05	3.09754e-07	1.72056e-05	 -1.78536e-05	  -1.32711e-05	 
0.477776	0.522224	1044.95	0	 -1.80184e-05	2.97533e-07	1.71016e-05	 -1.7968e-05	  -1.33809e-05	 
0.475819	0.524181	1048.86	0	 -1.81326e-05	2.81846e-07	1.71416e-05	 -1.81062e-05	  -1.352e-05	 
0.473862	0.526138	1052.78	0	 -1.82714e-05	2.69114e-07	1.70604e-05	 -1.83585e-05	  -1.35142e-05	 
0.471906	0.528094	1056.69	0	 -1.84066e-05	2.52525e-07	1.69819e-05	 -1.85875e-05	  -1.34748e-05	 
0.46995	0.53005	1060.61	0	 -1.83616e-05	2.35428e-07	1.68995e-05	 -1.86602e-05	  -1.35361e-05	 
0.467995	0.532005	1064.52	0	 -1.81246e-05	2.2173e-07	1.68276e-05	 -1.85819e-05	  -1.36362e-05	 
0.46604	0.53396	1068.43	0	 -1.76275e-05	2.14001e-07	1.69329e-05	 -1.84949e-05	  -1.38835e-05	 
0.464085	0.535915	1072.34	0	 -1.71072e-05	2.09163e-07	1.71957e-05	 -1.83258e-05	  -1.39259e-05	 
0.462131	0.537869	1076.25	0	 -1.65735e-05	2.02747e-07	1.75358e-05	 -1.83829e-05	  -1.40526e-05	 
0.460178	0.539822	1080.16	0	 -1.61851e-05	1.93521e-07	1.77014e-05	 -1.84453e-05	  -1.40137e-05	 
0.458225	0.541775	1084.07	0	 -1.57489e-05	1.88421e-07	1.7778e-05	 -1.83564e-05	  -1.407e-05	 
0.456273	0.543727	1087.97	0	 -1.53058e-05	1.89104e-07	1.76428e-05	 -1.81374e-05	  -1.40737e-05	 
0.454321	0.545679	1091.88	0	 -1.4955e-05	1.96083e-07	1.76423e-05	 -1.80286e-05	  -1.41796e-05	 
0.45237	0.54763	1095.78	0	 -1.47251e-05	2.03325e-07	1.76279e-05	 -1.79241e-05	  -1.40764e-05	 
0.45042	0.54958	1099.69	0	 -1.45808e-05	2.09229e-07	1.76491e-05	 -1.76998e-05	  -1.39945e-05	 
0.44847	0.55153	1103.59	0	 -1.44068e-05	2.14914e-07	1.79505e-05	 -1.74611e-05	  -1.39154e-05	 
0.446522	0.553478	1107.49	0	 -1.43255e-05	2.2343e-07	1.84685e-05	 -1.73703e-05	  -1.38377e-05	 
0.444574	0.555427	1111.38	0	 -1.42633e-05	2.29032e-07	1.91218e-05	 -1.73028e-05	  -1.3854e-05	 
0.442626	0.557374	1115.28	0	 -1.43448e-05	2.35232e-07	1.96078e-05	 -1.73756e-05	  -1.40085e-05	 
0.44068	0.55932	1119.17	0	 -1.44607e-05	2.41223e-07	2.00741e-05	 -1.75918e-05	  -1.41478e-05	 
0.438735	0.561265	1123.07	0	 -1.45606e-05	2.46705e-07	2.02711e-05	 -1.7703e-05	  -1.42833e-05	 
0.43679	0.56321	1126.96	0	 -1.46494e-05	2.50118e-07	2.04336e-05	 -1.78307e-05	  -1.44295e-05	 
0.434846	0.565154	1130.85	0	 -1.47507e-05	2.44854e-07	2.05792e-05	 -1.80899e-05	  -1.44444e-05	 
0.432903	0.567097	1134.73	0	 -1.49754e-05	2.39231e-07	2.06976e-05	 -1.84442e-05	  -1.4357e-05	 
0.430962	0.569038	1138.62	0	 -1.52694e-05	2.31691e-07	2.05757e-05	 -1.87448e-05	  -1.42678e-05	 
0.429021	0.570979	1142.5	0	 -1.5667e-05	2.28959e-07	2.03553e-05	 -1.89255e-05	  -1.41634e-05	 
0.427081	0.572919	1146.38	0	 -1.5739e-05	2.26025e-07	2.02523e-05	 -1.86922e-05	  -1.41302e-05	 
0.425143	0.574857	1150.26	0	 -1.54832e-05	2.23741e-07	2.01075e-05	 -1.81709e-05	  -1.41952e-05	 
0.423205	0.576795	1154.14	0	 -1.50518e-05	2.1859e-07	2.00397e-05	 -1.76401e-05	  -1.41773e-05	 
0.421269	0.578731	1158.02	0	 -1.48761e-05	2.10275e-07	2.01197e-05	 -1.73341e-05	  -1.43414e-05	 
0.419334	0.580666	1161.89	0	 -1.49478e-05	1.9994e-07	2.04228e-05	 -1.71991e-05	  -1.42186e-05	 
0.4174	0.5826	1165.76	0	 -1.51255e-05	1.97393e-07	2.06993e-05	 -1.71003e-05	  -1.40929e-05	 
0.415467	0.584533	1169.62	0	 -1.53058e-05	2.02769e-07	2.09987e-05	 -1.68053e-05	  -1.39103e-05	 
0.413536	0.586464	1173.49	0	 -1.52836e-05	2.09734e-07	2.14323e-05	 -1.66828e-05	  -1.37722e-05	 
0.411605	0.588395	1177.35	0	 -1.56733e-05	2.15124e-07	2.16753e-05	 -1.68488e-05	  -1.3674e-05	 
0.409676	0.590324	1181.21	0	 -1.60192e-05	2.20414e-07	2.22515e-05	 -1.69982e-05	  -1.36246e-05	 
0.407749	0.592251	1185.07	0	 -1.63269e-05	2.24203e-07	2.26003e-05	 -1.72348e-05	  -1.35949e-05	 
0.405822	0.594178	1188.92	0	 -1.64497e-05	2.24905e-07	2.26641e-05	 -1.72219e-05	  -1.36982e-05	 
0.403898	0.596102	1192.77	0	 -1.65283e-05	2.21004e-07	2.2315e-05	 -1.71538e-05	  -1.37411e-05	 
0.401974	0.598026	1196.62	0	 -1.67773e-05	2.14128e-07	2.20403e-05	 -1.73649e-05	  -1.38561e-05	 
0.400052	0.599948	1200.47	0	 -1.71005e-05	2.07721e-07	2.18873e-05	 -1.77519e-05	  -1.39487e-05	 
0.398132	0.601868	1204.31	0	 -1.74898e-05	2.03536e-07	2.18589e-05	 -1.82809e-05	  -1.41242e-05	 
0.396213	0.603787	1208.15	0	 -1.77717e-05	2.04001e-07	2.19019e-05	 -1.85145e-05	  -1.42561e-05	 
0.394295	0.605705	1211.99	0	 -1.8013e-05	2.11358e-07	2.15224e-05	 -1.85265e-05	  -1.43821e-05	 
0.392379	0.607621	1215.82	0	 -1.80129e-05	2.18154e-07	2.07873e-05	 -1.84821e-05	  -1.44973e-05	 
0.390465	0.609535	1219.65	0	 -1.82391e-05	2.22713e-07	2.01169e-05	 -1.86744e-05	  -1.45344e-05	 
0.388553	0.611447	1223.48	0	 -1.85836e-05	2.26095e-07	1.95275e-05	 -1.89602e-05	  -1.45425e-05	 
0.386642	0.613358	1227.3	0	 -1.87533e-05	2.27499e-07	1.90241e-05	 -1.90065e-05	  -1.47507e-05	 
0.384732	0.615268	1231.12	0	 -1.85212e-05	2.25769e-07	1.87329e-05	 -1.88343e-05	  -1.48224e-05	 
0.382825	0.617175	1234.94	0	 -1.82277e-05	2.22138e-07	1.83815e-05	 -1.86107e-05	  -1.50698e-05	 
0.380919	0.619081	1238.75	0	 -1.80232e-05	2.21258e-07	1.8227e-05	 -1.83909e-05	  -1.52473e-05	 
0.379015	0.620985	1242.56	0	 -1.79757e-05	2.26094e-07	1.79716e-05	 -1.81639e-05	  -1.53903e-05	 
0.377113	0.622888	1246.37	0	 -1.7895e-05	2.33438e-07	1.79197e-05	 -1.82462e-05	  -1.54341e-05	 
0.375212	0.624788	1250.17	0	 -1.80548e-05	2.42251e-07	1.77665e-05	 -1.8412e-05	  -1.54195e-05	 
0.373314	0.626686	1253.97	0	 -1.82036e-05	2.50092e-07	1.77999e-05	 -1.87609e-05	  -1.55225e-05	 
0.371417	0.628583	1257.77	0	 -1.84059e-05	2.58964e-07	1.76546e-05	 -1.89304e-05	  -1.54937e-05	 
0.369522	0.630478	1261.56	0	 -1.83285e-05	2.64581e-07	1.76313e-05	 -1.92089e-05	  -1.5566e-05	 
0.367629	0.632371	1265.35	0	 -1.831e-05	2.67652e-07	1.76851e-05	 -1.93581e-05	  -1.5621e-05	 
0.365738	0.634262	1269.13	0	 -1.81982e-05	2.66896e-07	1.76334e-05	 -1.96859e-05	  -1.55626e-05	 
0.363849	0.636151	1272.91	0	 -1.83056e-05	2.62239e-07	1.74989e-05	 -1.98903e-05	  -1.5569e-05	 
0.361963	0.638037	1276.68	0	 -1.8342e-05	2.57226e-07	1.7482e-05	 -2.00325e-05	  -1.5467e-05	 
0.360078	0.639922	1280.46	0	 -1.84466e-05	2.50686e-07	1.72495e-05	 -2.01897e-05	  -1.54787e-05	 
0.358195	0.641805	1284.22	0	 -1.84458e-05	2.46048e-07	1.71435e-05	 -2.0229e-05	  -1.55506e-05	 
0.356315	0.643685	1287.99	0	 -1.83855e-05	2.44365e-07	1.69924e-05	 -2.02496e-05	  -1.57556e-05	 
0.354436	0.645564	1291.74	0	 -1.83959e-05	2.47658e-07	1.68068e-05	 -2.03371e-05	  -1.5855e-05	 
0.35256	0.64744	1295.5	0	 -1.84876e-05	2.49161e-07	1.64404e-05	 -2.02381e-05	  -1.59497e-05	 
0.350686	0.649314	1299.25	0	 -1.84953e-05	2.50644e-07	1.61127e-05	 -1.99578e-05	  -1.59786e-05	 
0.348814	0.651186	1302.99	0	 -1.82414e-05	2.55583e-07	1.58794e-05	 -1.94815e-05	  -1.61038e-05	 
0.346945	0.653055	1306.73	0	 -1.79366e-05	2.60734e-07	1.5576e-05	 -1.88255e-05	  -1.62682e-05	 
0.345077	0.654923	1310.47	0	 -1.75998e-05	2.61491e-07	1.53017e-05	 -1.84061e-05	  -1.64594e-05	 
0.343212	0.656788	1314.2	0	 -1.74106e-05	2.61175e-07	1.48638e-05	 -1.81517e-05	  -1.67193e-05	 
0.34135	0.65865	1317.93	0	 -1.73342e-05	2.57277e-07	1.4432e-05	 -1.7903e-05	  -1.69754e-05	 
0.339489	0.660511	1321.65	0	 -1.72771e-05	2.49883e-07	1.39851e-05	 -1.77547e-05	  -1.72511e-05	 
0.337632	0.662368	1325.37	0	 -1.71823e-05	2.424e-07	1.36101e-05	 -1.76407e-05	  -1.75612e-05	 
0.335776	0.664224	1329.08	0	 -1.70192e-05	2.41307e-07	1.321e-05	 -1.76162e-05	  -1.79063e-05	 
0.333923	0.666077	1332.79	0	 -1.69023e-05	2.42537e-07	1.27919e-05	 -1.72779e-05	  -1.8097e-05	 
0.332073	0.667927	1336.49	0	 -1.69168e-05	2.45853e-07	1.24408e-05	 -1.72854e-05	  -1.81657e-05	 
0.330225	0.669775	1340.19	0	 -1.69556e-05	2.50557e-07	1.19829e-05	 -1.7289e-05	  -1.81852e-05	 
0.328379	0.671621	1343.88	0	 -1.71295e-05	2.45491e-07	1.17528e-05	 -1.72635e-05	  -1.81754e-05	 
0.326537	0.673463	1347.57	0	 -1.71168e-05	2.39371e-07	1.14381e-05	 -1.71088e-05	  -1.82124e-05	 
0.324696	0.675304	1351.25	0	 -1.71167e-05	2.3485e-07	1.11707e-05	 -1.69881e-05	  -1.83353e-05	 
0.322859	0.677141	1354.93	0	 -1.70186e-05	2.29854e-07	1.09341e-05	 -1.65803e-05	  -1.86606e-05	 
0.321024	0.678976	1358.6	0	 -1.69991e-05	2.21831e-07	1.07345e-05	 -1.6486e-05	  -1.8782e-05	 
0.319191	0.680809	1362.27	0	 -1.70728e-05	2.15909e-07	1.05059e-05	 -1.65157e-05	  -1.87851e-05	 
0.317362	0.682638	1365.93	0	 -1.70292e-05	2.11111e-07	1.0267e-05	 -1.65469e-05	  -1.88321e-05	 
0.315535	0.684465	1369.58	0	 -1.69625e-05	2.11018e-07	1.00579e-05	 -1.66052e-05	  -1.89265e-05	 
0.313711	0.686289	1373.23	0	 -1.68695e-05	2.07789e-07	1.00227e-05	 -1.64836e-05	  -1.90331e-05	 
0.311889	0.688111	1376.88	0	 -1.67527e-05	2.01579e-07	9.94377e-06	 -1.66347e-05	  -1.91114e-05	 
0.310071	0.689929	1380.52	0	 -1.67088e-05	1.94088e-07	9.74802e-06	 -1.67051e-05	  -1.92959e-05	 
0.308255	0.691745	1384.15	0	 -1.65517e-05	1.88532e-07	9.5927e-06	 -1.65104e-05	  -1.94551e-05	 
0.306442	0.693558	1387.78	0	 -1.63951e-05	1.84345e-07	9.4824e-06	 -1.63657e-05	  -1.95825e-05	 
0.304632	0.695368	1391.4	0	 -1.62708e-05	1.88665e-07	9.56936e-06	 -1.59099e-05	  -1.9611e-05	 
0.302826	0.697174	1395.02	0	 -1.6121e-05	1.97926e-07	9.61835e-06	 -1.5647e-05	  -1.96246e-05	 
0.301022	0.698978	1398.62	0	 -1.61145e-05	2.10966e-07	9.75062e-06	 -1.54275e-05	  -1.97296e-05	 
0.299221	0.700779	1402.23	0	 -1.62417e-05	2.20147e-07	9.92554e-06	 -1.54332e-05	  -1.98389e-05	 
0.297423	0.702577	1405.83	0	 -1.64585e-05	2.26063e-07	1.00618e-05	 -1.56211e-05	  -1.99695e-05	 
0.295628	0.704372	1409.42	0	 -1.65988e-05	2.26938e-07	1.02333e-05	 -1.57301e-05	  -2.00544e-05	 
0.293836	0.706164	1413	0	 -1.66054e-05	2.25099e-07	1.02815e-05	 -1.56034e-05	  -2.01783e-05	 
0.292047	0.707953	1416.58	0	 -1.65117e-05	2.21439e-07	1.02258e-05	 -1.5335e-05	  -2.02487e-05	 
0.290261	0.709739	1420.16	0	 -1.63411e-05	2.20749e-07	1.02017e-05	 -1.51535e-05	  -2.02847e-05	 
0.288479	0.711521	1423.72	0	 -1.62597e-05	2.25256e-07	1.02385e-05	 -1.48744e-05	  -2.04822e-05	 
0.286699	0.713301	1427.28	0	 -1.63614e-05	2.31969e-07	1.03677e-05	 -1.49234e-05	  -2.0497e-05	 
0.284923	0.715077	1430.84	0	 -1.64126e-05	2.36067e-07	1.05171e-05	 -1.51989e-05	  -2.05253e-05	 
0.28315	0.71685	1434.38	0	 -1.64497e-05	2.40767e-07	1.0565e-05	 -1.53085e-05	  -2.06363e-05	 
0.28138	0.718619	1437.93	0	 -1.64619e-05	2.42181e-07	1.05492e-05	 -1.53938e-05	  -2.06091e-05	 
0.279614	0.720386	1441.46	0	 -1.65501e-05	2.44061e-07	1.06599e-05	 -1.54913e-05	  -2.07045e-05	 
0.277851	0.722149	1444.99	0	 -1.65728e-05	2.44344e-07	1.08803e-05	 -1.5627e-05	  -2.06211e-05	 
0.276091	0.723909	1448.51	0	 -1.65618e-05	2.43476e-07	1.12265e-05	 -1.56241e-05	  -2.06994e-05	 
0.274335	0.725665	1452.02	0	 -1.65044e-05	2.42911e-07	1.14639e-05	 -1.56187e-05	  -2.07441e-05	 
0.272582	0.727418	1455.53	0	 -1.66595e-05	2.41712e-07	1.16112e-05	 -1.58055e-05	  -2.0666e-05	 
0.270832	0.729168	1459.03	0	 -1.6843e-05	2.38065e-07	1.16919e-05	 -1.59826e-05	  -2.04818e-05	 
0.269086	0.730914	1462.53	0	 -1.71718e-05	2.33384e-07	1.1732e-05	 -1.62794e-05	  -2.02655e-05	 
0.267343	0.732657	1466.01	0	 -1.74998e-05	2.27523e-07	1.18715e-05	 -1.66229e-05	  -2.00978e-05	 
0.265604	0.734396	1469.49	0	 -1.7791e-05	2.19929e-07	1.20997e-05	 -1.69818e-05	  -2.01018e-05	 
0.263869	0.736131	1472.97	0	 -1.79299e-05	2.11796e-07	1.24238e-05	 -1.73053e-05	  -2.03081e-05	 
0.262136	0.737864	1476.43	0	 -1.82463e-05	2.05961e-07	1.26985e-05	 -1.75996e-05	  -2.0457e-05	 
0.260408	0.739592	1479.89	0	 -1.83538e-05	2.0442e-07	1.2829e-05	 -1.80095e-05	  -2.05824e-05	 
0.258683	0.741317	1483.34	0	 -1.85689e-05	2.02865e-07	1.29512e-05	 -1.85003e-05	  -2.06836e-05	 
0.256962	0.743038	1486.79	0	 -1.87671e-05	2.02351e-07	1.30246e-05	 -1.89887e-05	  -2.05776e-05	 
0.255244	0.744756	1490.22	0	 -1.89233e-05	2.01441e-07	1.32021e-05	 -1.94268e-05	  -2.06589e-05	 
0.25353	0.74647	1493.65	0	 -1.8884e-05	2.03533e-07	1.34202e-05	 -1.98757e-05	  -2.07422e-05	 
0.25182	0.74818	1497.08	0	 -1.89403e-05	2.07805e-07	1.37081e-05	 -2.02275e-05	  -2.08081e-05	 
0.250113	0.749887	1500.49	0	 -1.87982e-05	2.12129e-07	1.38207e-05	 -2.0365e-05	  -2.08576e-05	 
0.248411	0.751589	1503.9	0	 -1.86237e-05	2.18513e-07	1.39341e-05	 -2.03998e-05	  -2.08532e-05	 
0.246712	0.753288	1507.3	0	 -1.84904e-05	2.28168e-07	1.40648e-05	 -2.04593e-05	  -2.10957e-05	 
0.245016	0.754984	1510.69	0	 -1.81244e-05	2.40622e-07	1.41578e-05	 -2.06454e-05	  -2.14283e-05	 
0.243325	0.756675	1514.07	0	 -1.77646e-05	2.52649e-07	1.43683e-05	 -2.06495e-05	  -2.16753e-05	 
0.241638	0.758362	1517.45	0	 -1.72658e-05	2.55078e-07	1.44923e-05	 -2.03582e-05	  -2.16236e-05	 
0.239954	0.760046	1520.82	0	 -1.69332e-05	2.51752e-07	1.44453e-05	 -2.00722e-05	  -2.18336e-05	 
0.238275	0.761726	1524.18	0	 -1.67951e-05	2.46252e-07	1.43169e-05	 -1.98958e-05	  -2.19715e-05	 
0.236599	0.763401	1527.53	0	 -1.67972e-05	2.39296e-07	1.42754e-05	 -1.9764e-05	  -2.22144e-05	 
0.234927	0.765073	1530.88	0	 -1.69912e-05	2.31798e-07	1.42595e-05	 -1.96874e-05	  -2.2559e-05	 
0.233259	0.766741	1534.21	0	 -1.73399e-05	2.21188e-07	1.41873e-05	 -1.96875e-05	  -2.28926e-05	 
0.231596	0.768404	1537.54	0	 -1.75822e-05	2.11272e-07	1.41178e-05	 -1.95136e-05	  -2.29679e-05	 
0.229936	0.770064	1540.86	0	 -1.8036e-05	2.0223e-07	1.39253e-05	 -1.93886e-05	  -2.30706e-05	 
0.22828	0.77172	1544.18	0	 -1.83549e-05	1.97741e-07	1.36886e-05	 -1.9097e-05	  -2.32332e-05	 
0.226629	0.773371	1547.48	0	 -1.86582e-05	1.98669e-07	1.3486e-05	 -1.87841e-05	  -2.34937e-05	 
0.224981	0.775019	1550.78	0	 -1.8913e-05	2.0452e-07	1.32712e-05	 -1.86185e-05	  -2.35243e-05	 
0.223338	0.776662	1554.07	0	 -1.91922e-05	2.1319e-07	1.31933e-05	 -1.84897e-05	  -2.38086e-05	 
0.221699	0.778301	1557.35	0	 -1.92129e-05	2.22358e-07	1.31003e-05	 -1.82503e-05	  -2.39141e-05	 
0.220064	0.779936	1560.62	0	 -1.94227e-05	2.31757e-07	1.29293e-05	 -1.79593e-05	  -2.41743e-05	 
0.218433	0.781567	1563.88	0	 -1.9289e-05	2.38042e-07	1.26697e-05	 -1.75315e-05	  -2.43876e-05	 
0.216807	0.783193	1567.13	0	 -1.9121e-05	2.36191e-07	1.25603e-05	 -1.70168e-05	  -2.4477e-05	 
0.215185	0.784815	1570.38	0	 -1.89613e-05	2.29938e-07	1.26174e-05	 -1.6551e-05	  -2.45071e-05	 
0.213567	0.786433	1573.62	0	 -1.88859e-05	2.17788e-07	1.27862e-05	 -1.63748e-05	  -2.43643e-05	 
0.211953	0.788047	1576.85	0	 -1.89683e-05	2.07542e-07	1.32359e-05	 -1.63704e-05	  -2.43553e-05	 
0.210344	0.789656	1580.07	0	 -1.9096e-05	1.98437e-07	1.3756e-05	 -1.64096e-05	  -2.42365e-05	 
0.208739	0.791261	1583.28	0	 -1.91542e-05	1.93764e-07	1.40999e-05	 -1.64255e-05	  -2.43381e-05	 
0.207139	0.792861	1586.48	0	 -1.92466e-05	1.92486e-07	1.42715e-05	 -1.66027e-05	  -2.46329e-05	 
0.205543	0.794457	1589.67	0	 -1.93586e-05	1.93308e-07	1.43278e-05	 -1.66303e-05	  -2.48565e-05	 
0.203951	0.796049	1592.86	0	 -1.9387e-05	1.94042e-07	1.43121e-05	 -1.66431e-05	  -2.5117e-05	 
0.202364	0.797636	1596.03	0	 -1.93347e-05	1.95043e-07	1.43094e-05	 -1.6659e-05	  -2.5075e-05	 
0.200782	0.799218	1599.2	0	 -1.93758e-05	1.9661e-07	1.45863e-05	 -1.67813e-05	  -2.53028e-05	 
0.199204	0.800797	1602.36	0	 -1.94539e-05	1.97872e-07	1.50042e-05	 -1.68181e-05	  -2.53735e-05	 
0.19763	0.80237	1605.51	0	 -1.94491e-05	2.0604e-07	1.5238e-05	 -1.6994e-05	  -2.5377e-05	 
0.196061	0.803939	1608.65	0	 -1.93998e-05	2.15986e-07	1.54451e-05	 -1.7006e-05	  -2.56219e-05	 
0.194497	0.805503	1611.78	0	 -1.94269e-05	2.23795e-07	1.55861e-05	 -1.70058e-05	  -2.59144e-05	 
0.192937	0.807063	1614.9	0	 -1.9305e-05	2.31627e-07	1.56459e-05	 -1.6975e-05	  -2.61744e-05	 
0.191382	0.808618	1618.01	0	 -1.92013e-05	2.37552e-07	1.57598e-05	 -1.70342e-05	  -2.62987e-05	 
0.189831	0.810169	1621.11	0	 -1.92971e-05	2.40504e-07	1.60222e-05	 -1.70257e-05	  -2.64716e-05	 
0.188285	0.811715	1624.2	0	 -1.92902e-05	2.43609e-07	1.60518e-05	 -1.69872e-05	  -2.67198e-05	 
0.186744	0.813256	1627.29	0	 -1.91585e-05	2.45693e-07	1.61098e-05	 -1.68893e-05	  -2.69164e-05	 
0.185208	0.814792	1630.36	0	 -1.90908e-05	2.47177e-07	1.6075e-05	 -1.6605e-05	  -2.70198e-05	 
0.183676	0.816324	1633.43	0	 -1.89598e-05	2.50076e-07	1.59856e-05	 -1.63504e-05	  -2.71388e-05	 
0.18215	0.81785	1636.48	0	 -1.88517e-05	2.52121e-07	1.59137e-05	 -1.59743e-05	  -2.71631e-05	 
0.180628	0.819372	1639.53	0	 -1.87109e-05	2.54526e-07	1.58939e-05	 -1.57431e-05	  -2.73754e-05	 
0.17911	0.82089	1642.56	0	 -1.85728e-05	2.53571e-07	1.57687e-05	 -1.5318e-05	  -2.72577e-05	 
0.177598	0.822402	1645.59	0	 -1.8311e-05	2.49393e-07	1.57403e-05	 -1.49682e-05	  -2.7255e-05	 
0.176091	0.823909	1648.61	0	 -1.8026e-05	2.41279e-07	1.55945e-05	 -1.45949e-05	  -2.69915e-05	 
0.174588	0.825412	1651.61	0	 -1.76006e-05	2.35453e-07	1.54192e-05	 -1.41978e-05	  -2.68337e-05	 
0.173091	0.826909	1654.61	0	 -1.7106e-05	2.34745e-07	1.53721e-05	 -1.3971e-05	  -2.67881e-05	 
0.171598	0.828402	1657.6	0	 -1.67963e-05	2.3748e-07	1.52681e-05	 -1.36992e-05	  -2.68912e-05	 
0.17011	0.82989	1660.57	0	 -1.64648e-05	2.39936e-07	1.51894e-05	 -1.34133e-05	  -2.69386e-05	 
0.168627	0.831373	1663.54	0	 -1.62542e-05	2.4004e-07	1.50984e-05	 -1.32761e-05	  -2.69613e-05	 
0.16715	0.83285	1666.5	0	 -1.61367e-05	2.38506e-07	1.50567e-05	 -1.33058e-05	  -2.68545e-05	 
0.165677	0.834323	1669.44	0	 -1.61291e-05	2.35753e-07	1.4931e-05	 -1.3293e-05	  -2.65754e-05	 
0.16421	0.83579	1672.38	0	 -1.60849e-05	2.33246e-07	1.49155e-05	 -1.32129e-05	  -2.62644e-05	 
0.162747	0.837253	1675.31	0	 -1.60432e-05	2.332e-07	1.49042e-05	 -1.30654e-05	  -2.59619e-05	 
0.16129	0.838711	1678.22	0	 -1.60797e-05	2.34019e-07	1.49464e-05	 -1.29816e-05	  -2.57948e-05	 
0.159837	0.840163	1681.13	0	 -1.61063e-05	2.34945e-07	1.50285e-05	 -1.28026e-05	  -2.58513e-05	 
0.15839	0.84161	1684.02	0	 -1.62166e-05	2.38061e-07	1.51002e-05	 -1.27208e-05	  -2.58265e-05	 
0.156948	0.843052	1686.91	0	 -1.63724e-05	2.42621e-07	1.51861e-05	 -1.25619e-05	  -2.57842e-05	 
0.155511	0.844489	1689.78	0	 -1.64938e-05	2.4747e-07	1.53101e-05	 -1.25122e-05	  -2.57652e-05	 
0.15408	0.84592	1692.65	0	 -1.65969e-05	2.51946e-07	1.52706e-05	 -1.24327e-05	  -2.54962e-05	 
0.152654	0.847346	1695.5	0	 -1.68848e-05	2.57053e-07	1.5213e-05	 -1.25053e-05	  -2.52973e-05	 
0.151232	0.848768	1698.35	0	 -1.71937e-05	2.63069e-07	1.52205e-05	 -1.26039e-05	  -2.51749e-05	 
0.149817	0.850183	1701.18	0	 -1.75667e-05	2.67484e-07	1.52351e-05	 -1.26798e-05	  -2.51304e-05	 
0.148406	0.851594	1704	0	 -1.78594e-05	2.69164e-07	1.52927e-05	 -1.26708e-05	  -2.53619e-05	 
0.147001	0.852999	1706.81	0	 -1.81213e-05	2.70528e-07	1.52789e-05	 -1.26394e-05	  -2.53421e-05	 
0.145601	0.854399	1709.61	0	 -1.84253e-05	2.69067e-07	1.51944e-05	 -1.25934e-05	  -2.5282e-05	 
0.144207	0.855793	1712.4	0	 -1.86393e-05	2.67555e-07	1.50493e-05	 -1.25077e-05	  -2.53128e-05	 
0.142818	0.857182	1715.18	0	 -1.88528e-05	2.67011e-07	1.4916e-05	 -1.2554e-05	  -2.53128e-05	 
0.141434	0.858565	1717.95	0	 -1.9025e-05	2.68199e-07	1.47926e-05	 -1.2617e-05	  -2.52997e-05	 
0.140056	0.859944	1720.71	0	 -1.92283e-05	2.68111e-07	1.47346e-05	 -1.25854e-05	  -2.53136e-05	 
0.138684	0.861316	1723.46	0	 -1.93975e-05	2.70243e-07	1.47429e-05	 -1.2581e-05	  -2.51507e-05	 
0.137317	0.862683	1726.19	0	 -1.94295e-05	2.71521e-07	1.469e-05	 -1.25473e-05	  -2.50084e-05	 
0.135955	0.864045	1728.92	0	 -1.93509e-05	2.71613e-07	1.45309e-05	 -1.25114e-05	  -2.4768e-05	 
0.134599	0.865401	1731.63	0	 -1.938e-05	2.75156e-07	1.44145e-05	 -1.24913e-05	  -2.44145e-05	 
0.133248	0.866752	1734.33	0	 -1.92681e-05	2.8031e-07	1.44326e-05	 -1.25209e-05	  -2.41102e-05	 
0.131903	0.868097	1737.02	0	 -1.93092e-05	2.88135e-07	1.43719e-05	 -1.25867e-05	  -2.4157e-05	 
0.130563	0.869436	1739.7	0	 -1.92071e-05	2.98838e-07	1.43296e-05	 -1.26772e-05	  -2.42462e-05	 
0.12923	0.87077	1742.37	0	 -1.91766e-05	3.05626e-07	1.43237e-05	 -1.28788e-05	  -2.43256e-05	 
0.127902	0.872098	1745.03	0	 -1.92513e-05	3.10759e-07	1.41471e-05	 -1.30624e-05	  -2.43407e-05	 
0.126579	0.873421	1747.68	0	 -1.94029e-05	3.13228e-07	1.41551e-05	 -1.32602e-05	  -2.42499e-05	 
0.125262	0.874738	1750.31	0	 -1.95085e-05	3.14734e-07	1.4069e-05	 -1.36372e-05	  -2.43244e-05	 
0.123951	0.876049	1752.94	0	 -1.96338e-05	3.17347e-07	1.39009e-05	 -1.39229e-05	  -2.42904e-05	 
0.122645	0.877355	1755.55	0	 -1.96272e-05	3.16681e-07	1.38618e-05	 -1.41606e-05	  -2.435e-05	 
0.121345	0.878655	1758.15	0	 -1.95632e-05	3.15988e-07	1.38763e-05	 -1.43391e-05	  -2.43482e-05	 
0.120052	0.879949	1760.74	0	 -1.95013e-05	3.15808e-07	1.38505e-05	 -1.45736e-05	  -2.42706e-05	 
0.118763	0.881237	1763.32	0	 -1.94842e-05	3.1485e-07	1.38764e-05	 -1.48303e-05	  -2.44378e-05	 
0.117481	0.882519	1765.88	0	 -1.95382e-05	3.14308e-07	1.38166e-05	 -1.4964e-05	  -2.46183e-05	 
0.116204	0.883796	1768.44	0	 -1.9687e-05	3.1086e-07	1.38471e-05	 -1.52512e-05	  -2.47545e-05	 
0.114933	0.885067	1770.98	0	 -1.98663e-05	3.05039e-07	1.36728e-05	 -1.5464e-05	  -2.46939e-05	 
0.113668	0.886332	1773.51	0	 -2.00788e-05	2.99044e-07	1.36269e-05	 -1.56743e-05	  -2.47276e-05	 
0.112409	0.887591	1776.03	0	 -2.02836e-05	2.91779e-07	1.36806e-05	 -1.58479e-05	  -2.47186e-05	 
0.111156	0.888844	1778.54	0	 -2.05297e-05	2.84225e-07	1.36249e-05	 -1.6025e-05	  -2.48382e-05	 
0.109909	0.890091	1781.03	0	 -2.04763e-05	2.73719e-07	1.36228e-05	 -1.60821e-05	  -2.49419e-05	 
0.108668	0.891332	1783.52	0	 -2.04882e-05	2.6617e-07	1.37765e-05	 -1.60877e-05	  -2.50158e-05	 
0.107432	0.892568	1785.99	0	 -2.04837e-05	2.60557e-07	1.38459e-05	 -1.60821e-05	  -2.50877e-05	 
0.106203	0.893797	1788.45	0	 -2.04515e-05	2.58235e-07	1.39586e-05	 -1.60682e-05	  -2.51806e-05	 
0.104979	0.895021	1790.9	0	 -2.05737e-05	2.59779e-07	1.41433e-05	 -1.59714e-05	  -2.52454e-05	 
0.103762	0.896238	1793.33	0	 -2.05141e-05	2.6297e-07	1.418e-05	 -1.5933e-05	  -2.53547e-05	 
0.102551	0.897449	1795.76	0	 -2.06595e-05	2.72253e-07	1.43125e-05	 -1.58954e-05	  -2.55713e-05	 
0.101345	0.898655	1798.17	0	 -2.06774e-05	2.83347e-07	1.434e-05	 -1.58836e-05	  -2.5757e-05	 
0.100146	0.899854	1800.57	0	 -2.06788e-05	2.94681e-07	1.4263e-05	 -1.59169e-05	  -2.57781e-05	 
0.0989528	0.901047	1802.96	0	 -2.11028e-05	3.06025e-07	1.40867e-05	 -1.59238e-05	  -2.57364e-05	 
0.0977658	0.902234	1805.33	0	 -2.12708e-05	3.16035e-07	1.39778e-05	 -1.60163e-05	  -2.58845e-05	 
0.0965849	0.903415	1807.69	0	 -2.14154e-05	3.26394e-07	1.37569e-05	 -1.60225e-05	  -2.57862e-05	 
0.0954101	0.90459	1810.04	0	 -2.16115e-05	3.38103e-07	1.35772e-05	 -1.60531e-05	  -2.59228e-05	 
0.0942415	0.905759	1812.38	0	 -2.16031e-05	3.46363e-07	1.33989e-05	 -1.59448e-05	  -2.58187e-05	 
0.093079	0.906921	1814.71	0	 -2.16127e-05	3.5201e-07	1.33044e-05	 -1.57711e-05	  -2.57204e-05	 
0.0919228	0.908077	1817.02	0	 -2.15337e-05	3.53853e-07	1.33834e-05	 -1.56177e-05	  -2.56148e-05	 
0.0907727	0.909227	1819.32	0	 -2.14581e-05	3.59278e-07	1.33515e-05	 -1.53596e-05	  -2.5472e-05	 
0.0896289	0.910371	1821.61	0	 -2.154e-05	3.6135e-07	1.33548e-05	 -1.52415e-05	  -2.54745e-05	 
0.0884914	0.911509	1823.89	0	 -2.15582e-05	3.63482e-07	1.33469e-05	 -1.516e-05	  -2.52631e-05	 
0.0873602	0.91264	1826.15	0	 -2.19394e-05	3.67985e-07	1.33117e-05	 -1.51182e-05	  -2.52763e-05	 
0.0862352	0.913765	1828.4	0	 -2.22137e-05	3.70756e-07	1.33119e-05	 -1.51216e-05	  -2.52862e-05	 
0.0851165	0.914883	1830.64	0	 -2.25925e-05	3.74907e-07	1.33403e-05	 -1.50156e-05	  -2.53699e-05	 
0.0840042	0.915996	1832.87	0	 -2.29268e-05	3.80497e-07	1.34043e-05	 -1.49982e-05	  -2.54298e-05	 
0.0828982	0.917102	1835.08	0	 -2.32991e-05	3.87024e-07	1.34968e-05	 -1.49291e-05	  -2.54425e-05	 
0.0817986	0.918201	1837.28	0	 -2.33923e-05	3.91144e-07	1.36306e-05	 -1.49006e-05	  -2.54876e-05	 
0.0807053	0.919295	1839.47	0	 -2.35898e-05	3.95876e-07	1.36757e-05	 -1.48686e-05	  -2.54301e-05	 
0.0796185	0.920382	1841.64	0	 -2.36779e-05	4.03375e-07	1.35473e-05	 -1.48148e-05	  -2.54538e-05	 
0.078538	0.921462	1843.8	0	 -2.37582e-05	4.09275e-07	1.36377e-05	 -1.48785e-05	  -2.54068e-05	 
0.077464	0.922536	1845.95	0	 -2.37751e-05	4.14813e-07	1.37783e-05	 -1.49076e-05	  -2.52584e-05	 
0.0763965	0.923604	1848.09	0	 -2.39496e-05	4.16497e-07	1.38262e-05	 -1.49369e-05	  -2.52598e-05	 
0.0753354	0.924665	1850.21	0	 -2.39563e-05	4.15086e-07	1.39267e-05	 -1.49993e-05	  -2.52398e-05	 
0.0742808	0.925719	1852.32	0	 -2.41238e-05	4.14831e-07	1.39669e-05	 -1.50936e-05	  -2.5267e-05	 
0.0732327	0.926767	1854.42	0	 -2.41297e-05	4.09911e-07	1.39301e-05	 -1.51974e-05	  -2.53803e-05	 
0.0721911	0.927809	1856.5	0	 -2.41333e-05	4.04098e-07	1.38751e-05	 -1.52517e-05	  -2.54818e-05	 
0.071156	0.928844	1858.58	0	 -2.41337e-05	3.96833e-07	1.39012e-05	 -1.52888e-05	  -2.53349e-05	 
0.0701275	0.929872	1860.63	0	 -2.41108e-05	3.87041e-07	1.38938e-05	 -1.5464e-05	  -2.54198e-05	 
0.0691056	0.930894	1862.68	0	 -2.42009e-05	3.79472e-07	1.38388e-05	 -1.55308e-05	  -2.54252e-05	 
0.0680902	0.93191	1864.71	0	 -2.43585e-05	3.70548e-07	1.38477e-05	 -1.564e-05	  -2.53701e-05	 
0.0670815	0.932919	1866.73	0	 -2.46717e-05	3.626e-07	1.37851e-05	 -1.58036e-05	  -2.52279e-05	 
0.0660793	0.933921	1868.73	0	 -2.48553e-05	3.56095e-07	1.38351e-05	 -1.59641e-05	  -2.5193e-05	 
0.0650838	0.934916	1870.73	0	 -2.51097e-05	3.52515e-07	1.39109e-05	 -1.61642e-05	  -2.50602e-05	 
0.0640949	0.935905	1872.7	0	 -2.52283e-05	3.51264e-07	1.40097e-05	 -1.63284e-05	  -2.49113e-05	 
0.0631127	0.936887	1874.67	0	 -2.54208e-05	3.52844e-07	1.41901e-05	 -1.64699e-05	  -2.46163e-05	 
0.0621372	0.937863	1876.62	0	 -2.56228e-05	3.57865e-07	1.42935e-05	 -1.66126e-05	  -2.44293e-05	 
0.0611684	0.938832	1878.56	0	 -2.57196e-05	3.65446e-07	1.45294e-05	 -1.67338e-05	  -2.42156e-05	 
0.0602063	0.939794	1880.49	0	 -2.58631e-05	3.76222e-07	1.46135e-05	 -1.68354e-05	  -2.40551e-05	 
0.0592509	0.940749	1882.4	0	 -2.61758e-05	3.90191e-07	1.46933e-05	 -1.68921e-05	  -2.39625e-05	 
0.0583022	0.941698	1884.3	0	 -2.66135e-05	4.04624e-07	1.46553e-05	 -1.6893e-05	  -2.36086e-05	 
0.0573603	0.94264	1886.18	0	 -2.68361e-05	4.22505e-07	1.47174e-05	 -1.70309e-05	  -2.34844e-05	 
0.0564252	0.943575	1888.05	0	 -2.73033e-05	4.41924e-07	1.46053e-05	 -1.70739e-05	  -2.32852e-05	 
0.0554969	0.944503	1889.91	0	 -2.75772e-05	4.61892e-07	1.45707e-05	 -1.70713e-05	  -2.30959e-05	 
0.0545754	0.945425	1891.75	0	 -2.78747e-05	4.86232e-07	1.46049e-05	 -1.713e-05	  -2.29587e-05	 
0.0536606	0.946339	1893.58	0	 -2.80266e-05	5.05575e-07	1.4522e-05	 -1.70587e-05	  -2.27298e-05	 
0.0527528	0.947247	1895.4	0	 -2.80885e-05	5.20682e-07	1.45796e-05	 -1.6988e-05	  -2.25457e-05	 
0.0518518	0.948148	1897.2	0	 -2.79725e-05	5.30194e-07	1.4673e-05	 -1.69265e-05	  -2.24181e-05	 
0.0509576	0.949042	1898.99	0	 -2.78302e-05	5.37182e-07	1.47382e-05	 -1.6872e-05	  -2.22103e-05	 
0.0500703	0.94993	1900.77	0	 -2.78527e-05	5.40169e-07	1.48129e-05	 -1.67423e-05	  -2.20389e-05	 
0.0491899	0.95081	1902.53	0	 -2.79031e-05	5.36006e-07	1.48934e-05	 -1.66481e-05	  -2.18682e-05	 
0.0483164	0.951684	1904.28	0	 -2.77734e-05	5.32041e-07	1.49307e-05	 -1.64428e-05	  -2.16589e-05	 
0.0474498	0.95255	1906.01	0	 -2.7922e-05	5.27948e-07	1.49074e-05	 -1.64342e-05	  -2.15382e-05	 
0.0465902	0.95341	1907.73	0	 -2.80653e-05	5.24136e-07	1.49859e-05	 -1.64192e-05	  -2.13366e-05	 
0.0457375	0.954263	1909.44	0	 -2.81301e-05	5.18512e-07	1.49227e-05	 -1.6433e-05	  -2.11392e-05	 
0.0448918	0.955108	1911.13	0	 -2.84659e-05	5.15903e-07	1.50721e-05	 -1.6573e-05	  -2.10188e-05	 
0.044053	0.955947	1912.81	0	 -2.87347e-05	5.17283e-07	1.51932e-05	 -1.66314e-05	  -2.09355e-05	 
0.0432212	0.956779	1914.47	0	 -2.90327e-05	5.18304e-07	1.52733e-05	 -1.68284e-05	  -2.06689e-05	 
0.0423965	0.957604	1916.12	0	 -2.92491e-05	5.22994e-07	1.54751e-05	 -1.68854e-05	  -2.06197e-05	 
0.0415787	0.958421	1917.76	0	 -2.9457e-05	5.2952e-07	1.55685e-05	 -1.70122e-05	  -2.04452e-05	 
0.040768	0.959232	1919.38	0	 -2.97195e-05	5.33675e-07	1.58192e-05	 -1.7122e-05	  -2.03197e-05	 
0.0399643	0.960036	1920.99	0	 -2.977e-05	5.41113e-07	1.58859e-05	 -1.71937e-05	  -2.02287e-05	 
0.0391677	0.960832	1922.58	0	 -2.98574e-05	5.46683e-07	1.61116e-05	 -1.73185e-05	  -2.00995e-05	 
0.0383781	0.961622	1924.16	0	 -2.99818e-05	5.49685e-07	1.63367e-05	 -1.73639e-05	  -1.99686e-05	 
0.0375957	0.962404	1925.73	0	 -3.00983e-05	5.52968e-07	1.6356e-05	 -1.75726e-05	  -1.99755e-05	 
0.0368203	0.96318	1927.28	0	 -3.00261e-05	5.57297e-07	1.66089e-05	 -1.78007e-05	  -2.00174e-05	 
0.0360521	0.963948	1928.82	0	 -3.02975e-05	5.60714e-07	1.67537e-05	 -1.80687e-05	  -1.98633e-05	 
0.0352909	0.964709	1930.34	0	 -3.07089e-05	5.63446e-07	1.69087e-05	 -1.82854e-05	  -1.98089e-05	 
0.0345369	0.965463	1931.85	0	 -3.08557e-05	5.71659e-07	1.71171e-05	 -1.8561e-05	  -1.97814e-05	 
0.03379	0.96621	1933.34	0	 -3.11252e-05	5.76489e-07	1.72312e-05	 -1.88356e-05	  -1.95655e-05	 
0.0330503	0.96695	1934.82	0	 -3.16608e-05	5.84801e-07	1.74014e-05	 -1.91113e-05	  -1.94183e-05	 
0.0323178	0.967682	1936.29	0	 -3.22425e-05	5.93639e-07	1.76085e-05	 -1.94259e-05	  -1.91885e-05	 
0.0315925	0.968408	1937.74	0	 -3.26723e-05	6.07252e-07	1.77815e-05	 -1.9849e-05	  -1.89717e-05	 
0.0308743	0.969126	1939.18	0	 -3.3252e-05	6.24655e-07	1.79734e-05	 -2.01809e-05	  -1.88407e-05	 
0.0301633	0.969837	1940.6	0	 -3.37568e-05	6.44931e-07	1.81013e-05	 -2.03644e-05	  -1.85909e-05	 
0.0294596	0.97054	1942.01	0	 -3.42766e-05	6.71152e-07	1.825e-05	 -2.06282e-05	  -1.84298e-05	 
0.0287631	0.971237	1943.4	0	 -3.47594e-05	6.9898e-07	1.8437e-05	 -2.09894e-05	  -1.82695e-05	 
0.0280739	0.971926	1944.78	0	 -3.53145e-05	7.27484e-07	1.8515e-05	 -2.12819e-05	  -1.81279e-05	 
0.0273919	0.972608	1946.15	0	 -3.57338e-05	7.53682e-07	1.84874e-05	 -2.14386e-05	  -1.7972e-05	 
0.0267171	0.973283	1947.5	0	 -3.62565e-05	7.81029e-07	1.84646e-05	 -2.1626e-05	  -1.78256e-05	 
0.0260497	0.97395	1948.83	0	 -3.67369e-05	8.03757e-07	1.83979e-05	 -2.17522e-05	  -1.76929e-05	 
0.0253895	0.974611	1950.15	0	 -3.69567e-05	8.25467e-07	1.8415e-05	 -2.19399e-05	  -1.76374e-05	 
0.0247366	0.975263	1951.46	0	 -3.73522e-05	8.40248e-07	1.82955e-05	 -2.20926e-05	  -1.75394e-05	 
0.024091	0.975909	1952.75	0	 -3.76161e-05	8.67226e-07	1.82657e-05	 -2.20021e-05	  -1.74047e-05	 
0.0234528	0.976547	1954.03	0	 -3.79293e-05	8.86746e-07	1.83798e-05	 -2.19902e-05	  -1.73286e-05	 
0.0228219	0.977178	1955.29	0	 -3.79514e-05	9.06401e-07	1.83442e-05	 -2.19748e-05	  -1.72393e-05	 
0.0221983	0.977802	1956.54	0	 -3.81463e-05	9.30669e-07	1.84809e-05	 -2.18141e-05	  -1.70379e-05	 
0.0215821	0.978418	1957.77	0	 -3.81222e-05	9.56326e-07	1.86245e-05	 -2.16803e-05	  -1.70466e-05	 
0.0209732	0.979027	1958.99	0	 -3.80824e-05	9.85051e-07	1.88365e-05	 -2.14977e-05	  -1.70203e-05	 
0.0203717	0.979628	1960.19	0	 -3.80586e-05	1.00837e-06	1.8938e-05	 -2.13257e-05	  -1.69169e-05	 
0.0197776	0.980222	1961.38	0	 -3.79657e-05	1.0332e-06	1.91173e-05	 -2.11589e-05	  -1.68126e-05	 
0.0191909	0.980809	1962.56	0	 -3.76176e-05	1.05762e-06	1.9047e-05	 -2.10825e-05	  -1.66893e-05	 
0.0186116	0.981388	1963.71	0	 -3.74192e-05	1.07737e-06	1.90664e-05	 -2.08603e-05	  -1.66681e-05	 
0.0180397	0.98196	1964.86	0	 -3.72856e-05	1.10158e-06	1.90389e-05	 -2.07485e-05	  -1.66111e-05	 
0.0174753	0.982525	1965.99	0	 -3.72052e-05	1.12378e-06	1.88921e-05	 -2.06416e-05	  -1.6596e-05	 
0.0169182	0.983082	1967.1	0	 -3.69999e-05	1.14209e-06	1.88907e-05	 -2.05301e-05	  -1.64793e-05	 
0.0163686	0.983631	1968.2	0	 -3.66958e-05	1.16392e-06	1.88556e-05	 -2.05641e-05	  -1.63685e-05	 
0.0158265	0.984174	1969.29	0	 -3.68764e-05	1.18044e-06	1.88326e-05	 -2.05377e-05	  -1.61993e-05	 
0.0152918	0.984708	1970.36	0	 -3.69799e-05	1.19066e-06	1.88438e-05	 -2.05988e-05	  -1.61301e-05	 
0.0147646	0.985235	1971.41	0	 -3.69245e-05	1.2102e-06	1.89382e-05	 -2.05227e-05	  -1.60087e-05	 
0.0142448	0.985755	1972.45	0	 -3.70888e-05	1.22351e-06	1.89218e-05	 -2.06178e-05	  -1.58224e-05	 
0.0137326	0.986267	1973.48	0	 -3.74137e-05	1.23392e-06	1.90613e-05	 -2.05062e-05	  -1.57088e-05	 
0.0132278	0.986772	1974.49	0	 -3.76577e-05	1.23444e-06	1.91826e-05	 -2.06205e-05	  -1.55853e-05	 
0.0127306	0.987269	1975.48	0	 -3.8078e-05	1.24789e-06	1.91788e-05	 -2.05859e-05	  -1.54773e-05	 
0.0122409	0.987759	1976.46	0	 -3.84342e-05	1.25319e-06	1.92572e-05	 -2.05774e-05	  -1.53524e-05	 
0.0117587	0.988241	1977.43	0	 -3.89523e-05	1.25831e-06	1.93653e-05	 -2.04976e-05	  -1.51842e-05	 
0.011284	0.988716	1978.38	0	 -3.91772e-05	1.25627e-06	1.94091e-05	 -2.05515e-05	  -1.50395e-05	 
0.0108168	0.989183	1979.31	0	 -3.97949e-05	1.26074e-06	1.95386e-05	 -2.05633e-05	  -1.48882e-05	 
0.0103573	0.989643	1980.23	0	 -4.03642e-05	1.25958e-06	1.95894e-05	 -2.0791e-05	  -1.47595e-05	 
0.00990522	0.990095	1981.14	0	 -4.06483e-05	1.25993e-06	1.95909e-05	 -2.09252e-05	  -1.45897e-05	 
0.00946075	0.990539	1982.03	0	 -4.08065e-05	1.25303e-06	1.96506e-05	 -2.12433e-05	  -1.45289e-05	 
0.00902385	0.990976	1982.9	0	 -4.09313e-05	1.25545e-06	1.9736e-05	 -2.12929e-05	  -1.44265e-05	 
0.00859453	0.991405	1983.76	0	 -4.10539e-05	1.25654e-06	1.97424e-05	 -2.15862e-05	  -1.429e-05	 
0.0081728	0.991827	1984.6	0	 -4.09497e-05	1.26059e-06	1.96198e-05	 -2.17169e-05	  -1.42373e-05	 
0.00775866	0.992241	1985.43	0	 -4.07109e-05	1.2694e-06	1.95394e-05	 -2.18996e-05	  -1.41166e-05	 
0.00735212	0.992648	1986.24	0	 -4.0899e-05	1.26912e-06	1.9562e-05	 -2.19895e-05	  -1.39322e-05	 
0.00695319	0.993047	1987.04	0	 -4.08019e-05	1.28415e-06	1.9424e-05	 -2.20478e-05	  -1.3923e-05	 
0.00656188	0.993438	1987.83	0	 -4.04958e-05	1.29288e-06	1.93876e-05	 -2.21377e-05	  -1.37473e-05	 
0.00617819	0.993822	1988.59	0	 -4.05255e-05	1.30609e-06	1.92964e-05	 -2.21717e-05	  -1.36975e-05	 
0.00580213	0.994198	1989.35	0	 -4.01251e-05	1.32826e-06	1.92829e-05	 -2.2136e-05	  -1.35511e-05	 
0.00543371	0.994566	1990.08	0	 -4.0209e-05	1.35264e-06	1.93506e-05	 -2.21758e-05	  -1.34761e-05	 
0.00507293	0.994927	1990.8	0	 -3.99804e-05	1.36414e-06	1.92271e-05	 -2.22697e-05	  -1.34141e-05	 
0.0047198	0.99528	1991.51	0	 -4.00033e-05	1.38415e-06	1.94152e-05	 -2.24006e-05	  -1.32855e-05	 
0.00437432	0.995626	1992.2	0	 -3.98448e-05	1.40854e-06	1.93373e-05	 -2.25006e-05	  -1.31918e-05	 
0.00403651	0.995963	1992.88	0	 -3.99467e-05	1.42929e-06	1.93869e-05	 -2.2649e-05	  -1.31894e-05	 
0.00370637	0.996294	1993.54	0	 -3.97282e-05	1.44646e-06	1.93643e-05	 -2.25527e-05	  -1.31805e-05	 
0.0033839	0.996616	1994.18	0	 -3.96591e-05	1.47107e-06	1.93442e-05	 -2.26725e-05	  -1.30972e-05	 
0.00306911	0.996931	1994.81	0	 -3.97982e-05	1.49094e-06	1.93557e-05	 -2.27898e-05	  -1.30059e-05	 
0.00276202	0.997238	1995.43	0	 -3.97829e-05	1.50954e-06	1.94126e-05	 -2.27719e-05	  -1.30134e-05	 
0.00246261	0.997537	1996.03	0	 -3.98056e-05	1.52173e-06	1.93252e-05	 -2.27512e-05	  -1.29934e-05	 
0.0021709	0.997829	1996.61	0	 -3.97389e-05	1.54372e-06	1.93929e-05	 -2.28897e-05	  -1.29828e-05	 
0.00188689	0.998113	1997.18	0	 -3.93958e-05	1.55304e-06	1.93453e-05	 -2.27977e-05	  -1.29604e-05	 
0.00161059	0.998389	1997.73	0	 -3.9531e-05	1.56475e-06	1.93538e-05	 -2.28847e-05	  -1.29352e-05	 
0.00134201	0.998658	1998.27	0	 -3.94541e-05	1.57648e-06	1.93847e-05	 -2.29218e-05	  -1.29565e-05	 
0.00108114	0.998919	1998.79	0	 -3.95508e-05	1.58408e-06	1.92711e-05	 -2.28525e-05	  -1.29466e-05	 
0.000828004	0.999172	1999.3	0	 -3.95159e-05	1.59338e-06	1.93792e-05	 -2.29631e-05	  -1.29008e-05	 
0.000582593	0.999417	1999.79	0	 -3.9768e-05	1.59957e-06	1.93154e-05	 -2.29657e-05	  -1.28979e-05	 
0.000344915	0.999655	2000.27	0	 -3.96782e-05	1.60368e-06	1.93806e-05	 -2.29769e-05	  -1.28464e-05	 
0.000114976	0.999885	2000.73	0	 -3.94724e-05	1.61487e-06	1.93264e-05	 -2.28847e-05	  -1.28857e-05	 
