# Postprocessed results of turbulent pipe flow 
# Reynolds stress transporation term: k 
# ------------------------------------------------------------------
# uTau = 0.0241079 
# nu = 1.20482e-05 
# ------------------------------------------------------------------
# r	 1-r	 y+	 production	 Turbulent_Transport	 Viscous_Transport	  Pressure_Strain	 Pressure_Transport	 Viscous_Dissipation	 
# ------------------------------------------------------------------
1	0	0	-3.98273e-59	 -4.23517e-22	8.76621e-17	5.64237e-37	 -0	  -4.38311e-17	 
0.999955	4.48e-05	0.0896428	-1.27244e-09	 -8.34503e-09	0.000495689	3.09293e-08	 -6.28439e-06	  -0.000494878	 
0.999903	9.74e-05	0.194893	-1.33644e-08	 -5.08745e-08	0.000472118	5.73567e-08	 -1.29271e-05	  -0.00048253	 
0.999842	0.0001579	0.315951	-5.78599e-08	 -1.87151e-07	0.000456993	7.7279e-08	 -1.98329e-05	  -0.000473202	 
0.999774	0.0002261	0.452416	-1.72544e-07	 -5.21421e-07	0.000439937	9.26026e-08	 -2.70798e-05	  -0.000461957	 
0.999698	0.0003022	0.604689	-4.20033e-07	 -1.22111e-06	0.000423494	1.11463e-07	 -3.43854e-05	  -0.000448998	 
0.999614	0.000386	0.772369	-8.8887e-07	 -2.52112e-06	0.000406734	1.59998e-07	 -4.15356e-05	  -0.000439524	 
0.999522	0.0004777	0.955857	-1.70797e-06	 -4.74029e-06	0.000391631	2.60922e-07	 -4.80316e-05	  -0.000427198	 
0.999423	0.0005771	1.15475	-3.0426e-06	 -8.24653e-06	0.00037391	4.35614e-07	 -5.44382e-05	  -0.000418369	 
0.999316	0.0006843	1.36925	-5.1273e-06	 -1.34546e-05	0.000353951	7.17966e-07	 -5.99109e-05	  -0.00040578	 
0.999201	0.0007994	1.59956	-8.20889e-06	 -2.06526e-05	0.000331173	1.36017e-06	 -6.49848e-05	  -0.000395156	 
0.999078	0.0009222	1.84528	-1.24578e-05	 -3.02658e-05	0.000303909	2.44659e-06	 -6.91983e-05	  -0.000380647	 
0.998947	0.0010528	2.10661	-1.82473e-05	 -4.21662e-05	0.000267977	3.20694e-06	 -7.24469e-05	  -0.000368161	 
0.998809	0.0011912	2.38354	-2.59121e-05	 -5.60524e-05	0.000224731	3.2687e-06	 -7.49249e-05	  -0.000354661	 
0.998663	0.0013374	2.67608	-3.54995e-05	 -7.13016e-05	0.000181722	2.87162e-06	 -7.66741e-05	  -0.000335449	 
0.998509	0.0014914	2.98423	-4.71752e-05	 -8.69258e-05	0.000175044	2.32879e-06	 -7.74055e-05	  -0.000317451	 
0.998347	0.0016531	3.30778	-6.04241e-05	 -0.000102234	0.000217056	1.9409e-06	 -7.79623e-05	  -0.000300367	 
0.998177	0.0018226	3.64694	-7.52445e-05	 -0.000115176	0.000209059	1.7981e-06	 -7.77549e-05	  -0.000281004	 
0.998	0.0019999	4.00171	-9.05111e-05	 -0.000125009	0.000180166	1.91617e-06	 -7.68934e-05	  -0.000264077	 
0.997815	0.0021849	4.37189	-0.000105922	 -0.000131274	0.000155798	2.2396e-06	 -7.54743e-05	  -0.000246232	 
0.997622	0.0023777	4.75767	-0.000119589	 -0.000134065	0.000137399	2.73027e-06	 -7.39025e-05	  -0.000230547	 
0.997422	0.0025783	5.15906	-0.000131116	 -0.000131451	0.000130775	3.36577e-06	 -7.17074e-05	  -0.000215409	 
0.997213	0.0027866	5.57586	-0.000138811	 -0.000126609	0.00012922	4.18912e-06	 -6.94505e-05	  -0.000197716	 
0.996997	0.0030026	6.00807	-0.000142234	 -0.000120262	0.000125844	5.17849e-06	 -6.69911e-05	  -0.000177843	 
0.996774	0.0032264	6.45588	-0.000139957	 -0.000113342	0.000122627	6.36779e-06	 -6.39008e-05	  -0.000157621	 
0.996542	0.003458	6.9193	-0.000129791	 -0.000104187	0.000117846	7.81338e-06	 -6.06886e-05	  -0.00013842	 
0.996303	0.0036972	7.39793	-0.000114637	 -0.000101886	0.000114963	9.43599e-06	 -5.72672e-05	  -0.000121085	 
0.996056	0.0039442	7.89217	-0.00010385	 -0.000110064	0.000113428	1.10156e-05	 -5.33801e-05	  -0.00010727	 
0.995801	0.0041989	8.40181	-0.000113046	 -0.000106199	0.00011453	1.23976e-05	 -4.90951e-05	  -9.47119e-05	 
0.995539	0.0044614	8.92706	-0.000148051	 -9.0074e-05	0.000118318	1.33541e-05	 -4.42591e-05	  -8.38151e-05	 
0.995269	0.0047315	9.46752	-0.000195729	 -7.66587e-05	0.000124258	1.35385e-05	 -3.96164e-05	  -7.39894e-05	 
0.994991	0.0050094	10.0236	-0.000248177	 -7.32419e-05	0.00013091	1.31328e-05	 -3.46688e-05	  -6.63884e-05	 
0.994705	0.005295	10.5951	-0.0002972	 -8.19607e-05	0.000135561	1.21715e-05	 -2.9929e-05	  -6.02556e-05	 
0.994412	0.0055882	11.1817	-0.000341132	 -9.94483e-05	0.000137418	1.10456e-05	 -2.54613e-05	  -5.6562e-05	 
0.994111	0.0058892	11.784	-0.0003741	 -0.000120255	0.000135016	9.97987e-06	 -2.14041e-05	  -5.6119e-05	 
0.993802	0.0061979	12.4017	-0.000404545	 -0.000141684	0.000130151	9.09398e-06	 -1.79292e-05	  -5.81569e-05	 
0.993486	0.0065142	13.0346	-0.000426856	 -0.000162009	0.000121019	8.40368e-06	 -1.51101e-05	  -6.24134e-05	 
0.993162	0.0068382	13.6829	-0.000439903	 -0.000179786	0.000110375	7.83526e-06	 -1.29702e-05	  -6.8963e-05	 
0.99283	0.0071699	14.3467	-0.000450936	 -0.000193082	9.85199e-05	7.27856e-06	 -1.17956e-05	  -7.64311e-05	 
0.992491	0.0075092	15.0256	-0.00045749	 -0.000202472	8.58356e-05	6.59238e-06	 -1.17175e-05	  -8.48287e-05	 
0.992144	0.0078562	15.7199	-0.000455928	 -0.000206427	7.41909e-05	5.90082e-06	 -1.21773e-05	  -9.4572e-05	 
0.991789	0.0082109	16.4296	-0.000457149	 -0.000206972	6.35542e-05	5.10407e-06	 -1.29449e-05	  -0.000104206	 
0.991427	0.0085731	17.1544	-0.000451987	 -0.000201359	5.43404e-05	4.30907e-06	 -1.39336e-05	  -0.000114435	 
0.991057	0.0089431	17.8947	-0.000446891	 -0.000193932	4.67948e-05	3.58841e-06	 -1.4671e-05	  -0.000124506	 
0.990679	0.0093206	18.6501	-0.000440315	 -0.000182422	4.13388e-05	2.96385e-06	 -1.53272e-05	  -0.000134723	 
0.990294	0.0097058	19.4209	-0.000431064	 -0.000170503	3.72239e-05	2.45783e-06	 -1.57229e-05	  -0.000144223	 
0.989901	0.0100986	20.2069	-0.000420156	 -0.000157439	3.33253e-05	2.17396e-06	 -1.60038e-05	  -0.000152757	 
0.989501	0.010499	21.008	-0.000411037	 -0.000145912	2.99108e-05	2.21064e-06	 -1.59702e-05	  -0.000159939	 
0.989093	0.0109071	21.8246	-0.000400085	 -0.000135877	2.66568e-05	2.57882e-06	 -1.57831e-05	  -0.000166205	 
0.988677	0.0113227	22.6562	-0.000387153	 -0.000127342	2.34553e-05	3.21329e-06	 -1.53214e-05	  -0.000171235	 
0.988254	0.0117459	23.503	-0.000374087	 -0.000120417	2.01123e-05	4.04422e-06	 -1.46408e-05	  -0.000176131	 
0.987823	0.0121767	24.365	-0.000361205	 -0.000112828	1.67341e-05	4.99719e-06	 -1.37877e-05	  -0.00018039	 
0.987385	0.012615	25.2421	-0.000348197	 -0.000105109	1.35492e-05	6.01415e-06	 -1.29472e-05	  -0.000183069	 
0.986939	0.0130609	26.1343	-0.000335379	 -9.73988e-05	1.07187e-05	6.96233e-06	 -1.21213e-05	  -0.000185508	 
0.986486	0.0135144	27.0417	-0.000323256	 -8.9737e-05	8.44755e-06	7.91831e-06	 -1.16647e-05	  -0.000185874	 
0.986024	0.0139755	27.9644	-0.000310958	 -8.25412e-05	6.73152e-06	8.79145e-06	 -1.13543e-05	  -0.000185817	 
0.985556	0.014444	28.9018	-0.000297901	 -7.58915e-05	5.51969e-06	9.58428e-06	 -1.13397e-05	  -0.000187456	 
0.98508	0.0149201	29.8545	-0.000286486	 -6.95068e-05	4.75339e-06	1.02061e-05	 -1.14852e-05	  -0.000186697	 
0.984596	0.0154038	30.8223	-0.00027641	 -6.39187e-05	4.26332e-06	1.0703e-05	 -1.17571e-05	  -0.000185504	 
0.984105	0.0158949	31.805	-0.000263113	 -5.77862e-05	3.91519e-06	1.12087e-05	 -1.19778e-05	  -0.000184083	 
0.983606	0.0163936	32.8029	-0.000253131	 -5.26061e-05	3.64797e-06	1.15877e-05	 -1.22539e-05	  -0.000182389	 
0.9831	0.0168997	33.8156	-0.000243012	 -4.7326e-05	3.50672e-06	1.18819e-05	 -1.23985e-05	  -0.000180252	 
0.982587	0.0174134	34.8434	-0.000232643	 -4.22056e-05	3.66388e-06	1.20804e-05	 -1.24361e-05	  -0.000177211	 
0.982066	0.0179345	35.8861	-0.000223396	 -3.77484e-05	4.17232e-06	1.21941e-05	 -1.23742e-05	  -0.000174409	 
0.981537	0.0184631	36.9438	-0.000212888	 -3.34483e-05	4.92419e-06	1.20397e-05	 -1.21868e-05	  -0.000171407	 
0.981001	0.0189992	38.0166	-0.000204545	 -2.96742e-05	5.48066e-06	1.17156e-05	 -1.19549e-05	  -0.000168044	 
0.980457	0.0195427	39.1041	-0.000196452	 -2.6842e-05	5.63899e-06	1.13541e-05	 -1.1723e-05	  -0.00016459	 
0.979906	0.0200936	40.2064	-0.000188608	 -2.48271e-05	5.49286e-06	1.09644e-05	 -1.14529e-05	  -0.000161626	 
0.979348	0.020652	41.3237	-0.000180769	 -2.37996e-05	5.24308e-06	1.05902e-05	 -1.1279e-05	  -0.000158115	 
0.978782	0.0212179	42.4561	-0.000174025	 -2.36141e-05	4.93006e-06	1.03356e-05	 -1.12431e-05	  -0.000154856	 
0.978209	0.0217911	43.603	-0.000168007	 -2.34604e-05	4.64599e-06	1.00717e-05	 -1.11907e-05	  -0.000152338	 
0.977628	0.0223717	44.7648	-0.00016118	 -2.36385e-05	4.48836e-06	9.85835e-06	 -1.13391e-05	  -0.00014924	 
0.97704	0.0229598	45.9415	-0.000155866	 -2.37019e-05	4.44181e-06	9.58011e-06	 -1.14898e-05	  -0.000146463	 
0.976445	0.0235552	47.1329	-0.000149625	 -2.37812e-05	4.37495e-06	9.20904e-06	 -1.16295e-05	  -0.000143693	 
0.975842	0.024158	48.3391	-0.000144609	 -2.35469e-05	4.25267e-06	8.83596e-06	 -1.17485e-05	  -0.000141023	 
0.975232	0.0247682	49.5601	-0.000139677	 -2.33638e-05	4.05917e-06	8.36976e-06	 -1.17693e-05	  -0.000137957	 
0.974614	0.0253857	50.7957	-0.000134735	 -2.3103e-05	3.77206e-06	7.93267e-06	 -1.1762e-05	  -0.000135269	 
0.973989	0.0260106	52.0461	-0.000130401	 -2.30249e-05	3.47066e-06	7.39072e-06	 -1.15507e-05	  -0.000132496	 
0.973357	0.0266428	53.3111	-0.000125292	 -2.29149e-05	3.2845e-06	6.83459e-06	 -1.13359e-05	  -0.000130009	 
0.972718	0.0272824	54.5909	-0.00012144	 -2.29819e-05	3.29444e-06	6.27792e-06	 -1.10514e-05	  -0.000128012	 
0.972071	0.0279292	55.8851	-0.000117021	 -2.31044e-05	3.39635e-06	5.73105e-06	 -1.09486e-05	  -0.000125774	 
0.971417	0.0285834	57.1941	-0.000114632	 -2.30681e-05	3.31339e-06	5.25384e-06	 -1.07142e-05	  -0.00012281	 
0.970755	0.0292448	58.5175	-0.000110954	 -2.36337e-05	3.01622e-06	4.8711e-06	 -1.05936e-05	  -0.000119774	 
0.970086	0.0299135	59.8556	-0.00010826	 -2.41638e-05	2.78613e-06	4.59862e-06	 -1.04497e-05	  -0.000118156	 
0.96941	0.0305895	61.2082	-0.000104764	 -2.49672e-05	2.72144e-06	4.3708e-06	 -1.0277e-05	  -0.000115833	 
0.968727	0.0312728	62.5755	-0.000102061	 -2.57437e-05	2.72983e-06	4.17957e-06	 -1.02465e-05	  -0.000114101	 
0.968037	0.0319633	63.9571	-9.91564e-05	 -2.62899e-05	2.7466e-06	3.97511e-06	 -1.01645e-05	  -0.000112127	 
0.967339	0.032661	65.3532	-9.65492e-05	 -2.6586e-05	2.75157e-06	3.82286e-06	 -1.01912e-05	  -0.000110773	 
0.966634	0.033366	66.7639	-9.44058e-05	 -2.67635e-05	2.79803e-06	3.73073e-06	 -1.03945e-05	  -0.000108938	 
0.965922	0.0340782	68.189	-9.22966e-05	 -2.70663e-05	2.80173e-06	3.68265e-06	 -1.04914e-05	  -0.000107384	 
0.965202	0.0347975	69.6283	-8.96987e-05	 -2.73185e-05	2.75512e-06	3.64652e-06	 -1.05665e-05	  -0.000104945	 
0.964476	0.0355241	71.0822	-8.78116e-05	 -2.77048e-05	2.65488e-06	3.63425e-06	 -1.05887e-05	  -0.000103061	 
0.963742	0.0362578	72.5503	-8.59553e-05	 -2.78637e-05	2.532e-06	3.60292e-06	 -1.06271e-05	  -0.000101498	 
0.963001	0.0369987	74.0328	-8.43544e-05	 -2.80992e-05	2.39743e-06	3.54665e-06	 -1.06021e-05	  -9.96655e-05	 
0.962253	0.0377468	75.5297	-8.21407e-05	 -2.82244e-05	2.29759e-06	3.50138e-06	 -1.06198e-05	  -9.78504e-05	 
0.961498	0.038502	77.0408	-8.06279e-05	 -2.85188e-05	2.27996e-06	3.40821e-06	 -1.06674e-05	  -9.6379e-05	 
0.960736	0.0392643	78.5661	-7.92051e-05	 -2.83636e-05	2.26769e-06	3.28623e-06	 -1.07822e-05	  -9.50835e-05	 
0.959966	0.0400337	80.1057	-7.75301e-05	 -2.8318e-05	2.14698e-06	3.15675e-06	 -1.08992e-05	  -9.33988e-05	 
0.95919	0.0408102	81.6594	-7.5687e-05	 -2.82444e-05	1.85607e-06	2.99352e-06	 -1.10456e-05	  -9.20953e-05	 
0.958406	0.0415939	83.2276	-7.43499e-05	 -2.78997e-05	1.60101e-06	2.83941e-06	 -1.12064e-05	  -9.06849e-05	 
0.957615	0.0423846	84.8097	-7.28967e-05	 -2.73953e-05	1.45157e-06	2.696e-06	 -1.1344e-05	  -8.93548e-05	 
0.956818	0.0431823	86.4059	-7.22769e-05	 -2.67847e-05	1.34333e-06	2.6053e-06	 -1.15038e-05	  -8.83835e-05	 
0.956013	0.0439871	88.0162	-7.11207e-05	 -2.64093e-05	1.29203e-06	2.542e-06	 -1.16285e-05	  -8.70263e-05	 
0.955201	0.044799	89.6408	-7.02507e-05	 -2.63609e-05	1.39142e-06	2.50346e-06	 -1.17539e-05	  -8.59789e-05	 
0.954382	0.0456178	91.2792	-6.889e-05	 -2.61733e-05	1.64988e-06	2.4171e-06	 -1.18468e-05	  -8.49221e-05	 
0.953556	0.0464437	92.9318	-6.78939e-05	 -2.62227e-05	1.73238e-06	2.31341e-06	 -1.18546e-05	  -8.37226e-05	 
0.952723	0.0472766	94.5984	-6.66656e-05	 -2.62307e-05	1.61349e-06	2.18854e-06	 -1.18076e-05	  -8.25595e-05	 
0.951884	0.0481164	96.2788	-6.56063e-05	 -2.62044e-05	1.42815e-06	2.16458e-06	 -1.17337e-05	  -8.10885e-05	 
0.951037	0.0489633	97.9734	-6.42574e-05	 -2.63173e-05	1.37777e-06	2.2781e-06	 -1.14824e-05	  -7.99645e-05	 
0.950183	0.049817	99.6816	-6.29782e-05	 -2.62482e-05	1.46534e-06	2.49665e-06	 -1.12289e-05	  -7.82473e-05	 
0.949322	0.0506777	101.404	-6.16992e-05	 -2.61144e-05	1.58912e-06	2.74954e-06	 -1.09365e-05	  -7.77592e-05	 
0.948455	0.0515454	103.14	-6.0889e-05	 -2.57947e-05	1.70126e-06	2.99447e-06	 -1.06315e-05	  -7.67705e-05	 
0.94758	0.0524199	104.89	-5.9793e-05	 -2.51221e-05	1.82753e-06	3.20042e-06	 -1.03463e-05	  -7.5771e-05	 
0.946699	0.0533014	106.654	-5.88038e-05	 -2.45893e-05	1.90981e-06	3.34683e-06	 -1.00883e-05	  -7.45647e-05	 
0.94581	0.0541897	108.431	-5.79824e-05	 -2.41442e-05	1.92025e-06	3.42026e-06	 -9.82295e-06	  -7.44883e-05	 
0.944915	0.0550849	110.222	-5.74583e-05	 -2.36965e-05	1.87146e-06	3.39391e-06	 -9.59506e-06	  -7.3701e-05	 
0.944013	0.055987	112.028	-5.71721e-05	 -2.35303e-05	1.71651e-06	3.25811e-06	 -9.32672e-06	  -7.29668e-05	 
0.943104	0.0568959	113.846	-5.63335e-05	 -2.3492e-05	1.46815e-06	3.04933e-06	 -9.11825e-06	  -7.26027e-05	 
0.942188	0.0578116	115.678	-5.55901e-05	 -2.37151e-05	1.25916e-06	2.75076e-06	 -8.89015e-06	  -7.21644e-05	 
0.941266	0.0587342	117.525	-5.50014e-05	 -2.39567e-05	1.15326e-06	2.41039e-06	 -8.67825e-06	  -7.18424e-05	 
0.940337	0.0596635	119.384	-5.45538e-05	 -2.43572e-05	1.18477e-06	2.11001e-06	 -8.56917e-06	  -7.17927e-05	 
0.9394	0.0605996	121.257	-5.39126e-05	 -2.4939e-05	1.35161e-06	1.88357e-06	 -8.44886e-06	  -7.14307e-05	 
0.938457	0.0615425	123.144	-5.32721e-05	 -2.55653e-05	1.49453e-06	1.75366e-06	 -8.4058e-06	  -7.12765e-05	 
0.937508	0.0624921	125.044	-5.24212e-05	 -2.58991e-05	1.54324e-06	1.71693e-06	 -8.4267e-06	  -7.03936e-05	 
0.936551	0.0634485	126.958	-5.20398e-05	 -2.62288e-05	1.57069e-06	1.75675e-06	 -8.57331e-06	  -7.00311e-05	 
0.935588	0.0644116	128.885	-5.13875e-05	 -2.61041e-05	1.58664e-06	1.83409e-06	 -8.76104e-06	  -6.95404e-05	 
0.934619	0.0653814	130.825	-5.05515e-05	 -2.61004e-05	1.57072e-06	1.90638e-06	 -8.96046e-06	  -6.88913e-05	 
0.933642	0.0663579	132.779	-5.00494e-05	 -2.64846e-05	1.48582e-06	1.97713e-06	 -9.20468e-06	  -6.91747e-05	 
0.932659	0.067341	134.746	-4.97726e-05	 -2.70946e-05	1.35119e-06	2.04579e-06	 -9.39602e-06	  -6.89206e-05	 
0.931669	0.0683308	136.727	-4.97651e-05	 -2.77797e-05	1.16984e-06	2.09786e-06	 -9.60831e-06	  -6.93022e-05	 
0.930673	0.0693273	138.721	-5.00368e-05	 -2.81805e-05	1.04079e-06	2.14381e-06	 -9.71384e-06	  -6.90274e-05	 
0.92967	0.0703303	140.728	-5.03318e-05	 -2.84231e-05	1.00103e-06	2.12263e-06	 -9.80822e-06	  -6.91392e-05	 
0.92866	0.07134	142.748	-5.08361e-05	 -2.82518e-05	1.023e-06	2.08785e-06	 -9.95585e-06	  -6.89298e-05	 
0.927644	0.0723563	144.782	-5.13793e-05	 -2.73825e-05	1.09426e-06	2.07433e-06	 -9.96374e-06	  -6.89019e-05	 
0.926621	0.0733791	146.828	-5.2375e-05	 -2.66663e-05	1.18901e-06	2.11319e-06	 -9.86599e-06	  -6.87788e-05	 
0.925592	0.0744085	148.888	-5.27732e-05	 -2.60524e-05	1.22737e-06	2.1719e-06	 -9.77974e-06	  -6.85212e-05	 
0.924555	0.0754445	150.961	-5.37771e-05	 -2.5765e-05	1.20982e-06	2.21917e-06	 -9.62301e-06	  -6.84172e-05	 
0.923513	0.076487	153.047	-5.4489e-05	 -2.57631e-05	1.22369e-06	2.23197e-06	 -9.5042e-06	  -6.77104e-05	 
0.922464	0.0775359	155.146	-5.50362e-05	 -2.61092e-05	1.33326e-06	2.18704e-06	 -9.48036e-06	  -6.7362e-05	 
0.921409	0.0785914	157.258	-5.57645e-05	 -2.65331e-05	1.41356e-06	2.11966e-06	 -9.53197e-06	  -6.71222e-05	 
0.920347	0.0796534	159.383	-5.62445e-05	 -2.70637e-05	1.43257e-06	2.08779e-06	 -9.71465e-06	  -6.65022e-05	 
0.919278	0.0807218	161.521	-5.68939e-05	 -2.75228e-05	1.42561e-06	2.1034e-06	 -9.90386e-06	  -6.63648e-05	 
0.918203	0.0817966	163.671	-5.72268e-05	 -2.77901e-05	1.42145e-06	2.15252e-06	 -1.01174e-05	  -6.5934e-05	 
0.917122	0.0828779	165.835	-5.72689e-05	 -2.83684e-05	1.43963e-06	2.26638e-06	 -1.03201e-05	  -6.5303e-05	 
0.916034	0.0839656	168.011	-5.73428e-05	 -2.85209e-05	1.46454e-06	2.36383e-06	 -1.05299e-05	  -6.50435e-05	 
0.91494	0.0850597	170.201	-5.66769e-05	 -2.87792e-05	1.4674e-06	2.4476e-06	 -1.0673e-05	  -6.46403e-05	 
0.91384	0.0861601	172.403	-5.55966e-05	 -2.89628e-05	1.42926e-06	2.44916e-06	 -1.06453e-05	  -6.43936e-05	 
0.912733	0.0872669	174.617	-5.45724e-05	 -2.90043e-05	1.32535e-06	2.37136e-06	 -1.07086e-05	  -6.35369e-05	 
0.91162	0.0883801	176.845	-5.39434e-05	 -2.96315e-05	1.1384e-06	2.25148e-06	 -1.07064e-05	  -6.33394e-05	 
0.910501	0.0894995	179.085	-5.34738e-05	 -2.99213e-05	9.6038e-07	2.14313e-06	 -1.07883e-05	  -6.27619e-05	 
0.909375	0.0906253	181.337	-5.28737e-05	 -3.07345e-05	8.83314e-07	2.13654e-06	 -1.08693e-05	  -6.24313e-05	 
0.908243	0.0917574	183.602	-5.24521e-05	 -3.11203e-05	8.68396e-07	2.24446e-06	 -1.09768e-05	  -6.17022e-05	 
0.907104	0.0928957	185.88	-5.18772e-05	 -3.15852e-05	8.59676e-07	2.44849e-06	 -1.10847e-05	  -6.15127e-05	 
0.90596	0.0940402	188.17	-5.13377e-05	 -3.19068e-05	8.33871e-07	2.69418e-06	 -1.12665e-05	  -6.10202e-05	 
0.904809	0.095191	190.473	-5.07592e-05	 -3.20826e-05	7.74627e-07	2.86791e-06	 -1.13709e-05	  -6.05735e-05	 
0.903652	0.096348	192.788	-5.06679e-05	 -3.19023e-05	6.7808e-07	2.97547e-06	 -1.13698e-05	  -5.99144e-05	 
0.902489	0.0975112	195.116	-5.02421e-05	 -3.19476e-05	5.82817e-07	3.01881e-06	 -1.14365e-05	  -5.95116e-05	 
0.901319	0.0986806	197.456	-4.96444e-05	 -3.17803e-05	6.32809e-07	3.00507e-06	 -1.14316e-05	  -5.93593e-05	 
0.900144	0.0998561	199.808	-4.91716e-05	 -3.18353e-05	8.81344e-07	3.0031e-06	 -1.14643e-05	  -5.88678e-05	 
0.898962	0.101038	202.172	-4.88184e-05	 -3.20603e-05	1.20016e-06	3.01584e-06	 -1.14824e-05	  -5.85443e-05	 
0.897774	0.102226	204.549	-4.85543e-05	 -3.20382e-05	1.34951e-06	3.05762e-06	 -1.14686e-05	  -5.80844e-05	 
0.896581	0.103419	206.938	-4.77784e-05	 -3.19082e-05	1.27875e-06	3.16183e-06	 -1.15622e-05	  -5.73683e-05	 
0.895381	0.104619	209.339	-4.71714e-05	 -3.12583e-05	1.17613e-06	3.2886e-06	 -1.16284e-05	  -5.71502e-05	 
0.894175	0.105825	211.752	-4.64129e-05	 -3.03022e-05	1.05689e-06	3.42017e-06	 -1.16211e-05	  -5.69862e-05	 
0.892962	0.107038	214.177	-4.59672e-05	 -2.97172e-05	9.45777e-07	3.51163e-06	 -1.16473e-05	  -5.64874e-05	 
0.891744	0.108256	216.615	-4.51728e-05	 -2.93763e-05	8.83762e-07	3.53297e-06	 -1.15608e-05	  -5.61124e-05	 
0.89052	0.10948	219.064	-4.46714e-05	 -2.95716e-05	8.54022e-07	3.49641e-06	 -1.14135e-05	  -5.59796e-05	 
0.88929	0.11071	221.525	-4.43338e-05	 -2.96325e-05	8.66074e-07	3.41975e-06	 -1.12104e-05	  -5.57518e-05	 
0.888054	0.111946	223.999	-4.43628e-05	 -2.97272e-05	9.53982e-07	3.35371e-06	 -1.10265e-05	  -5.56194e-05	 
0.886812	0.113188	226.484	-4.43953e-05	 -2.95834e-05	1.11479e-06	3.28515e-06	 -1.09512e-05	  -5.51569e-05	 
0.885564	0.114436	228.981	-4.44055e-05	 -2.93047e-05	1.23827e-06	3.26897e-06	 -1.0999e-05	  -5.49652e-05	 
0.88431	0.11569	231.49	-4.45455e-05	 -2.91659e-05	1.21762e-06	3.25551e-06	 -1.09975e-05	  -5.46951e-05	 
0.883051	0.116949	234.01	-4.46585e-05	 -2.86433e-05	1.11421e-06	3.18859e-06	 -1.09152e-05	  -5.4712e-05	 
0.881785	0.118215	236.543	-4.45504e-05	 -2.82457e-05	9.85918e-07	3.13044e-06	 -1.08106e-05	  -5.4326e-05	 
0.880514	0.119486	239.087	-4.46974e-05	 -2.78688e-05	9.03811e-07	3.03265e-06	 -1.07288e-05	  -5.42765e-05	 
0.879236	0.120764	241.643	-4.47462e-05	 -2.76695e-05	8.86495e-07	2.96722e-06	 -1.07214e-05	  -5.41674e-05	 
0.877953	0.122047	244.21	-4.49343e-05	 -2.75118e-05	8.65665e-07	2.9429e-06	 -1.08406e-05	  -5.40197e-05	 
0.876664	0.123336	246.789	-4.52683e-05	 -2.7575e-05	8.08759e-07	2.93498e-06	 -1.09601e-05	  -5.34984e-05	 
0.87537	0.12463	249.38	-4.56933e-05	 -2.77379e-05	7.1962e-07	2.88798e-06	 -1.1051e-05	  -5.35448e-05	 
0.87407	0.12593	251.981	-4.577e-05	 -2.79449e-05	6.64033e-07	2.79904e-06	 -1.1153e-05	  -5.33854e-05	 
0.872763	0.127237	254.595	-4.59097e-05	 -2.793e-05	6.55077e-07	2.62315e-06	 -1.12243e-05	  -5.29165e-05	 
0.871452	0.128548	257.22	-4.58597e-05	 -2.82466e-05	6.98082e-07	2.46058e-06	 -1.12503e-05	  -5.34013e-05	 
0.870134	0.129866	259.856	-4.60679e-05	 -2.84233e-05	7.49755e-07	2.41104e-06	 -1.12569e-05	  -5.35377e-05	 
0.868811	0.131189	262.504	-4.62485e-05	 -2.82687e-05	7.80762e-07	2.4377e-06	 -1.11645e-05	  -5.33447e-05	 
0.867482	0.132518	265.162	-4.59353e-05	 -2.83027e-05	8.7909e-07	2.45242e-06	 -1.10792e-05	  -5.33874e-05	 
0.866148	0.133852	267.833	-4.59455e-05	 -2.80052e-05	1.01025e-06	2.43595e-06	 -1.0971e-05	  -5.32618e-05	 
0.864808	0.135192	270.514	-4.52959e-05	 -2.8115e-05	1.06321e-06	2.41607e-06	 -1.09157e-05	  -5.33069e-05	 
0.863462	0.136538	273.206	-4.47373e-05	 -2.81943e-05	1.05147e-06	2.50097e-06	 -1.09805e-05	  -5.32618e-05	 
0.862111	0.137889	275.91	-4.47395e-05	 -2.81661e-05	1.03092e-06	2.66188e-06	 -1.11867e-05	  -5.37134e-05	 
0.860754	0.139246	278.625	-4.46468e-05	 -2.81431e-05	9.99267e-07	2.73091e-06	 -1.13205e-05	  -5.38928e-05	 
0.859392	0.140608	281.35	-4.46317e-05	 -2.7683e-05	9.85957e-07	2.62156e-06	 -1.1398e-05	  -5.37549e-05	 
0.858024	0.141976	284.087	-4.52726e-05	 -2.70424e-05	9.70642e-07	2.35343e-06	 -1.15165e-05	  -5.3829e-05	 
0.856651	0.143349	286.835	-4.57921e-05	 -2.62421e-05	9.09721e-07	1.99138e-06	 -1.15423e-05	  -5.3747e-05	 
0.855272	0.144728	289.594	-4.6839e-05	 -2.53757e-05	7.90731e-07	1.5909e-06	 -1.14515e-05	  -5.3777e-05	 
0.853888	0.146112	292.363	-4.81523e-05	 -2.47091e-05	6.7875e-07	1.12722e-06	 -1.14494e-05	  -5.32734e-05	 
0.852499	0.147501	295.143	-4.98738e-05	 -2.35609e-05	5.89158e-07	6.70523e-07	 -1.14205e-05	  -5.33353e-05	 
0.851104	0.148896	297.935	-5.12797e-05	 -2.22674e-05	5.02544e-07	3.26885e-07	 -1.13163e-05	  -5.33425e-05	 
0.849704	0.150296	300.736	-5.2735e-05	 -2.07282e-05	4.3314e-07	2.05802e-07	 -1.12769e-05	  -5.34958e-05	 
0.848298	0.151702	303.549	-5.35591e-05	 -1.96026e-05	4.12108e-07	2.97579e-07	 -1.12853e-05	  -5.3579e-05	 
0.846887	0.153113	306.372	-5.44215e-05	 -1.86569e-05	4.29916e-07	4.05299e-07	 -1.12276e-05	  -5.34714e-05	 
0.845471	0.154529	309.206	-5.51945e-05	 -1.77773e-05	4.53222e-07	5.0164e-07	 -1.11928e-05	  -5.32789e-05	 
0.844049	0.155951	312.05	-5.52593e-05	 -1.73095e-05	4.96191e-07	6.19e-07	 -1.10258e-05	  -5.35431e-05	 
0.842623	0.157377	314.905	-5.51122e-05	 -1.66474e-05	6.08623e-07	7.8974e-07	 -1.09495e-05	  -5.36134e-05	 
0.841191	0.158809	317.771	-5.55176e-05	 -1.6185e-05	7.40313e-07	9.2366e-07	 -1.08653e-05	  -5.33759e-05	 
0.839753	0.160247	320.646	-5.56831e-05	 -1.5708e-05	8.05824e-07	9.78868e-07	 -1.08233e-05	  -5.37567e-05	 
0.838311	0.161689	323.533	-5.62871e-05	 -1.53052e-05	7.96927e-07	1.03708e-06	 -1.07892e-05	  -5.37236e-05	 
0.836863	0.163137	326.429	-5.69816e-05	 -1.48585e-05	7.55037e-07	1.15354e-06	 -1.06139e-05	  -5.37992e-05	 
0.835411	0.164589	329.336	-5.77168e-05	 -1.43142e-05	7.05505e-07	1.30177e-06	 -1.03548e-05	  -5.42095e-05	 
0.833953	0.166047	332.253	-5.79041e-05	 -1.37415e-05	6.90698e-07	1.45072e-06	 -1.00194e-05	  -5.42964e-05	 
0.83249	0.16751	335.18	-5.78301e-05	 -1.31649e-05	7.19916e-07	1.56984e-06	 -9.73057e-06	  -5.44628e-05	 
0.831022	0.168978	338.118	-5.74051e-05	 -1.26248e-05	7.83299e-07	1.56837e-06	 -9.47344e-06	  -5.49355e-05	 
0.829549	0.170451	341.065	-5.73803e-05	 -1.21804e-05	8.86841e-07	1.42417e-06	 -9.25555e-06	  -5.49927e-05	 
0.828071	0.171929	344.023	-5.68354e-05	 -1.16793e-05	1.014e-06	1.18991e-06	 -9.07397e-06	  -5.51724e-05	 
0.826588	0.173412	346.991	-5.66626e-05	 -1.10324e-05	9.8495e-07	9.69083e-07	 -8.73934e-06	  -5.48829e-05	 
0.825099	0.174901	349.968	-5.66293e-05	 -1.04204e-05	8.34382e-07	8.40857e-07	 -8.55152e-06	  -5.51256e-05	 
0.823606	0.176394	352.956	-5.67703e-05	 -9.92222e-06	7.30163e-07	7.70678e-07	 -8.40388e-06	  -5.5163e-05	 
0.822108	0.177892	355.953	-5.73843e-05	 -9.57181e-06	6.93044e-07	6.60467e-07	 -8.3098e-06	  -5.47091e-05	 
0.820605	0.179395	358.96	-5.79252e-05	 -9.2417e-06	7.05257e-07	4.68805e-07	 -8.35503e-06	  -5.44481e-05	 
0.819098	0.180902	361.977	-5.85047e-05	 -8.82874e-06	7.83781e-07	3.88515e-07	 -8.48899e-06	  -5.4197e-05	 
0.817585	0.182415	365.004	-5.906e-05	 -8.50921e-06	8.89883e-07	6.27901e-07	 -8.68557e-06	  -5.3964e-05	 
0.816067	0.183933	368.041	-5.98173e-05	 -8.22138e-06	9.70306e-07	8.95025e-07	 -8.89692e-06	  -5.34942e-05	 
0.814545	0.185455	371.087	-5.99553e-05	 -8.31223e-06	1.01204e-06	1.16242e-06	 -9.0981e-06	  -5.40591e-05	 
0.813018	0.186982	374.143	-6.03338e-05	 -8.67558e-06	1.03482e-06	1.47807e-06	 -9.24464e-06	  -5.42349e-05	 
0.811486	0.188514	377.208	-6.08283e-05	 -9.17898e-06	1.03425e-06	1.83621e-06	 -9.23842e-06	  -5.39835e-05	 
0.809949	0.190051	380.283	-6.13256e-05	 -9.58271e-06	1.0017e-06	2.20981e-06	 -9.27518e-06	  -5.3753e-05	 
0.808408	0.191592	383.368	-6.24539e-05	 -9.58348e-06	9.33075e-07	2.52903e-06	 -9.26521e-06	  -5.37771e-05	 
0.806862	0.193138	386.461	-6.3234e-05	 -9.97179e-06	8.28285e-07	2.85876e-06	 -9.35969e-06	  -5.35446e-05	 
0.805311	0.194689	389.564	-6.3306e-05	 -1.09037e-05	7.68536e-07	3.18918e-06	 -9.46907e-06	  -5.35065e-05	 
0.803755	0.196245	392.677	-6.3467e-05	 -1.21305e-05	7.74036e-07	3.4452e-06	 -9.5745e-06	  -5.3465e-05	 
0.802195	0.197805	395.798	-6.29623e-05	 -1.34525e-05	8.50496e-07	3.61944e-06	 -9.69778e-06	  -5.34937e-05	 
0.800631	0.199369	398.929	-6.257e-05	 -1.5175e-05	8.77476e-07	3.63608e-06	 -9.58221e-06	  -5.32871e-05	 
0.799061	0.200939	402.069	-6.22719e-05	 -1.6971e-05	7.89798e-07	3.49908e-06	 -9.45487e-06	  -5.25052e-05	 
0.797487	0.202513	405.219	-6.26475e-05	 -1.871e-05	7.3255e-07	3.24941e-06	 -9.37854e-06	  -5.23399e-05	 
0.795909	0.204091	408.377	-6.33216e-05	 -1.99008e-05	7.11973e-07	3.00968e-06	 -9.43204e-06	  -5.27074e-05	 
0.794326	0.205674	411.544	-6.34277e-05	 -2.06007e-05	7.51838e-07	2.78702e-06	 -9.48874e-06	  -5.29014e-05	 
0.792739	0.207261	414.721	-6.39357e-05	 -2.12714e-05	8.39242e-07	2.64131e-06	 -9.58802e-06	  -5.28913e-05	 
0.791147	0.208853	417.906	-6.37919e-05	 -2.16662e-05	9.06819e-07	2.50124e-06	 -9.63569e-06	  -5.24218e-05	 
0.789551	0.210449	421.1	-6.33992e-05	 -2.19068e-05	9.03673e-07	2.31251e-06	 -9.68176e-06	  -5.18842e-05	 
0.78795	0.21205	424.303	-6.28649e-05	 -2.17865e-05	8.67043e-07	2.0758e-06	 -9.80021e-06	  -5.12098e-05	 
0.786345	0.213655	427.515	-6.21505e-05	 -2.15469e-05	8.3605e-07	1.82672e-06	 -9.8103e-06	  -5.05545e-05	 
0.784735	0.215265	430.735	-6.19689e-05	 -2.13143e-05	8.13106e-07	1.65596e-06	 -9.71096e-06	  -5.0084e-05	 
0.783121	0.216879	433.964	-6.21319e-05	 -2.12199e-05	7.79804e-07	1.54276e-06	 -9.64096e-06	  -4.97446e-05	 
0.781503	0.218497	437.202	-6.16948e-05	 -2.11954e-05	6.86982e-07	1.38794e-06	 -9.53109e-06	  -4.9114e-05	 
0.779881	0.220119	440.449	-6.15746e-05	 -2.08939e-05	5.28956e-07	1.22226e-06	 -9.46233e-06	  -4.86742e-05	 
0.778254	0.221746	443.704	-6.15035e-05	 -2.02781e-05	4.78292e-07	1.10307e-06	 -9.27552e-06	  -4.83845e-05	 
0.776623	0.223377	446.967	-6.17356e-05	 -1.95796e-05	5.03936e-07	1.05579e-06	 -9.15678e-06	  -4.82929e-05	 
0.774988	0.225012	450.239	-6.17541e-05	 -1.90238e-05	5.14429e-07	9.75805e-07	 -9.01091e-06	  -4.79136e-05	 
0.773349	0.226651	453.519	-6.21162e-05	 -1.85944e-05	4.75599e-07	7.95352e-07	 -8.79292e-06	  -4.76938e-05	 
0.771705	0.228295	456.808	-6.25141e-05	 -1.81818e-05	4.17292e-07	6.31293e-07	 -8.62228e-06	  -4.77115e-05	 
0.770058	0.229942	460.105	-6.30427e-05	 -1.78089e-05	3.78368e-07	6.45478e-07	 -8.37178e-06	  -4.72822e-05	 
0.768406	0.231594	463.41	-6.31159e-05	 -1.74542e-05	3.67708e-07	8.51163e-07	 -8.23563e-06	  -4.746e-05	 
0.76675	0.23325	466.723	-6.25936e-05	 -1.70173e-05	3.60792e-07	1.16352e-06	 -8.1384e-06	  -4.72113e-05	 
0.76509	0.23491	470.045	-6.12499e-05	 -1.63084e-05	3.52736e-07	1.42546e-06	 -8.15293e-06	  -4.71382e-05	 
0.763426	0.236574	473.374	-6.1364e-05	 -1.53224e-05	3.47917e-07	1.53882e-06	 -8.19203e-06	  -4.71161e-05	 
0.761758	0.238242	476.711	-6.14113e-05	 -1.43017e-05	3.60768e-07	1.5631e-06	 -8.28397e-06	  -4.65356e-05	 
0.760086	0.239914	480.057	-6.15714e-05	 -1.33578e-05	3.89488e-07	1.64224e-06	 -8.42835e-06	  -4.59921e-05	 
0.75841	0.24159	483.41	-6.15661e-05	 -1.24799e-05	3.93232e-07	1.81421e-06	 -8.58557e-06	  -4.57243e-05	 
0.75673	0.24327	486.772	-6.09637e-05	 -1.16178e-05	3.49744e-07	2.0085e-06	 -8.96821e-06	  -4.56251e-05	 
0.755046	0.244954	490.141	-6.06406e-05	 -1.07836e-05	2.9443e-07	2.13587e-06	 -9.47884e-06	  -4.58261e-05	 
0.753359	0.246641	493.518	-6.0181e-05	 -1.01538e-05	3.17625e-07	2.15507e-06	 -9.92387e-06	  -4.56927e-05	 
0.751667	0.248333	496.903	-5.92781e-05	 -9.69999e-06	3.60082e-07	2.17044e-06	 -1.02104e-05	  -4.55928e-05	 
0.749972	0.250028	500.295	-5.9146e-05	 -9.46902e-06	3.27832e-07	2.31457e-06	 -1.04597e-05	  -4.57739e-05	 
0.748273	0.251727	503.695	-5.87808e-05	 -9.49393e-06	3.4605e-07	2.47223e-06	 -1.07296e-05	  -4.59919e-05	 
0.74657	0.25343	507.103	-5.92116e-05	 -9.8813e-06	3.73905e-07	2.50153e-06	 -1.11391e-05	  -4.59465e-05	 
0.744863	0.255137	510.518	-5.95108e-05	 -1.05545e-05	4.07531e-07	2.31862e-06	 -1.14864e-05	  -4.57385e-05	 
0.743153	0.256847	513.94	-5.95023e-05	 -1.14341e-05	5.34373e-07	1.97417e-06	 -1.17991e-05	  -4.57105e-05	 
0.741439	0.258561	517.37	-5.94283e-05	 -1.23844e-05	6.58374e-07	1.57824e-06	 -1.18563e-05	  -4.52715e-05	 
0.739721	0.260279	520.807	-5.87091e-05	 -1.33884e-05	7.03927e-07	1.30014e-06	 -1.17533e-05	  -4.49491e-05	 
0.737999	0.262001	524.252	-5.88975e-05	 -1.44344e-05	7.03377e-07	1.09005e-06	 -1.17811e-05	  -4.48813e-05	 
0.736274	0.263726	527.704	-5.9897e-05	 -1.5837e-05	6.67546e-07	7.48885e-07	 -1.17289e-05	  -4.45334e-05	 
0.734545	0.265455	531.163	-6.15732e-05	 -1.67412e-05	5.88423e-07	2.66361e-07	 -1.17625e-05	  -4.43057e-05	 
0.732813	0.267187	534.629	-6.30187e-05	 -1.72517e-05	5.18518e-07	2.27177e-07	 -1.15937e-05	  -4.43366e-05	 
0.731077	0.268923	538.102	-6.43834e-05	 -1.75181e-05	4.84995e-07	5.69239e-07	 -1.13901e-05	  -4.37598e-05	 
0.729338	0.270662	541.583	-6.48708e-05	 -1.77865e-05	4.96558e-07	9.32854e-07	 -1.11873e-05	  -4.33141e-05	 
0.727595	0.272405	545.07	-6.53943e-05	 -1.78221e-05	6.54381e-07	1.31668e-06	 -1.09126e-05	  -4.33595e-05	 
0.725849	0.274151	548.564	-6.64207e-05	 -1.7907e-05	7.68063e-07	1.64441e-06	 -1.07341e-05	  -4.32173e-05	 
0.724099	0.275901	552.065	-6.76458e-05	 -1.79529e-05	7.90743e-07	1.87793e-06	 -1.05709e-05	  -4.32672e-05	 
0.722346	0.277654	555.573	-6.87808e-05	 -1.77605e-05	7.33029e-07	2.02007e-06	 -1.03246e-05	  -4.32263e-05	 
0.720589	0.279411	559.088	-6.92404e-05	 -1.74827e-05	6.19928e-07	2.08178e-06	 -1.01517e-05	  -4.30383e-05	 
0.71883	0.28117	562.61	-6.92533e-05	 -1.70826e-05	5.18243e-07	2.21748e-06	 -9.9821e-06	  -4.24312e-05	 
0.717066	0.282934	566.138	-6.9399e-05	 -1.6803e-05	4.81832e-07	2.38058e-06	 -9.7978e-06	  -4.23071e-05	 
0.7153	0.2847	569.672	-6.97919e-05	 -1.68183e-05	5.19753e-07	2.42231e-06	 -9.64869e-06	  -4.21927e-05	 
0.71353	0.28647	573.214	-7.04408e-05	 -1.69353e-05	6.02025e-07	2.3248e-06	 -9.61707e-06	  -4.20163e-05	 
0.711757	0.288243	576.762	-7.06348e-05	 -1.70694e-05	6.91761e-07	2.26588e-06	 -9.62142e-06	  -4.17041e-05	 
0.709981	0.290019	580.316	-7.04724e-05	 -1.71478e-05	7.61978e-07	2.35811e-06	 -9.79002e-06	  -4.12371e-05	 
0.708201	0.291799	583.877	-7.02408e-05	 -1.7552e-05	7.85109e-07	2.65654e-06	 -9.92595e-06	  -4.11306e-05	 
0.706418	0.293582	587.444	-7.01423e-05	 -1.82004e-05	7.52009e-07	2.91193e-06	 -9.99397e-06	  -4.0945e-05	 
0.704633	0.295367	591.017	-6.91442e-05	 -1.89059e-05	6.76858e-07	2.95393e-06	 -1.00064e-05	  -4.05477e-05	 
0.702844	0.297156	594.597	-6.82732e-05	 -1.92627e-05	5.86855e-07	2.75411e-06	 -1.00135e-05	  -4.04058e-05	 
0.701052	0.298948	598.182	-6.74498e-05	 -1.94748e-05	5.28134e-07	2.63799e-06	 -1.01166e-05	  -3.99764e-05	 
0.699257	0.300743	601.774	-6.6528e-05	 -1.94098e-05	5.01385e-07	2.78988e-06	 -1.0146e-05	  -3.98083e-05	 
0.697458	0.302542	605.372	-6.5296e-05	 -1.94015e-05	4.94777e-07	3.14092e-06	 -1.02162e-05	  -3.9575e-05	 
0.695657	0.304343	608.976	-6.41371e-05	 -1.94491e-05	4.98026e-07	3.52325e-06	 -1.01653e-05	  -3.90684e-05	 
0.693853	0.306147	612.586	-6.36603e-05	 -1.93231e-05	4.95006e-07	3.77232e-06	 -1.00495e-05	  -3.88683e-05	 
0.692046	0.307954	616.202	-6.33304e-05	 -1.85237e-05	4.871e-07	3.93238e-06	 -9.89535e-06	  -3.82115e-05	 
0.690236	0.309764	619.824	-6.25037e-05	 -1.74816e-05	4.61653e-07	4.11946e-06	 -9.77066e-06	  -3.76491e-05	 
0.688423	0.311577	623.451	-6.22267e-05	 -1.64679e-05	4.3972e-07	4.33121e-06	 -9.72e-06	  -3.76934e-05	 
0.686608	0.313392	627.085	-6.26392e-05	 -1.59696e-05	4.90181e-07	4.58591e-06	 -9.60784e-06	  -3.77741e-05	 
0.684789	0.315211	630.723	-6.32995e-05	 -1.59747e-05	5.86069e-07	4.83209e-06	 -9.37876e-06	  -3.76093e-05	 
0.682967	0.317033	634.368	-6.34043e-05	 -1.60617e-05	6.7472e-07	5.12084e-06	 -9.1167e-06	  -3.75181e-05	 
0.681143	0.318857	638.018	-6.21399e-05	 -1.61734e-05	7.44128e-07	5.3662e-06	 -9.02393e-06	  -3.71799e-05	 
0.679316	0.320684	641.674	-6.09784e-05	 -1.6348e-05	7.78017e-07	5.45487e-06	 -9.04708e-06	  -3.71145e-05	 
0.677487	0.322513	645.335	-6.06494e-05	 -1.66308e-05	7.99574e-07	5.31259e-06	 -9.08679e-06	  -3.69033e-05	 
0.675654	0.324346	649.002	-6.05216e-05	 -1.68753e-05	8.01623e-07	4.86222e-06	 -9.16262e-06	  -3.69429e-05	 
0.673819	0.326181	652.673	-6.10183e-05	 -1.70534e-05	7.74589e-07	4.26378e-06	 -9.16822e-06	  -3.70204e-05	 
0.671981	0.328019	656.351	-6.17631e-05	 -1.72893e-05	7.17912e-07	3.75492e-06	 -9.24048e-06	  -3.67328e-05	 
0.670141	0.329859	660.033	-6.22379e-05	 -1.76669e-05	6.31924e-07	3.40974e-06	 -9.23422e-06	  -3.64124e-05	 
0.668298	0.331702	663.721	-6.20691e-05	 -1.78123e-05	5.19706e-07	3.23288e-06	 -9.2083e-06	  -3.64289e-05	 
0.666453	0.333547	667.414	-6.18398e-05	 -1.79748e-05	4.76957e-07	3.1532e-06	 -9.2335e-06	  -3.6624e-05	 
0.664605	0.335395	671.111	-6.13957e-05	 -1.80416e-05	5.02528e-07	3.05259e-06	 -9.17428e-06	  -3.66952e-05	 
0.662754	0.337246	674.814	-6.16889e-05	 -1.8341e-05	5.37326e-07	2.77064e-06	 -9.26517e-06	  -3.63474e-05	 
0.660901	0.339099	678.522	-6.14886e-05	 -1.85373e-05	5.59552e-07	2.31541e-06	 -9.36398e-06	  -3.63928e-05	 
0.659045	0.340955	682.235	-6.19939e-05	 -1.86513e-05	5.35847e-07	1.97784e-06	 -9.42861e-06	  -3.67014e-05	 
0.657188	0.342812	685.952	-6.13056e-05	 -1.83843e-05	4.45333e-07	2.01117e-06	 -9.29357e-06	  -3.64447e-05	 
0.655327	0.344673	689.675	-6.0452e-05	 -1.78523e-05	3.42971e-07	2.2227e-06	 -9.01826e-06	  -3.64921e-05	 
0.653465	0.346535	693.402	-6.00016e-05	 -1.75436e-05	3.06554e-07	2.19289e-06	 -8.76973e-06	  -3.67468e-05	 
0.651599	0.348401	697.134	-5.96124e-05	 -1.74892e-05	3.33813e-07	1.84561e-06	 -8.69497e-06	  -3.68503e-05	 
0.649732	0.350268	700.87	-5.89321e-05	 -1.77208e-05	3.74186e-07	1.38201e-06	 -8.81737e-06	  -3.66414e-05	 
0.647863	0.352137	704.611	-5.86189e-05	 -1.81691e-05	3.97295e-07	1.03434e-06	 -9.13971e-06	  -3.62148e-05	 
0.645991	0.354009	708.357	-5.88012e-05	 -1.87941e-05	4.251e-07	9.27853e-07	 -9.48397e-06	  -3.6004e-05	 
0.644117	0.355883	712.107	-5.97827e-05	 -1.93982e-05	4.72546e-07	1.06499e-06	 -9.69221e-06	  -3.59719e-05	 
0.64224	0.35776	715.861	-6.02224e-05	 -2.01892e-05	5.48755e-07	1.29552e-06	 -9.66224e-06	  -3.55515e-05	 
0.640362	0.359638	719.62	-6.08288e-05	 -2.12678e-05	6.64888e-07	1.49219e-06	 -9.59828e-06	  -3.56172e-05	 
0.638481	0.361519	723.383	-6.15289e-05	 -2.23252e-05	7.61126e-07	1.61597e-06	 -9.486e-06	  -3.53002e-05	 
0.636598	0.363402	727.15	-6.21556e-05	 -2.33356e-05	7.80863e-07	1.74173e-06	 -9.33498e-06	  -3.52827e-05	 
0.634714	0.365286	730.922	-6.20034e-05	 -2.43126e-05	7.54342e-07	1.93172e-06	 -9.18156e-06	  -3.52464e-05	 
0.632827	0.367173	734.697	-6.19544e-05	 -2.50307e-05	7.20981e-07	2.14447e-06	 -8.9941e-06	  -3.4984e-05	 
0.630938	0.369062	738.477	-6.1741e-05	 -2.53687e-05	7.06033e-07	2.25757e-06	 -8.79163e-06	  -3.47396e-05	 
0.629047	0.370953	742.261	-6.17421e-05	 -2.5739e-05	7.06761e-07	2.24725e-06	 -8.68596e-06	  -3.48796e-05	 
0.627154	0.372846	746.048	-6.16155e-05	 -2.55791e-05	6.68996e-07	2.15535e-06	 -8.61191e-06	  -3.48617e-05	 
0.625259	0.374741	749.84	-6.10383e-05	 -2.54143e-05	6.00355e-07	2.00546e-06	 -8.62798e-06	  -3.43663e-05	 
0.623363	0.376637	753.635	-5.98077e-05	 -2.50984e-05	5.64255e-07	1.82766e-06	 -8.72439e-06	  -3.40393e-05	 
0.621464	0.378536	757.434	-5.85027e-05	 -2.47118e-05	5.97484e-07	1.69168e-06	 -8.84321e-06	  -3.38096e-05	 
0.619563	0.380437	761.237	-5.81817e-05	 -2.42506e-05	6.60736e-07	1.6313e-06	 -8.93789e-06	  -3.40247e-05	 
0.617661	0.382339	765.043	-5.82502e-05	 -2.36487e-05	6.60645e-07	1.61179e-06	 -8.95287e-06	  -3.35309e-05	 
0.615757	0.384243	768.853	-5.80378e-05	 -2.28363e-05	6.14814e-07	1.66831e-06	 -9.0617e-06	  -3.33761e-05	 
0.613851	0.386149	772.667	-5.82547e-05	 -2.24503e-05	5.64723e-07	1.74838e-06	 -9.16548e-06	  -3.3306e-05	 
0.611943	0.388057	776.484	-5.84968e-05	 -2.21433e-05	5.41618e-07	1.73371e-06	 -9.3988e-06	  -3.32667e-05	 
0.610034	0.389966	780.304	-5.88686e-05	 -2.19649e-05	5.51721e-07	1.76295e-06	 -9.53791e-06	  -3.29584e-05	 
0.608123	0.391877	784.128	-5.81181e-05	 -2.16636e-05	5.91724e-07	1.89634e-06	 -9.79765e-06	  -3.25477e-05	 
0.60621	0.39379	787.955	-5.70608e-05	 -2.13673e-05	6.18387e-07	2.07887e-06	 -9.98129e-06	  -3.21813e-05	 
0.604296	0.395704	791.786	-5.64368e-05	 -2.09486e-05	6.3773e-07	2.15953e-06	 -1.01586e-05	  -3.16159e-05	 
0.60238	0.39762	795.619	-5.60834e-05	 -2.05791e-05	6.53144e-07	2.17859e-06	 -1.0205e-05	  -3.10596e-05	 
0.600463	0.399537	799.456	-5.52306e-05	 -2.01892e-05	6.53608e-07	2.1982e-06	 -1.01468e-05	  -3.06618e-05	 
0.598544	0.401456	803.296	-5.41368e-05	 -1.99971e-05	6.09012e-07	2.20369e-06	 -1.01023e-05	  -3.0441e-05	 
0.596623	0.403377	807.139	-5.31157e-05	 -1.98131e-05	5.50269e-07	2.15088e-06	 -1.00055e-05	  -3.00056e-05	 
0.594701	0.405299	810.985	-5.12909e-05	 -1.93816e-05	5.65789e-07	2.09629e-06	 -9.89587e-06	  -2.96664e-05	 
0.592778	0.407222	814.833	-4.97504e-05	 -1.89625e-05	6.11133e-07	2.04012e-06	 -9.85771e-06	  -2.92857e-05	 
0.590853	0.409147	818.685	-4.82065e-05	 -1.86969e-05	6.3065e-07	2.02316e-06	 -9.93138e-06	  -2.84595e-05	 
0.588927	0.411073	822.539	-4.74319e-05	 -1.88544e-05	6.4571e-07	2.14055e-06	 -1.01214e-05	  -2.84218e-05	 
0.586999	0.413001	826.396	-4.58607e-05	 -1.92826e-05	6.43993e-07	2.44861e-06	 -1.03189e-05	  -2.82174e-05	 
0.58507	0.41493	830.256	-4.45238e-05	 -1.95613e-05	6.13857e-07	2.79397e-06	 -1.03808e-05	  -2.79579e-05	 
0.58314	0.41686	834.119	-4.28058e-05	 -1.96449e-05	5.39394e-07	3.10588e-06	 -1.04608e-05	  -2.77085e-05	 
0.581208	0.418792	837.983	-4.18944e-05	 -1.96541e-05	4.08314e-07	3.34953e-06	 -1.03898e-05	  -2.74596e-05	 
0.579276	0.420724	841.851	-4.10932e-05	 -1.93427e-05	3.1732e-07	3.5817e-06	 -1.01709e-05	  -2.73037e-05	 
0.577341	0.422659	845.721	-3.99763e-05	 -1.88215e-05	2.75518e-07	3.74288e-06	 -1.00594e-05	  -2.71023e-05	 
0.575406	0.424594	849.593	-3.8918e-05	 -1.80545e-05	2.69152e-07	3.8142e-06	 -9.97444e-06	  -2.6557e-05	 
0.57347	0.42653	853.468	-3.75867e-05	 -1.69748e-05	3.15577e-07	3.8367e-06	 -1.01505e-05	  -2.65355e-05	 
0.571532	0.428468	857.344	-3.66864e-05	 -1.58925e-05	4.25486e-07	3.86818e-06	 -1.02439e-05	  -2.68186e-05	 
0.569594	0.430406	861.224	-3.5703e-05	 -1.49726e-05	5.31225e-07	3.93382e-06	 -1.02937e-05	  -2.7002e-05	 
0.567654	0.432346	865.105	-3.41753e-05	 -1.42505e-05	6.01824e-07	3.95261e-06	 -1.02768e-05	  -2.69304e-05	 
0.565713	0.434287	868.988	-3.2447e-05	 -1.35531e-05	6.29133e-07	3.76962e-06	 -1.03197e-05	  -2.66847e-05	 
0.563772	0.436228	872.874	-3.05203e-05	 -1.29213e-05	6.35904e-07	3.4955e-06	 -1.04602e-05	  -2.63457e-05	 
0.561829	0.438171	876.761	-2.85634e-05	 -1.24019e-05	6.13487e-07	3.16096e-06	 -1.04606e-05	  -2.63551e-05	 
0.559885	0.440115	880.65	-2.68033e-05	 -1.18968e-05	5.31015e-07	2.83306e-06	 -1.05519e-05	  -2.62796e-05	 
0.557941	0.442059	884.541	-2.52366e-05	 -1.12573e-05	3.99357e-07	2.54273e-06	 -1.0591e-05	  -2.61731e-05	 
0.555995	0.444005	888.434	-2.39044e-05	 -1.06556e-05	3.80191e-07	2.28376e-06	 -1.05388e-05	  -2.61816e-05	 
0.554049	0.445951	892.329	-2.25747e-05	 -1.00864e-05	4.05007e-07	2.15851e-06	 -1.05487e-05	  -2.62187e-05	 
0.552102	0.447898	896.225	-2.13593e-05	 -9.57442e-06	4.06893e-07	2.20094e-06	 -1.04699e-05	  -2.62554e-05	 
0.550153	0.449847	900.123	-2.01293e-05	 -9.22136e-06	4.16611e-07	2.42105e-06	 -1.03261e-05	  -2.60423e-05	 
0.548205	0.451795	904.022	-1.91141e-05	 -8.99519e-06	4.6713e-07	2.5406e-06	 -1.01021e-05	  -2.57787e-05	 
0.546255	0.453745	907.923	-1.82529e-05	 -8.91384e-06	5.2583e-07	2.38631e-06	 -9.85243e-06	  -2.58354e-05	 
0.544305	0.455695	911.826	-1.78124e-05	 -8.9905e-06	5.61742e-07	2.10658e-06	 -9.54611e-06	  -2.6081e-05	 
0.542354	0.457646	915.73	-1.72578e-05	 -9.11037e-06	5.83027e-07	1.93185e-06	 -9.2603e-06	  -2.62128e-05	 
0.540402	0.459598	919.635	-1.68613e-05	 -9.08652e-06	5.87344e-07	2.01386e-06	 -9.09334e-06	  -2.64245e-05	 
0.53845	0.46155	923.541	-1.66287e-05	 -9.0415e-06	5.87865e-07	2.25529e-06	 -9.1377e-06	  -2.6908e-05	 
0.536497	0.463503	927.449	-1.65899e-05	 -8.86143e-06	5.83137e-07	2.55832e-06	 -9.18521e-06	  -2.73738e-05	 
0.534544	0.465456	931.357	-1.66541e-05	 -8.70345e-06	5.47892e-07	2.95436e-06	 -9.23041e-06	  -2.75459e-05	 
0.53259	0.46741	935.267	-1.67375e-05	 -8.55e-06	4.9753e-07	3.51957e-06	 -9.18045e-06	  -2.76455e-05	 
0.530635	0.469365	939.178	-1.68745e-05	 -8.52696e-06	4.79525e-07	4.19288e-06	 -9.14121e-06	  -2.78295e-05	 
0.52868	0.47132	943.09	-1.68884e-05	 -8.53305e-06	5.12923e-07	4.78307e-06	 -9.12e-06	  -2.80167e-05	 
0.526725	0.473275	947.003	-1.70633e-05	 -8.42309e-06	6.38732e-07	5.23267e-06	 -9.08657e-06	  -2.80415e-05	 
0.524769	0.475231	950.917	-1.74187e-05	 -8.34331e-06	7.39355e-07	5.4096e-06	 -9.02301e-06	  -2.74494e-05	 
0.522813	0.477187	954.831	-1.79328e-05	 -8.42013e-06	7.18092e-07	5.38183e-06	 -9.06518e-06	  -2.70243e-05	 
0.520856	0.479144	958.746	-1.84046e-05	 -8.83577e-06	6.24616e-07	5.26832e-06	 -9.02944e-06	  -2.66919e-05	 
0.518899	0.481101	962.662	-1.87199e-05	 -9.65006e-06	5.28495e-07	5.03223e-06	 -8.99023e-06	  -2.64913e-05	 
0.516942	0.483058	966.578	-1.89219e-05	 -1.0601e-05	4.88309e-07	4.85807e-06	 -8.93607e-06	  -2.63105e-05	 
0.514984	0.485016	970.496	-1.9175e-05	 -1.16721e-05	4.63684e-07	4.91985e-06	 -8.92208e-06	  -2.5993e-05	 
0.513026	0.486974	974.413	-1.93765e-05	 -1.26441e-05	4.61802e-07	5.24316e-06	 -8.95294e-06	  -2.61662e-05	 
0.511068	0.488932	978.331	-1.91652e-05	 -1.35182e-05	4.75981e-07	5.53911e-06	 -9.02239e-06	  -2.63794e-05	 
0.50911	0.49089	982.249	-1.88825e-05	 -1.40772e-05	4.55732e-07	5.84545e-06	 -9.06583e-06	  -2.62015e-05	 
0.507151	0.492849	986.168	-1.86137e-05	 -1.43629e-05	4.66133e-07	6.21768e-06	 -9.22735e-06	  -2.59286e-05	 
0.505193	0.494807	990.087	-1.84374e-05	 -1.47124e-05	5.29377e-07	6.71081e-06	 -9.53333e-06	  -2.57421e-05	 
0.503234	0.496766	994.006	-1.8152e-05	 -1.50569e-05	5.67542e-07	7.33291e-06	 -9.74353e-06	  -2.53473e-05	 
0.501276	0.498724	997.925	-1.75649e-05	 -1.54937e-05	5.79073e-07	7.68477e-06	 -9.91456e-06	  -2.50193e-05	 
0.499317	0.500683	1001.84	-1.72241e-05	 -1.59934e-05	5.51155e-07	7.71606e-06	 -1.00068e-05	  -2.48247e-05	 
0.497358	0.502642	1005.76	-1.69573e-05	 -1.62508e-05	4.47338e-07	7.53287e-06	 -1.00562e-05	  -2.4619e-05	 
0.495399	0.504601	1009.68	-1.68676e-05	 -1.63614e-05	3.5099e-07	7.4329e-06	 -1.00057e-05	  -2.44819e-05	 
0.493441	0.506559	1013.6	-1.701e-05	 -1.64758e-05	4.46434e-07	7.43073e-06	 -9.93891e-06	  -2.45118e-05	 
0.491482	0.508518	1017.52	-1.72391e-05	 -1.64047e-05	5.33177e-07	7.36333e-06	 -9.74192e-06	  -2.45251e-05	 
0.489523	0.510477	1021.44	-1.74204e-05	 -1.6361e-05	5.77281e-07	7.15928e-06	 -9.43189e-06	  -2.46548e-05	 
0.487565	0.512435	1025.36	-1.78085e-05	 -1.64223e-05	6.24221e-07	6.83898e-06	 -9.07504e-06	  -2.46595e-05	 
0.485607	0.514393	1029.28	-1.78848e-05	 -1.6653e-05	6.40646e-07	6.38575e-06	 -8.8136e-06	  -2.44223e-05	 
0.483649	0.516351	1033.2	-1.83331e-05	 -1.70116e-05	5.9194e-07	5.85626e-06	 -8.77449e-06	  -2.40147e-05	 
0.481691	0.518309	1037.11	-1.89681e-05	 -1.73434e-05	5.32841e-07	5.50825e-06	 -8.78241e-06	  -2.36466e-05	 
0.479733	0.520267	1041.03	-1.95068e-05	 -1.78746e-05	4.98595e-07	5.31133e-06	 -8.87563e-06	  -2.35444e-05	 
0.477776	0.522224	1044.95	-1.95443e-05	 -1.85002e-05	4.84253e-07	5.15373e-06	 -8.90446e-06	  -2.3284e-05	 
0.475819	0.524181	1048.86	-1.92098e-05	 -1.90885e-05	4.57431e-07	5.06645e-06	 -8.97039e-06	  -2.29644e-05	 
0.473862	0.526138	1052.78	-1.91872e-05	 -1.97256e-05	3.75243e-07	5.01995e-06	 -9.10806e-06	  -2.29018e-05	 
0.471906	0.528094	1056.69	-1.91583e-05	 -2.0487e-05	3.04427e-07	5.1802e-06	 -9.22771e-06	  -2.28311e-05	 
0.46995	0.53005	1060.61	-1.90699e-05	 -2.13465e-05	2.96624e-07	5.58945e-06	 -9.25648e-06	  -2.28873e-05	 
0.467995	0.532005	1064.52	-1.89836e-05	 -2.23024e-05	3.20516e-07	6.14622e-06	 -9.23716e-06	  -2.31241e-05	 
0.46604	0.53396	1068.43	-1.87469e-05	 -2.31631e-05	3.3764e-07	6.72867e-06	 -9.14388e-06	  -2.32075e-05	 
0.464085	0.535915	1072.34	-1.83239e-05	 -2.37669e-05	3.4032e-07	7.20144e-06	 -9.07905e-06	  -2.32469e-05	 
0.462131	0.537869	1076.25	-1.79699e-05	 -2.41944e-05	3.65254e-07	7.55883e-06	 -9.09345e-06	  -2.32574e-05	 
0.460178	0.539822	1080.16	-1.77483e-05	 -2.43722e-05	4.78919e-07	7.77045e-06	 -9.10397e-06	  -2.29298e-05	 
0.458225	0.541775	1084.07	-1.76002e-05	 -2.48539e-05	6.1441e-07	7.95285e-06	 -9.08564e-06	  -2.28875e-05	 
0.456273	0.543727	1087.97	-1.75787e-05	 -2.53791e-05	6.69589e-07	8.15913e-06	 -8.91679e-06	  -2.25807e-05	 
0.454321	0.545679	1091.88	-1.75625e-05	 -2.61963e-05	6.89393e-07	8.43322e-06	 -8.88758e-06	  -2.24851e-05	 
0.45237	0.54763	1095.78	-1.76533e-05	 -2.67712e-05	7.081e-07	8.64897e-06	 -8.77461e-06	  -2.25617e-05	 
0.45042	0.54958	1099.69	-1.76864e-05	 -2.7302e-05	7.02963e-07	8.75009e-06	 -8.71287e-06	  -2.27892e-05	 
0.44847	0.55153	1103.59	-1.79205e-05	 -2.75101e-05	6.60747e-07	8.75915e-06	 -8.6283e-06	  -2.30734e-05	 
0.446522	0.553478	1107.49	-1.84463e-05	 -2.79566e-05	6.21419e-07	8.70256e-06	 -8.49164e-06	  -2.32178e-05	 
0.444574	0.555427	1111.38	-1.87342e-05	 -2.8058e-05	6.08456e-07	8.40829e-06	 -8.51619e-06	  -2.32064e-05	 
0.442626	0.557374	1115.28	-1.88774e-05	 -2.82004e-05	6.04453e-07	7.92657e-06	 -8.51396e-06	  -2.3261e-05	 
0.44068	0.55932	1119.17	-1.92363e-05	 -2.81715e-05	6.097e-07	7.48597e-06	 -8.57206e-06	  -2.34286e-05	 
0.438735	0.561265	1123.07	-1.97155e-05	 -2.82927e-05	5.89464e-07	7.10316e-06	 -8.61633e-06	  -2.329e-05	 
0.43679	0.56321	1126.96	-1.99534e-05	 -2.85443e-05	5.08894e-07	6.82625e-06	 -8.66341e-06	  -2.29009e-05	 
0.434846	0.565154	1130.85	-1.99362e-05	 -2.8813e-05	4.30042e-07	6.53337e-06	 -8.73649e-06	  -2.29898e-05	 
0.432903	0.567097	1134.73	-1.99616e-05	 -2.93751e-05	4.72605e-07	6.15927e-06	 -8.84935e-06	  -2.30822e-05	 
0.430962	0.569038	1138.62	-2.01252e-05	 -2.96308e-05	5.86629e-07	5.86078e-06	 -8.93939e-06	  -2.26964e-05	 
0.429021	0.570979	1142.5	-1.99968e-05	 -3.00184e-05	6.74485e-07	5.66975e-06	 -8.98584e-06	  -2.24763e-05	 
0.427081	0.572919	1146.38	-1.98804e-05	 -3.00086e-05	7.13005e-07	5.47787e-06	 -8.74628e-06	  -2.21759e-05	 
0.425143	0.574857	1150.26	-1.97744e-05	 -2.94182e-05	6.92613e-07	5.24295e-06	 -8.46867e-06	  -2.19912e-05	 
0.423205	0.576795	1154.14	-1.9712e-05	 -2.84836e-05	6.23031e-07	5.03337e-06	 -8.19678e-06	  -2.18308e-05	 
0.421269	0.578731	1158.02	-1.97729e-05	 -2.79247e-05	5.20829e-07	4.89023e-06	 -7.97415e-06	  -2.17903e-05	 
0.419334	0.580666	1161.89	-1.96983e-05	 -2.7167e-05	4.49743e-07	4.85016e-06	 -7.8904e-06	  -2.163e-05	 
0.4174	0.5826	1165.76	-1.96758e-05	 -2.66076e-05	4.28721e-07	4.93409e-06	 -7.79436e-06	  -2.15566e-05	 
0.415467	0.584533	1169.62	-1.96439e-05	 -2.56336e-05	4.08305e-07	5.08193e-06	 -7.74258e-06	  -2.13815e-05	 
0.413536	0.586464	1173.49	-1.94861e-05	 -2.45933e-05	3.6774e-07	5.21468e-06	 -7.71555e-06	  -2.15325e-05	 
0.411605	0.588395	1177.35	-1.90342e-05	 -2.36243e-05	3.72509e-07	5.26093e-06	 -7.71448e-06	  -2.12872e-05	 
0.409676	0.590324	1181.21	-1.85995e-05	 -2.30052e-05	4.02965e-07	5.16761e-06	 -7.86115e-06	  -2.1009e-05	 
0.407749	0.592251	1185.07	-1.82228e-05	 -2.26284e-05	4.5993e-07	5.08679e-06	 -7.9903e-06	  -2.12954e-05	 
0.405822	0.594178	1188.92	-1.78389e-05	 -2.22831e-05	5.40229e-07	4.96149e-06	 -8.01459e-06	  -2.1445e-05	 
0.403898	0.596102	1192.77	-1.74035e-05	 -2.18196e-05	5.93298e-07	4.95088e-06	 -8.00456e-06	  -2.1307e-05	 
0.401974	0.598026	1196.62	-1.68271e-05	 -2.13422e-05	6.12389e-07	4.95131e-06	 -8.08722e-06	  -2.14891e-05	 
0.400052	0.599948	1200.47	-1.63238e-05	 -2.09401e-05	6.23913e-07	4.98893e-06	 -8.3448e-06	  -2.16668e-05	 
0.398132	0.601868	1204.31	-1.58981e-05	 -2.10648e-05	6.26637e-07	5.06521e-06	 -8.59441e-06	  -2.17826e-05	 
0.396213	0.603787	1208.15	-1.53826e-05	 -2.1511e-05	5.91226e-07	5.14104e-06	 -8.74782e-06	  -2.17689e-05	 
0.394295	0.605705	1211.99	-1.50394e-05	 -2.19717e-05	5.51915e-07	5.41215e-06	 -8.76957e-06	  -2.16165e-05	 
0.392379	0.607621	1215.82	-1.49168e-05	 -2.25169e-05	5.43849e-07	5.74609e-06	 -8.76614e-06	  -2.16786e-05	 
0.390465	0.609535	1219.65	-1.49032e-05	 -2.31351e-05	5.45393e-07	6.13364e-06	 -8.88897e-06	  -2.16054e-05	 
0.388553	0.611447	1223.48	-1.49438e-05	 -2.37654e-05	5.35571e-07	6.52717e-06	 -9.11615e-06	  -2.17282e-05	 
0.386642	0.613358	1227.3	-1.48019e-05	 -2.4319e-05	5.20036e-07	7.00002e-06	 -9.12075e-06	  -2.16166e-05	 
0.384732	0.615268	1231.12	-1.46303e-05	 -2.46844e-05	4.8512e-07	7.51705e-06	 -9.07548e-06	  -2.17955e-05	 
0.382825	0.617175	1234.94	-1.44933e-05	 -2.47909e-05	4.23702e-07	7.90647e-06	 -8.9449e-06	  -2.20618e-05	 
0.380919	0.619081	1238.75	-1.42882e-05	 -2.48422e-05	3.63608e-07	8.22881e-06	 -8.88975e-06	  -2.23982e-05	 
0.379015	0.620985	1242.56	-1.39848e-05	 -2.49309e-05	3.24934e-07	8.30136e-06	 -8.83532e-06	  -2.25776e-05	 
0.377113	0.622888	1246.37	-1.35701e-05	 -2.47708e-05	3.13955e-07	8.42602e-06	 -8.92089e-06	  -2.27733e-05	 
0.375212	0.624788	1250.17	-1.3198e-05	 -2.48672e-05	3.28035e-07	8.5326e-06	 -9.07583e-06	  -2.30914e-05	 
0.373314	0.626686	1253.97	-1.28245e-05	 -2.48908e-05	3.58073e-07	8.61826e-06	 -9.16854e-06	  -2.31842e-05	 
0.371417	0.628583	1257.77	-1.25219e-05	 -2.50582e-05	4.10157e-07	8.61031e-06	 -9.26711e-06	  -2.36003e-05	 
0.369522	0.630478	1261.56	-1.22523e-05	 -2.51858e-05	4.5875e-07	8.43262e-06	 -9.40199e-06	  -2.37063e-05	 
0.367629	0.632371	1265.35	-1.19585e-05	 -2.51605e-05	4.74179e-07	8.29074e-06	 -9.5019e-06	  -2.33989e-05	 
0.365738	0.634262	1269.13	-1.17727e-05	 -2.51096e-05	4.66685e-07	8.08495e-06	 -9.6632e-06	  -2.3361e-05	 
0.363849	0.636151	1272.91	-1.15405e-05	 -2.47408e-05	4.43998e-07	7.87261e-06	 -9.75456e-06	  -2.36615e-05	 
0.361963	0.638037	1276.68	-1.1386e-05	 -2.47704e-05	4.17884e-07	7.54304e-06	 -9.8587e-06	  -2.35042e-05	 
0.360078	0.639922	1280.46	-1.11547e-05	 -2.4503e-05	3.8565e-07	7.12098e-06	 -9.89635e-06	  -2.34641e-05	 
0.358195	0.641805	1284.22	-1.09396e-05	 -2.43233e-05	3.52756e-07	6.69803e-06	 -9.94091e-06	  -2.33536e-05	 
0.356315	0.643685	1287.99	-1.06984e-05	 -2.39046e-05	3.10884e-07	6.29415e-06	 -1.00133e-05	  -2.3719e-05	 
0.354436	0.645564	1291.74	-1.0571e-05	 -2.34114e-05	2.82603e-07	5.81902e-06	 -1.00434e-05	  -2.4374e-05	 
0.35256	0.64744	1295.5	-1.05599e-05	 -2.30919e-05	2.95232e-07	5.30939e-06	 -1.00326e-05	  -2.46607e-05	 
0.350686	0.649314	1299.25	-1.06107e-05	 -2.26962e-05	3.50973e-07	4.85823e-06	 -9.93786e-06	  -2.48805e-05	 
0.348814	0.651186	1302.99	-1.07356e-05	 -2.19493e-05	4.22272e-07	4.51003e-06	 -9.70337e-06	  -2.48668e-05	 
0.346945	0.653055	1306.73	-1.08332e-05	 -2.16293e-05	4.79753e-07	4.232e-06	 -9.4407e-06	  -2.52781e-05	 
0.345077	0.654923	1310.47	-1.10331e-05	 -2.09791e-05	4.94936e-07	3.87365e-06	 -9.22905e-06	  -2.56887e-05	 
0.343212	0.656788	1314.2	-1.14214e-05	 -2.0486e-05	4.63032e-07	3.44667e-06	 -9.14362e-06	  -2.6108e-05	 
0.34135	0.65865	1317.93	-1.169e-05	 -1.98212e-05	4.30247e-07	3.04608e-06	 -9.14489e-06	  -2.68597e-05	 
0.339489	0.660511	1321.65	-1.21044e-05	 -1.9357e-05	4.4112e-07	2.76661e-06	 -9.09627e-06	  -2.73893e-05	 
0.337632	0.662368	1325.37	-1.24609e-05	 -1.8738e-05	4.74553e-07	2.59217e-06	 -9.08049e-06	  -2.77165e-05	 
0.335776	0.664224	1329.08	-1.2644e-05	 -1.81063e-05	4.94548e-07	2.49916e-06	 -9.06959e-06	  -2.80763e-05	 
0.333923	0.666077	1332.79	-1.2894e-05	 -1.76316e-05	4.92006e-07	2.4573e-06	 -9.02384e-06	  -2.83995e-05	 
0.332073	0.667927	1336.49	-1.31776e-05	 -1.712e-05	4.76064e-07	2.53804e-06	 -9.02023e-06	  -2.85678e-05	 
0.330225	0.669775	1340.19	-1.34097e-05	 -1.67013e-05	4.68479e-07	2.77022e-06	 -9.10465e-06	  -2.84317e-05	 
0.328379	0.671621	1343.88	-1.36403e-05	 -1.65212e-05	4.53213e-07	3.12387e-06	 -9.13282e-06	  -2.83955e-05	 
0.326537	0.673463	1347.57	-1.38424e-05	 -1.62822e-05	4.18731e-07	3.50279e-06	 -9.18476e-06	  -2.86592e-05	 
0.324696	0.675304	1351.25	-1.42734e-05	 -1.61751e-05	3.99872e-07	3.80112e-06	 -9.08329e-06	  -2.89471e-05	 
0.322859	0.677141	1354.93	-1.47258e-05	 -1.59947e-05	3.79603e-07	4.11077e-06	 -8.95101e-06	  -2.93325e-05	 
0.321024	0.678976	1358.6	-1.51182e-05	 -1.56871e-05	3.65103e-07	4.42698e-06	 -8.91405e-06	  -2.93248e-05	 
0.319191	0.680809	1362.27	-1.56071e-05	 -1.54429e-05	3.73836e-07	4.86549e-06	 -8.95655e-06	  -2.95595e-05	 
0.317362	0.682638	1365.93	-1.61543e-05	 -1.53394e-05	3.9194e-07	5.28248e-06	 -8.99869e-06	  -2.99547e-05	 
0.315535	0.684465	1369.58	-1.67085e-05	 -1.53872e-05	4.07506e-07	5.66966e-06	 -9.04117e-06	  -3.00036e-05	 
0.313711	0.686289	1373.23	-1.71781e-05	 -1.57305e-05	4.27035e-07	5.87966e-06	 -9.10557e-06	  -3.03611e-05	 
0.311889	0.688111	1376.88	-1.75179e-05	 -1.61198e-05	4.6498e-07	6.00631e-06	 -9.15476e-06	  -3.08171e-05	 
0.310071	0.689929	1380.52	-1.76934e-05	 -1.64311e-05	5.01166e-07	6.08544e-06	 -9.19861e-06	  -3.15931e-05	 
0.308255	0.691745	1384.15	-1.77223e-05	 -1.66395e-05	5.12098e-07	6.12558e-06	 -9.12844e-06	  -3.21657e-05	 
0.306442	0.693558	1387.78	-1.78285e-05	 -1.65572e-05	5.1367e-07	6.09634e-06	 -9.03005e-06	  -3.24912e-05	 
0.304632	0.695368	1391.4	-1.79495e-05	 -1.635e-05	5.07769e-07	6.07959e-06	 -8.83873e-06	  -3.27136e-05	 
0.302826	0.697174	1395.02	-1.81433e-05	 -1.60384e-05	4.65796e-07	6.115e-06	 -8.64278e-06	  -3.26893e-05	 
0.301022	0.698978	1398.62	-1.82702e-05	 -1.58458e-05	3.9497e-07	6.27492e-06	 -8.57766e-06	  -3.31121e-05	 
0.299221	0.700779	1402.23	-1.82716e-05	 -1.58306e-05	3.65856e-07	6.33809e-06	 -8.56385e-06	  -3.31125e-05	 
0.297423	0.702577	1405.83	-1.8313e-05	 -1.55684e-05	3.62187e-07	6.3527e-06	 -8.68903e-06	  -3.31727e-05	 
0.295628	0.704372	1409.42	-1.85367e-05	 -1.52268e-05	3.695e-07	6.3688e-06	 -8.75032e-06	  -3.31843e-05	 
0.293836	0.706164	1413	-1.87972e-05	 -1.49327e-05	3.87259e-07	6.4631e-06	 -8.743e-06	  -3.36661e-05	 
0.292047	0.707953	1416.58	-1.90705e-05	 -1.48706e-05	4.31914e-07	6.53969e-06	 -8.65524e-06	  -3.39726e-05	 
0.290261	0.709739	1420.16	-1.95072e-05	 -1.4984e-05	4.80613e-07	6.55253e-06	 -8.51678e-06	  -3.41995e-05	 
0.288479	0.711521	1423.72	-1.99417e-05	 -1.49385e-05	5.22013e-07	6.48409e-06	 -8.45989e-06	  -3.4629e-05	 
0.286699	0.713301	1427.28	-2.05984e-05	 -1.51049e-05	5.55715e-07	6.34528e-06	 -8.57651e-06	  -3.47618e-05	 
0.284923	0.715077	1430.84	-2.11553e-05	 -1.52472e-05	5.77127e-07	6.06205e-06	 -8.66934e-06	  -3.48007e-05	 
0.28315	0.71685	1434.38	-2.16525e-05	 -1.5471e-05	5.76158e-07	5.64646e-06	 -8.75605e-06	  -3.47822e-05	 
0.28138	0.718619	1437.93	-2.19065e-05	 -1.56728e-05	5.56782e-07	5.13981e-06	 -8.80775e-06	  -3.44351e-05	 
0.279614	0.720386	1441.46	-2.2441e-05	 -1.58422e-05	5.08139e-07	4.68929e-06	 -8.91067e-06	  -3.43325e-05	 
0.277851	0.722149	1444.99	-2.2626e-05	 -1.61921e-05	4.38272e-07	4.31797e-06	 -9.00263e-06	  -3.38566e-05	 
0.276091	0.723909	1448.51	-2.30068e-05	 -1.66373e-05	3.62647e-07	4.0743e-06	 -9.02055e-06	  -3.37364e-05	 
0.274335	0.725665	1452.02	-2.32098e-05	 -1.7025e-05	2.82939e-07	3.89356e-06	 -9.00979e-06	  -3.38584e-05	 
0.272582	0.727418	1455.53	-2.36507e-05	 -1.75419e-05	2.33073e-07	3.79922e-06	 -9.06445e-06	  -3.38246e-05	 
0.270832	0.729168	1459.03	-2.40636e-05	 -1.81521e-05	2.36171e-07	3.85654e-06	 -9.15117e-06	  -3.38285e-05	 
0.269086	0.730914	1462.53	-2.46255e-05	 -1.8861e-05	3.13929e-07	3.95137e-06	 -9.34475e-06	  -3.42638e-05	 
0.267343	0.732657	1466.01	-2.49077e-05	 -1.93824e-05	4.26397e-07	3.99005e-06	 -9.57035e-06	  -3.44174e-05	 
0.265604	0.734396	1469.49	-2.50259e-05	 -1.95194e-05	5.01046e-07	3.9329e-06	 -9.72362e-06	  -3.48574e-05	 
0.263869	0.736131	1472.97	-2.49943e-05	 -1.94603e-05	5.55441e-07	3.73245e-06	 -9.89209e-06	  -3.4786e-05	 
0.262136	0.737864	1476.43	-2.49685e-05	 -1.91836e-05	5.97621e-07	3.35946e-06	 -1.00254e-05	  -3.48206e-05	 
0.260408	0.739592	1479.89	-2.51077e-05	 -1.8677e-05	6.26043e-07	3.04121e-06	 -1.02089e-05	  -3.47716e-05	 
0.258683	0.741317	1483.34	-2.53418e-05	 -1.82793e-05	6.27665e-07	2.87059e-06	 -1.04884e-05	  -3.50174e-05	 
0.256962	0.743038	1486.79	-2.56881e-05	 -1.76216e-05	6.08269e-07	2.89234e-06	 -1.07363e-05	  -3.53035e-05	 
0.255244	0.744756	1490.22	-2.59025e-05	 -1.714e-05	5.98247e-07	2.97823e-06	 -1.09724e-05	  -3.51837e-05	 
0.25353	0.74647	1493.65	-2.60704e-05	 -1.66546e-05	6.00601e-07	3.02062e-06	 -1.12164e-05	  -3.51377e-05	 
0.25182	0.74818	1497.08	-2.63137e-05	 -1.62379e-05	6.10495e-07	3.05126e-06	 -1.12855e-05	  -3.54617e-05	 
0.250113	0.749887	1500.49	-2.63878e-05	 -1.56289e-05	6.02846e-07	3.15349e-06	 -1.13726e-05	  -3.57797e-05	 
0.248411	0.751589	1503.9	-2.6389e-05	 -1.49748e-05	5.83958e-07	3.27569e-06	 -1.1382e-05	  -3.59881e-05	 
0.246712	0.753288	1507.3	-2.6216e-05	 -1.44683e-05	5.51642e-07	3.35098e-06	 -1.14908e-05	  -3.61717e-05	 
0.245016	0.754984	1510.69	-2.61178e-05	 -1.40247e-05	5.0895e-07	3.31784e-06	 -1.15705e-05	  -3.6356e-05	 
0.243325	0.756675	1514.07	-2.61559e-05	 -1.39986e-05	4.68402e-07	3.27036e-06	 -1.1528e-05	  -3.64999e-05	 
0.241638	0.758362	1517.45	-2.59756e-05	 -1.40243e-05	4.35651e-07	3.22403e-06	 -1.14032e-05	  -3.64234e-05	 
0.239954	0.760046	1520.82	-2.57718e-05	 -1.41516e-05	4.0792e-07	3.15096e-06	 -1.13682e-05	  -3.64214e-05	 
0.238275	0.761726	1524.18	-2.57063e-05	 -1.41444e-05	3.73572e-07	3.00561e-06	 -1.12819e-05	  -3.63132e-05	 
0.236599	0.763401	1527.53	-2.56152e-05	 -1.40911e-05	3.1316e-07	2.77889e-06	 -1.13092e-05	  -3.61188e-05	 
0.234927	0.765073	1530.88	-2.55402e-05	 -1.39999e-05	2.49123e-07	2.61588e-06	 -1.12673e-05	  -3.62535e-05	 
0.233259	0.766741	1534.21	-2.54192e-05	 -1.37287e-05	2.04133e-07	2.52246e-06	 -1.13542e-05	  -3.66707e-05	 
0.231596	0.768404	1537.54	-2.55529e-05	 -1.34236e-05	1.90514e-07	2.44019e-06	 -1.13463e-05	  -3.68759e-05	 
0.229936	0.770064	1540.86	-2.56243e-05	 -1.28172e-05	2.0323e-07	2.36392e-06	 -1.12281e-05	  -3.69311e-05	 
0.22828	0.77172	1544.18	-2.55239e-05	 -1.21125e-05	2.42048e-07	2.33985e-06	 -1.1109e-05	  -3.75161e-05	 
0.226629	0.773371	1547.48	-2.548e-05	 -1.12113e-05	2.86944e-07	2.39961e-06	 -1.10343e-05	  -3.79174e-05	 
0.224981	0.775019	1550.78	-2.54834e-05	 -1.0426e-05	3.15079e-07	2.5439e-06	 -1.09598e-05	  -3.79937e-05	 
0.223338	0.776662	1554.07	-2.54418e-05	 -9.8551e-06	3.18199e-07	2.59983e-06	 -1.09289e-05	  -3.8393e-05	 
0.221699	0.778301	1557.35	-2.53373e-05	 -9.32253e-06	3.07086e-07	2.51863e-06	 -1.08792e-05	  -3.87738e-05	 
0.220064	0.779936	1560.62	-2.53111e-05	 -8.89942e-06	2.97574e-07	2.28902e-06	 -1.06777e-05	  -3.88001e-05	 
0.218433	0.781567	1563.88	-2.53914e-05	 -8.75854e-06	2.99327e-07	2.00966e-06	 -1.0413e-05	  -3.85608e-05	 
0.216807	0.783193	1567.13	-2.53732e-05	 -8.8258e-06	3.20673e-07	1.69968e-06	 -1.01773e-05	  -3.83142e-05	 
0.215185	0.784815	1570.38	-2.52409e-05	 -9.12394e-06	3.70599e-07	1.42667e-06	 -9.9557e-06	  -3.87183e-05	 
0.213567	0.786433	1573.62	-2.50525e-05	 -9.38279e-06	4.44376e-07	1.17864e-06	 -9.85958e-06	  -3.93463e-05	 
0.211953	0.788047	1576.85	-2.47748e-05	 -9.55379e-06	5.26314e-07	9.54012e-07	 -9.86102e-06	  -3.97085e-05	 
0.210344	0.789656	1580.07	-2.45749e-05	 -9.79714e-06	5.84188e-07	6.84538e-07	 -9.87512e-06	  -3.98865e-05	 
0.208739	0.791261	1583.28	-2.42569e-05	 -1.00652e-05	6.00868e-07	4.56964e-07	 -9.89735e-06	  -4.00632e-05	 
0.207139	0.792861	1586.48	-2.40293e-05	 -1.05191e-05	5.9147e-07	4.65135e-07	 -1.00285e-05	  -4.03472e-05	 
0.205543	0.794457	1589.67	-2.36805e-05	 -1.10498e-05	5.62694e-07	6.27071e-07	 -9.99774e-06	  -4.03655e-05	 
0.203951	0.796049	1592.86	-2.34576e-05	 -1.17067e-05	5.2502e-07	7.54967e-07	 -1.00231e-05	  -4.07648e-05	 
0.202364	0.797636	1596.03	-2.33776e-05	 -1.24291e-05	5.08073e-07	8.39249e-07	 -1.00249e-05	  -4.1119e-05	 
0.200782	0.799218	1599.2	-2.32742e-05	 -1.33131e-05	5.31832e-07	8.91562e-07	 -1.00833e-05	  -4.11636e-05	 
0.199204	0.800797	1602.36	-2.31883e-05	 -1.43231e-05	5.68243e-07	9.1086e-07	 -1.01426e-05	  -4.13589e-05	 
0.19763	0.80237	1605.51	-2.30168e-05	 -1.5219e-05	5.99535e-07	8.99955e-07	 -1.01872e-05	  -4.12411e-05	 
0.196061	0.803939	1608.65	-2.28226e-05	 -1.57564e-05	6.16518e-07	9.07019e-07	 -1.02311e-05	  -4.10311e-05	 
0.194497	0.805503	1611.78	-2.27785e-05	 -1.61129e-05	6.12204e-07	9.88031e-07	 -1.0189e-05	  -4.10966e-05	 
0.192937	0.807063	1614.9	-2.26705e-05	 -1.61948e-05	5.82581e-07	1.10849e-06	 -1.01528e-05	  -4.16471e-05	 
0.191382	0.808618	1618.01	-2.25962e-05	 -1.62082e-05	5.41504e-07	1.22512e-06	 -1.01962e-05	  -4.1638e-05	 
0.189831	0.810169	1621.11	-2.25762e-05	 -1.6256e-05	5.06737e-07	1.33624e-06	 -1.02423e-05	  -4.17643e-05	 
0.188285	0.811715	1624.2	-2.25685e-05	 -1.62648e-05	4.86451e-07	1.46119e-06	 -1.01868e-05	  -4.1537e-05	 
0.186744	0.813256	1627.29	-2.22731e-05	 -1.60994e-05	4.71289e-07	1.60635e-06	 -1.01541e-05	  -4.18679e-05	 
0.185208	0.814792	1630.36	-2.19471e-05	 -1.5858e-05	4.66678e-07	1.74927e-06	 -9.98817e-06	  -4.15942e-05	 
0.183676	0.816324	1633.43	-2.14343e-05	 -1.55635e-05	4.57817e-07	1.86821e-06	 -9.82307e-06	  -4.16452e-05	 
0.18215	0.81785	1636.48	-2.10307e-05	 -1.52956e-05	4.42515e-07	1.97325e-06	 -9.68988e-06	  -4.13953e-05	 
0.180628	0.819372	1639.53	-2.0431e-05	 -1.50832e-05	4.1498e-07	2.10537e-06	 -9.51716e-06	  -4.14152e-05	 
0.17911	0.82089	1642.56	-1.96606e-05	 -1.47901e-05	3.81254e-07	2.28936e-06	 -9.35378e-06	  -4.13938e-05	 
0.177598	0.822402	1645.59	-1.91015e-05	 -1.44299e-05	3.46804e-07	2.46385e-06	 -9.1442e-06	  -4.13044e-05	 
0.176091	0.823909	1648.61	-1.87231e-05	 -1.39127e-05	3.22985e-07	2.59464e-06	 -9.00166e-06	  -4.10301e-05	 
0.174588	0.825412	1651.61	-1.81352e-05	 -1.34218e-05	3.08466e-07	2.65566e-06	 -8.82359e-06	  -4.1196e-05	 
0.173091	0.826909	1654.61	-1.7644e-05	 -1.31487e-05	2.93707e-07	2.66584e-06	 -8.65953e-06	  -4.14674e-05	 
0.171598	0.828402	1657.6	-1.69513e-05	 -1.31246e-05	2.795e-07	2.64853e-06	 -8.53051e-06	  -4.17692e-05	 
0.17011	0.82989	1660.57	-1.63504e-05	 -1.34198e-05	2.7063e-07	2.56392e-06	 -8.47869e-06	  -4.18491e-05	 
0.168627	0.831373	1663.54	-1.59258e-05	 -1.39026e-05	2.84762e-07	2.37721e-06	 -8.39334e-06	  -4.1633e-05	 
0.16715	0.83285	1666.5	-1.5785e-05	 -1.44205e-05	3.47584e-07	2.10673e-06	 -8.40362e-06	  -4.12881e-05	 
0.165677	0.834323	1669.44	-1.55165e-05	 -1.48158e-05	4.5778e-07	1.84647e-06	 -8.42416e-06	  -4.12935e-05	 
0.16421	0.83579	1672.38	-1.5284e-05	 -1.52363e-05	5.51538e-07	1.68895e-06	 -8.43658e-06	  -4.10405e-05	 
0.162747	0.837253	1675.31	-1.50126e-05	 -1.57437e-05	6.21857e-07	1.64077e-06	 -8.376e-06	  -4.09511e-05	 
0.16129	0.838711	1678.22	-1.48369e-05	 -1.63497e-05	6.78543e-07	1.62636e-06	 -8.36841e-06	  -4.07839e-05	 
0.159837	0.840163	1681.13	-1.47528e-05	 -1.70885e-05	7.20971e-07	1.56073e-06	 -8.30518e-06	  -4.07086e-05	 
0.15839	0.84161	1684.02	-1.46415e-05	 -1.78227e-05	7.55078e-07	1.412e-06	 -8.27751e-06	  -4.03598e-05	 
0.156948	0.843052	1686.91	-1.45335e-05	 -1.85178e-05	7.71426e-07	1.2803e-06	 -8.27461e-06	  -4.00574e-05	 
0.155511	0.844489	1689.78	-1.44156e-05	 -1.8869e-05	7.77752e-07	1.29784e-06	 -8.2079e-06	  -3.98759e-05	 
0.15408	0.84592	1692.65	-1.42279e-05	 -1.91486e-05	7.63136e-07	1.45511e-06	 -8.3019e-06	  -3.97206e-05	 
0.152654	0.847346	1695.5	-1.39991e-05	 -1.94735e-05	7.50967e-07	1.70968e-06	 -8.35494e-06	  -3.93627e-05	 
0.151232	0.848768	1698.35	-1.37631e-05	 -1.95766e-05	7.33694e-07	2.01752e-06	 -8.49142e-06	  -3.9134e-05	 
0.149817	0.850183	1701.18	-1.33738e-05	 -1.99687e-05	7.16408e-07	2.30815e-06	 -8.57502e-06	  -3.89446e-05	 
0.148406	0.851594	1704	-1.29989e-05	 -2.03403e-05	6.7611e-07	2.54886e-06	 -8.65087e-06	  -3.86122e-05	 
0.147001	0.852999	1706.81	-1.27185e-05	 -2.06317e-05	6.30169e-07	2.72539e-06	 -8.71123e-06	  -3.85827e-05	 
0.145601	0.854399	1709.61	-1.24584e-05	 -2.09844e-05	5.86092e-07	2.88506e-06	 -8.69625e-06	  -3.8479e-05	 
0.144207	0.855793	1712.4	-1.22255e-05	 -2.10284e-05	5.53785e-07	3.12254e-06	 -8.75368e-06	  -3.8869e-05	 
0.142818	0.857182	1715.18	-1.20588e-05	 -2.10988e-05	5.33585e-07	3.42848e-06	 -8.8406e-06	  -3.88776e-05	 
0.141434	0.858565	1717.95	-1.1813e-05	 -2.08864e-05	5.2079e-07	3.78102e-06	 -8.89833e-06	  -3.91704e-05	 
0.140056	0.859944	1720.71	-1.15425e-05	 -2.09201e-05	5.10453e-07	4.10666e-06	 -8.95409e-06	  -3.96419e-05	 
0.138684	0.861316	1723.46	-1.11753e-05	 -2.08674e-05	4.91844e-07	4.33625e-06	 -8.98745e-06	  -3.93701e-05	 
0.137317	0.862683	1726.19	-1.07976e-05	 -2.09251e-05	4.66459e-07	4.52206e-06	 -8.99442e-06	  -3.91034e-05	 
0.135955	0.864045	1728.92	-1.05012e-05	 -2.0887e-05	4.30644e-07	4.61032e-06	 -9.01193e-06	  -3.87607e-05	 
0.134599	0.865401	1731.63	-1.02575e-05	 -2.08793e-05	3.94122e-07	4.65494e-06	 -9.03537e-06	  -3.84935e-05	 
0.133248	0.866752	1734.33	-1.01273e-05	 -2.07033e-05	3.74942e-07	4.64128e-06	 -9.04149e-06	  -3.84981e-05	 
0.131903	0.868097	1737.02	-1.00364e-05	 -2.06643e-05	3.77366e-07	4.57591e-06	 -9.19164e-06	  -3.83151e-05	 
0.130563	0.869436	1739.7	-9.97584e-06	 -2.08217e-05	3.9506e-07	4.49437e-06	 -9.31053e-06	  -3.84324e-05	 
0.12923	0.87077	1742.37	-9.86286e-06	 -2.08938e-05	4.2545e-07	4.46244e-06	 -9.44171e-06	  -3.88181e-05	 
0.127902	0.872098	1745.03	-9.67112e-06	 -2.08095e-05	4.5626e-07	4.45583e-06	 -9.60796e-06	  -3.88995e-05	 
0.126579	0.873421	1747.68	-9.54507e-06	 -2.10081e-05	4.77148e-07	4.48627e-06	 -9.83054e-06	  -3.88876e-05	 
0.125262	0.874738	1750.31	-9.4067e-06	 -2.08786e-05	4.79365e-07	4.49377e-06	 -1.00001e-05	  -3.8662e-05	 
0.123951	0.876049	1752.94	-9.23883e-06	 -2.08965e-05	4.59862e-07	4.53239e-06	 -1.02586e-05	  -3.87025e-05	 
0.122645	0.877355	1755.55	-9.08547e-06	 -2.10034e-05	4.23799e-07	4.52338e-06	 -1.04542e-05	  -3.91961e-05	 
0.121345	0.878655	1758.15	-8.93277e-06	 -2.11265e-05	3.79918e-07	4.55882e-06	 -1.05746e-05	  -3.96571e-05	 
0.120052	0.879949	1760.74	-8.7993e-06	 -2.13066e-05	3.32583e-07	4.6573e-06	 -1.06757e-05	  -4.00331e-05	 
0.118763	0.881237	1763.32	-8.63492e-06	 -2.158e-05	2.99918e-07	4.7654e-06	 -1.07937e-05	  -4.06482e-05	 
0.117481	0.882519	1765.88	-8.49333e-06	 -2.17156e-05	2.75777e-07	4.90142e-06	 -1.08918e-05	  -4.0965e-05	 
0.116204	0.883796	1768.44	-8.35976e-06	 -2.18943e-05	2.67353e-07	5.06553e-06	 -1.10319e-05	  -4.10063e-05	 
0.114933	0.885067	1770.98	-8.28648e-06	 -2.18724e-05	2.73666e-07	5.18354e-06	 -1.1129e-05	  -4.10659e-05	 
0.113668	0.886332	1773.51	-8.08107e-06	 -2.19544e-05	3.01417e-07	5.22615e-06	 -1.12402e-05	  -4.11004e-05	 
0.112409	0.887591	1776.03	-7.95621e-06	 -2.19452e-05	3.55341e-07	5.27729e-06	 -1.14341e-05	  -4.13094e-05	 
0.111156	0.888844	1778.54	-7.85837e-06	 -2.17906e-05	4.36232e-07	5.34483e-06	 -1.14742e-05	  -4.15801e-05	 
0.109909	0.890091	1781.03	-7.7693e-06	 -2.1893e-05	5.32081e-07	5.42261e-06	 -1.15299e-05	  -4.17965e-05	 
0.108668	0.891332	1783.52	-7.61917e-06	 -2.19303e-05	6.098e-07	5.60595e-06	 -1.16091e-05	  -4.21049e-05	 
0.107432	0.892568	1785.99	-7.46845e-06	 -2.21977e-05	6.57564e-07	5.74541e-06	 -1.15264e-05	  -4.17197e-05	 
0.106203	0.893797	1788.45	-7.37006e-06	 -2.24686e-05	6.75741e-07	5.88431e-06	 -1.15208e-05	  -4.17512e-05	 
0.104979	0.895021	1790.9	-7.20942e-06	 -2.25967e-05	6.72376e-07	5.97782e-06	 -1.14435e-05	  -4.1923e-05	 
0.103762	0.896238	1793.33	-7.06992e-06	 -2.2811e-05	6.55557e-07	6.08653e-06	 -1.14667e-05	  -4.19522e-05	 
0.102551	0.897449	1795.76	-6.95587e-06	 -2.2836e-05	6.25077e-07	6.1444e-06	 -1.15606e-05	  -4.19721e-05	 
0.101345	0.898655	1798.17	-6.86317e-06	 -2.28125e-05	5.88725e-07	6.20328e-06	 -1.15647e-05	  -4.23483e-05	 
0.100146	0.899854	1800.57	-6.80331e-06	 -2.29511e-05	5.53885e-07	6.34165e-06	 -1.16214e-05	  -4.24006e-05	 
0.0989528	0.901047	1802.96	-6.69022e-06	 -2.29216e-05	5.18364e-07	6.44579e-06	 -1.17721e-05	  -4.23019e-05	 
0.0977658	0.902234	1805.33	-6.61063e-06	 -2.31924e-05	4.89121e-07	6.61504e-06	 -1.18881e-05	  -4.22827e-05	 
0.0965849	0.903415	1807.69	-6.5541e-06	 -2.33512e-05	4.58567e-07	6.83033e-06	 -1.20567e-05	  -4.27359e-05	 
0.0954101	0.90459	1810.04	-6.49677e-06	 -2.36192e-05	4.73045e-07	7.00879e-06	 -1.21095e-05	  -4.23755e-05	 
0.0942415	0.905759	1812.38	-6.39106e-06	 -2.3674e-05	5.35908e-07	7.15077e-06	 -1.2214e-05	  -4.21428e-05	 
0.093079	0.906921	1814.71	-6.29121e-06	 -2.37388e-05	5.89627e-07	7.29163e-06	 -1.22587e-05	  -4.18267e-05	 
0.0919228	0.908077	1817.02	-6.17727e-06	 -2.37952e-05	6.22154e-07	7.35687e-06	 -1.22567e-05	  -4.14051e-05	 
0.0907727	0.909227	1819.32	-6.06559e-06	 -2.38299e-05	6.38147e-07	7.36961e-06	 -1.22781e-05	  -4.11768e-05	 
0.0896289	0.910371	1821.61	-6.02923e-06	 -2.37172e-05	6.52195e-07	7.34075e-06	 -1.23656e-05	  -4.13072e-05	 
0.0884914	0.911509	1823.89	-5.98218e-06	 -2.3815e-05	6.64118e-07	7.28379e-06	 -1.24724e-05	  -4.12349e-05	 
0.0873602	0.91264	1826.15	-5.93688e-06	 -2.38692e-05	6.68142e-07	7.23705e-06	 -1.26415e-05	  -4.15401e-05	 
0.0862352	0.913765	1828.4	-5.86566e-06	 -2.41005e-05	6.66767e-07	7.28455e-06	 -1.28227e-05	  -4.17025e-05	 
0.0851165	0.914883	1830.64	-5.81209e-06	 -2.43902e-05	6.60162e-07	7.27682e-06	 -1.29345e-05	  -4.17261e-05	 
0.0840042	0.915996	1832.87	-5.73841e-06	 -2.44843e-05	6.59115e-07	7.32705e-06	 -1.31047e-05	  -4.18959e-05	 
0.0828982	0.917102	1835.08	-5.65373e-06	 -2.45025e-05	6.6113e-07	7.24802e-06	 -1.31718e-05	  -4.18089e-05	 
0.0817986	0.918201	1837.28	-5.60337e-06	 -2.45615e-05	6.67291e-07	7.02567e-06	 -1.3328e-05	  -4.1505e-05	 
0.0807053	0.919295	1839.47	-5.54568e-06	 -2.46843e-05	6.84118e-07	6.69251e-06	 -1.33955e-05	  -4.1287e-05	 
0.0796185	0.920382	1841.64	-5.48183e-06	 -2.46315e-05	7.05322e-07	6.27726e-06	 -1.35279e-05	  -4.10467e-05	 
0.078538	0.921462	1843.8	-5.38055e-06	 -2.49195e-05	7.24189e-07	5.85788e-06	 -1.36606e-05	  -4.09797e-05	 
0.077464	0.922536	1845.95	-5.3612e-06	 -2.51179e-05	7.28041e-07	5.47798e-06	 -1.3844e-05	  -4.10863e-05	 
0.0763965	0.923604	1848.09	-5.28527e-06	 -2.52589e-05	7.30575e-07	5.12349e-06	 -1.40399e-05	  -4.11948e-05	 
0.0753354	0.924665	1850.21	-5.1819e-06	 -2.5605e-05	7.21172e-07	4.83119e-06	 -1.41443e-05	  -4.12884e-05	 
0.0742808	0.925719	1852.32	-5.11003e-06	 -2.56968e-05	6.94925e-07	4.57156e-06	 -1.43455e-05	  -4.12086e-05	 
0.0732327	0.926767	1854.42	-4.97342e-06	 -2.57608e-05	6.48461e-07	4.34438e-06	 -1.45088e-05	  -4.12136e-05	 
0.0721911	0.927809	1856.5	-4.89241e-06	 -2.54536e-05	5.96556e-07	4.1697e-06	 -1.4725e-05	  -4.09846e-05	 
0.071156	0.928844	1858.58	-4.78317e-06	 -2.52612e-05	5.40635e-07	4.01602e-06	 -1.48418e-05	  -4.06329e-05	 
0.0701275	0.929872	1860.63	-4.68485e-06	 -2.51023e-05	5.02864e-07	3.89567e-06	 -1.50247e-05	  -4.04946e-05	 
0.0691056	0.930894	1862.68	-4.56725e-06	 -2.50094e-05	4.75664e-07	3.74705e-06	 -1.52693e-05	  -4.03763e-05	 
0.0680902	0.93191	1864.71	-4.42733e-06	 -2.49247e-05	4.55498e-07	3.62251e-06	 -1.5504e-05	  -4.04298e-05	 
0.0670815	0.932919	1866.73	-4.27577e-06	 -2.48742e-05	4.38207e-07	3.56625e-06	 -1.56975e-05	  -4.02106e-05	 
0.0660793	0.933921	1868.73	-4.1261e-06	 -2.50065e-05	4.19402e-07	3.5548e-06	 -1.60087e-05	  -4.01996e-05	 
0.0650838	0.934916	1870.73	-3.9617e-06	 -2.5219e-05	4.05765e-07	3.57188e-06	 -1.62832e-05	  -4.04024e-05	 
0.0640949	0.935905	1872.7	-3.83424e-06	 -2.53663e-05	3.87421e-07	3.65493e-06	 -1.65873e-05	  -4.0351e-05	 
0.0631127	0.936887	1874.67	-3.71528e-06	 -2.53268e-05	3.73549e-07	3.73599e-06	 -1.67847e-05	  -4.06199e-05	 
0.0621372	0.937863	1876.62	-3.59172e-06	 -2.53652e-05	3.59174e-07	3.83595e-06	 -1.69692e-05	  -4.06463e-05	 
0.0611684	0.938832	1878.56	-3.48277e-06	 -2.55843e-05	3.53776e-07	3.97214e-06	 -1.71731e-05	  -4.0661e-05	 
0.0602063	0.939794	1880.49	-3.36002e-06	 -2.54473e-05	3.50682e-07	4.11767e-06	 -1.73629e-05	  -4.03331e-05	 
0.0592509	0.940749	1882.4	-3.24002e-06	 -2.59359e-05	3.53041e-07	4.27109e-06	 -1.75114e-05	  -4.00808e-05	 
0.0583022	0.941698	1884.3	-3.13607e-06	 -2.61481e-05	3.56555e-07	4.37526e-06	 -1.76329e-05	  -3.93277e-05	 
0.0573603	0.94264	1886.18	-3.0218e-06	 -2.66362e-05	3.66964e-07	4.52497e-06	 -1.76928e-05	  -3.8959e-05	 
0.0564252	0.943575	1888.05	-2.92987e-06	 -2.70228e-05	3.77022e-07	4.67369e-06	 -1.77889e-05	  -3.84652e-05	 
0.0554969	0.944503	1889.91	-2.83577e-06	 -2.76073e-05	3.83584e-07	4.88377e-06	 -1.78978e-05	  -3.81096e-05	 
0.0545754	0.945425	1891.75	-2.7465e-06	 -2.82487e-05	3.88152e-07	5.00081e-06	 -1.78808e-05	  -3.78774e-05	 
0.0536606	0.946339	1893.58	-2.65924e-06	 -2.89412e-05	3.94523e-07	5.16968e-06	 -1.79026e-05	  -3.75803e-05	 
0.0527528	0.947247	1895.4	-2.5686e-06	 -2.94262e-05	4.07349e-07	5.27422e-06	 -1.78375e-05	  -3.73221e-05	 
0.0518518	0.948148	1897.2	-2.49198e-06	 -3.00914e-05	4.54509e-07	5.36748e-06	 -1.77246e-05	  -3.7233e-05	 
0.0509576	0.949042	1898.99	-2.41497e-06	 -3.06571e-05	5.33865e-07	5.4711e-06	 -1.77152e-05	  -3.67846e-05	 
0.0500703	0.94993	1900.77	-2.32964e-06	 -3.12179e-05	6.28296e-07	5.59345e-06	 -1.76168e-05	  -3.64045e-05	 
0.0491899	0.95081	1902.53	-2.25764e-06	 -3.18282e-05	7.08035e-07	5.72775e-06	 -1.75721e-05	  -3.59712e-05	 
0.0483164	0.951684	1904.28	-2.17842e-06	 -3.24441e-05	7.48592e-07	5.80365e-06	 -1.74995e-05	  -3.56098e-05	 
0.0474498	0.95255	1906.01	-2.10144e-06	 -3.30518e-05	7.62987e-07	5.8788e-06	 -1.74054e-05	  -3.53916e-05	 
0.0465902	0.95341	1907.73	-2.02837e-06	 -3.33842e-05	7.62938e-07	5.97861e-06	 -1.74259e-05	  -3.52433e-05	 
0.0457375	0.954263	1909.44	-1.96219e-06	 -3.40382e-05	7.47228e-07	6.0408e-06	 -1.76014e-05	  -3.50417e-05	 
0.0448918	0.955108	1911.13	-1.90329e-06	 -3.46727e-05	7.16253e-07	6.08776e-06	 -1.78429e-05	  -3.48997e-05	 
0.044053	0.955947	1912.81	-1.85532e-06	 -3.52949e-05	6.80282e-07	6.11328e-06	 -1.79532e-05	  -3.47844e-05	 
0.0432212	0.956779	1914.47	-1.79584e-06	 -3.58522e-05	6.43546e-07	6.08574e-06	 -1.81597e-05	  -3.46977e-05	 
0.0423965	0.957604	1916.12	-1.75184e-06	 -3.63653e-05	6.04196e-07	6.0497e-06	 -1.82983e-05	  -3.45005e-05	 
0.0415787	0.958421	1917.76	-1.70178e-06	 -3.67921e-05	5.68573e-07	5.98476e-06	 -1.84948e-05	  -3.43574e-05	 
0.040768	0.959232	1919.38	-1.63756e-06	 -3.71348e-05	5.42119e-07	5.96778e-06	 -1.85697e-05	  -3.40801e-05	 
0.0399643	0.960036	1920.99	-1.58973e-06	 -3.75068e-05	5.27976e-07	5.91243e-06	 -1.86218e-05	  -3.38999e-05	 
0.0391677	0.960832	1922.58	-1.53859e-06	 -3.79791e-05	5.17932e-07	5.94293e-06	 -1.88294e-05	  -3.3766e-05	 
0.0383781	0.961622	1924.16	-1.49032e-06	 -3.81743e-05	5.24644e-07	5.98449e-06	 -1.89033e-05	  -3.37531e-05	 
0.0375957	0.962404	1925.73	-1.44754e-06	 -3.8297e-05	5.4366e-07	6.04765e-06	 -1.91673e-05	  -3.3567e-05	 
0.0368203	0.96318	1927.28	-1.4077e-06	 -3.88869e-05	5.78546e-07	6.14057e-06	 -1.93035e-05	  -3.35609e-05	 
0.0360521	0.963948	1928.82	-1.36656e-06	 -3.92314e-05	6.28556e-07	6.18026e-06	 -1.93992e-05	  -3.34119e-05	 
0.0352909	0.964709	1930.34	-1.33402e-06	 -3.94986e-05	7.03375e-07	6.18844e-06	 -1.96258e-05	  -3.3423e-05	 
0.0345369	0.965463	1931.85	-1.28492e-06	 -3.98027e-05	7.96116e-07	6.19881e-06	 -1.98486e-05	  -3.31239e-05	 
0.03379	0.96621	1933.34	-1.24331e-06	 -4.00468e-05	9.10831e-07	6.18247e-06	 -2.00009e-05	  -3.27975e-05	 
0.0330503	0.96695	1934.82	-1.2098e-06	 -4.03056e-05	1.03384e-06	6.17468e-06	 -2.01438e-05	  -3.24988e-05	 
0.0323178	0.967682	1936.29	-1.16985e-06	 -4.05201e-05	1.15626e-06	6.09681e-06	 -2.03392e-05	  -3.22786e-05	 
0.0315925	0.968408	1937.74	-1.14065e-06	 -4.07045e-05	1.26163e-06	5.9848e-06	 -2.0463e-05	  -3.19524e-05	 
0.0308743	0.969126	1939.18	-1.10085e-06	 -4.09498e-05	1.33318e-06	5.86484e-06	 -2.04519e-05	  -3.15875e-05	 
0.0301633	0.969837	1940.6	-1.06222e-06	 -4.13608e-05	1.37912e-06	5.73832e-06	 -2.06286e-05	  -3.12523e-05	 
0.0294596	0.97054	1942.01	-1.02618e-06	 -4.13524e-05	1.38297e-06	5.58568e-06	 -2.06943e-05	  -3.09611e-05	 
0.0287631	0.971237	1943.4	-9.90111e-07	 -4.15592e-05	1.3754e-06	5.43239e-06	 -2.07239e-05	  -3.06452e-05	 
0.0280739	0.971926	1944.78	-9.55014e-07	 -4.15779e-05	1.3435e-06	5.2931e-06	 -2.07958e-05	  -3.02083e-05	 
0.0273919	0.972608	1946.15	-9.18183e-07	 -4.17313e-05	1.3183e-06	5.13288e-06	 -2.08224e-05	  -2.99067e-05	 
0.0267171	0.973283	1947.5	-8.81134e-07	 -4.18198e-05	1.29113e-06	4.96004e-06	 -2.08802e-05	  -2.97365e-05	 
0.0260497	0.97395	1948.83	-8.47858e-07	 -4.20494e-05	1.27163e-06	4.81245e-06	 -2.08382e-05	  -2.96431e-05	 
0.0253895	0.974611	1950.15	-8.18041e-07	 -4.25192e-05	1.2566e-06	4.58603e-06	 -2.09299e-05	  -2.93354e-05	 
0.0247366	0.975263	1951.46	-7.83383e-07	 -4.28612e-05	1.26146e-06	4.37564e-06	 -2.09162e-05	  -2.91864e-05	 
0.024091	0.975909	1952.75	-7.543e-07	 -4.29462e-05	1.26933e-06	4.14169e-06	 -2.09075e-05	  -2.89519e-05	 
0.0234528	0.976547	1954.03	-7.26851e-07	 -4.34716e-05	1.26561e-06	3.87488e-06	 -2.08553e-05	  -2.8792e-05	 
0.0228219	0.977178	1955.29	-6.97176e-07	 -4.34451e-05	1.25736e-06	3.59367e-06	 -2.08826e-05	  -2.85273e-05	 
0.0221983	0.977802	1956.54	-6.72803e-07	 -4.33383e-05	1.23493e-06	3.30339e-06	 -2.08488e-05	  -2.83034e-05	 
0.0215821	0.978418	1957.77	-6.44644e-07	 -4.38619e-05	1.20466e-06	3.01125e-06	 -2.08083e-05	  -2.81383e-05	 
0.0209732	0.979027	1958.99	-6.20473e-07	 -4.38328e-05	1.16238e-06	2.77618e-06	 -2.07896e-05	  -2.79458e-05	 
0.0203717	0.979628	1960.19	-5.95905e-07	 -4.38728e-05	1.12201e-06	2.55248e-06	 -2.07712e-05	  -2.79582e-05	 
0.0197776	0.980222	1961.38	-5.71605e-07	 -4.40962e-05	1.08013e-06	2.37311e-06	 -2.07858e-05	  -2.79642e-05	 
0.0191909	0.980809	1962.56	-5.46873e-07	 -4.403e-05	1.03493e-06	2.24791e-06	 -2.07111e-05	  -2.79806e-05	 
0.0186116	0.981388	1963.71	-5.23047e-07	 -4.41798e-05	9.8927e-07	2.16383e-06	 -2.06189e-05	  -2.78897e-05	 
0.0180397	0.98196	1964.86	-4.9933e-07	 -4.42344e-05	9.3582e-07	2.09782e-06	 -2.06879e-05	  -2.78527e-05	 
0.0174753	0.982525	1965.99	-4.76798e-07	 -4.43474e-05	8.81365e-07	2.03735e-06	 -2.06182e-05	  -2.77314e-05	 
0.0169182	0.983082	1967.1	-4.48062e-07	 -4.43326e-05	8.34855e-07	1.97221e-06	 -2.05947e-05	  -2.76696e-05	 
0.0163686	0.983631	1968.2	-4.27641e-07	 -4.43534e-05	7.92134e-07	1.90351e-06	 -2.05863e-05	  -2.75894e-05	 
0.0158265	0.984174	1969.29	-4.04318e-07	 -4.43887e-05	7.72248e-07	1.81727e-06	 -2.07358e-05	  -2.74157e-05	 
0.0152918	0.984708	1970.36	-3.83015e-07	 -4.45217e-05	7.62996e-07	1.73789e-06	 -2.07896e-05	  -2.73978e-05	 
0.0147646	0.985235	1971.41	-3.61461e-07	 -4.44734e-05	7.63579e-07	1.6385e-06	 -2.09562e-05	  -2.7112e-05	 
0.0142448	0.985755	1972.45	-3.39972e-07	 -4.46298e-05	7.77865e-07	1.53682e-06	 -2.10161e-05	  -2.68931e-05	 
0.0137326	0.986267	1973.48	-3.21277e-07	 -4.48049e-05	8.071e-07	1.40471e-06	 -2.10796e-05	  -2.66385e-05	 
0.0132278	0.986772	1974.49	-3.03659e-07	 -4.49024e-05	8.38606e-07	1.27687e-06	 -2.11543e-05	  -2.64019e-05	 
0.0127306	0.987269	1975.48	-2.85539e-07	 -4.5076e-05	8.77419e-07	1.14124e-06	 -2.13475e-05	  -2.62377e-05	 
0.0122409	0.987759	1976.46	-2.68175e-07	 -4.56427e-05	9.11119e-07	1.01951e-06	 -2.13608e-05	  -2.60757e-05	 
0.0117587	0.988241	1977.43	-2.50307e-07	 -4.57513e-05	9.50058e-07	9.29768e-07	 -2.15102e-05	  -2.57359e-05	 
0.011284	0.988716	1978.38	-2.33551e-07	 -4.60853e-05	9.85812e-07	8.67346e-07	 -2.16196e-05	  -2.55127e-05	 
0.0108168	0.989183	1979.31	-2.17383e-07	 -4.65984e-05	1.0151e-06	8.18234e-07	 -2.17983e-05	  -2.52387e-05	 
0.0103573	0.989643	1980.23	-2.02983e-07	 -4.66923e-05	1.04017e-06	7.45623e-07	 -2.17475e-05	  -2.49784e-05	 
0.00990522	0.990095	1981.14	-1.87496e-07	 -4.69641e-05	1.05514e-06	6.38663e-07	 -2.17947e-05	  -2.47672e-05	 
0.00946075	0.990539	1982.03	-1.73204e-07	 -4.73088e-05	1.06643e-06	4.82127e-07	 -2.17972e-05	  -2.45484e-05	 
0.00902385	0.990976	1982.9	-1.59448e-07	 -4.75954e-05	1.07196e-06	3.11968e-07	 -2.17737e-05	  -2.43577e-05	 
0.00859453	0.991405	1983.76	-1.45933e-07	 -4.79855e-05	1.07257e-06	1.77392e-07	 -2.1805e-05	  -2.40995e-05	 
0.0081728	0.991827	1984.6	-1.32606e-07	 -4.79111e-05	1.07716e-06	9.70581e-08	 -2.18485e-05	  -2.37985e-05	 
0.00775866	0.992241	1985.43	-1.20834e-07	 -4.80439e-05	1.07205e-06	6.81769e-08	 -2.19418e-05	  -2.36032e-05	 
0.00735212	0.992648	1986.24	-1.09353e-07	 -4.8228e-05	1.07142e-06	7.1752e-08	 -2.20392e-05	  -2.33835e-05	 
0.00695319	0.993047	1987.04	-9.85147e-08	 -4.81138e-05	1.07745e-06	9.11168e-08	 -2.21396e-05	  -2.31022e-05	 
0.00656188	0.993438	1987.83	-8.82407e-08	 -4.83274e-05	1.07768e-06	1.10069e-07	 -2.21559e-05	  -2.29974e-05	 
0.00617819	0.993822	1988.59	-7.84727e-08	 -4.83853e-05	1.08681e-06	1.18566e-07	 -2.22779e-05	  -2.27541e-05	 
0.00580213	0.994198	1989.35	-6.96338e-08	 -4.82157e-05	1.0904e-06	1.16394e-07	 -2.2388e-05	  -2.25789e-05	 
0.00543371	0.994566	1990.08	-6.14293e-08	 -4.86201e-05	1.09469e-06	1.05681e-07	 -2.2382e-05	  -2.21952e-05	 
0.00507293	0.994927	1990.8	-5.40169e-08	 -4.86457e-05	1.10491e-06	9.03869e-08	 -2.25388e-05	  -2.20654e-05	 
0.0047198	0.99528	1991.51	-4.6707e-08	 -4.87107e-05	1.10682e-06	7.32016e-08	 -2.26288e-05	  -2.18526e-05	 
0.00437432	0.995626	1992.2	-4.03281e-08	 -4.86961e-05	1.11198e-06	5.61477e-08	 -2.25726e-05	  -2.18059e-05	 
0.00403651	0.995963	1992.88	-3.44461e-08	 -4.86998e-05	1.11795e-06	4.12968e-08	 -2.25425e-05	  -2.16593e-05	 
0.00370637	0.996294	1993.54	-2.92947e-08	 -4.85774e-05	1.11494e-06	2.89802e-08	 -2.27958e-05	  -2.15263e-05	 
0.0033839	0.996616	1994.18	-2.45078e-08	 -4.85276e-05	1.12532e-06	1.9716e-08	 -2.27068e-05	  -2.13953e-05	 
0.00306911	0.996931	1994.81	-2.02061e-08	 -4.85354e-05	1.13189e-06	1.29233e-08	 -2.2784e-05	  -2.13078e-05	 
0.00276202	0.997238	1995.43	-1.6379e-08	 -4.84719e-05	1.1373e-06	8.19731e-09	 -2.28259e-05	  -2.11564e-05	 
0.00246261	0.997537	1996.03	-1.306e-08	 -4.8492e-05	1.1499e-06	5.02442e-09	 -2.28993e-05	  -2.11568e-05	 
0.0021709	0.997829	1996.61	-1.01958e-08	 -4.83203e-05	1.15877e-06	2.95209e-09	 -2.28919e-05	  -2.10027e-05	 
0.00188689	0.998113	1997.18	-7.70191e-09	 -4.83052e-05	1.17571e-06	1.64703e-09	 -2.29698e-05	  -2.09363e-05	 
0.00161059	0.998389	1997.73	-5.61517e-09	 -4.84034e-05	1.1887e-06	8.58509e-10	 -2.28437e-05	  -2.08802e-05	 
0.00134201	0.998658	1998.27	-3.91031e-09	 -4.82848e-05	1.18937e-06	4.08919e-10	 -2.29833e-05	  -2.08529e-05	 
0.00108114	0.998919	1998.79	-2.54238e-09	 -4.8227e-05	1.19954e-06	1.70063e-10	 -2.30481e-05	  -2.08323e-05	 
0.000828004	0.999172	1999.3	-1.49807e-09	 -4.85279e-05	1.20883e-06	5.8244e-11	 -2.30758e-05	  -2.072e-05	 
0.000582593	0.999417	1999.79	-7.41725e-10	 -4.84761e-05	1.21573e-06	1.41904e-11	 -2.30308e-05	  -2.07755e-05	 
0.000344915	0.999655	2000.27	-2.59957e-10	 -4.85586e-05	1.22367e-06	2.67579e-12	 -2.30472e-05	  -2.07388e-05	 
0.000114976	0.999885	2000.73	-2.88049e-11	 -4.80537e-05	1.23813e-06	1.71395e-12	 -2.29125e-05	  -2.07567e-05	 
