# Postprocessed results of turbulent pipe flow 
# Mean velocity and pressure 
# ------------------------------------------------------------------
# uTau = 0.0241079 
# nu = 1.20482e-05 
# ------------------------------------------------------------------
# r	 1-r	 y+	 Ur	 Ut	 Uz	 dUz/dy	 P	 
# ------------------------------------------------------------------
1	0	0	7.3453e-24	 7.73257e-05	0.000101371	5.63958e-09	 3.97097e-11	   
0.999955	4.48e-05	0.0896428	7.3453e-24	 7.73257e-05	0.000101371	5.63958e-09	 3.97097e-11	   
0.999903	9.74e-05	0.194893	3.77149e-23	 0.000168135	0.000220404	2.69183e-08	 6.59329e-10	   
0.999842	0.0001579	0.315951	1.08785e-22	 0.000272429	0.000357086	7.49759e-08	 3.98432e-09	   
0.999774	0.0002261	0.452416	2.0457e-22	 0.000390207	0.00051139	1.75153e-07	 1.52438e-08	   
0.999698	0.0003022	0.604689	3.6492e-22	 0.000521464	0.000683272	3.83691e-07	 4.47085e-08	   
0.999614	0.000386	0.772369	6.27737e-22	 0.000666195	0.000872649	8.12975e-07	 1.09866e-07	   
0.999522	0.0004777	0.955857	8.90359e-22	 0.000824378	0.00107939	1.65877e-06	 2.37572e-07	   
0.999423	0.0005771	1.15475	1.3473e-21	 0.000995978	0.00130326	3.21248e-06	 4.65888e-07	   
0.999316	0.0006843	1.36925	1.91578e-21	 0.00118093	0.00154392	5.84134e-06	 8.45293e-07	   
0.999201	0.0007994	1.59956	2.76118e-21	 0.00137913	0.00180087	9.94385e-06	 1.43907e-06	   
0.999078	0.0009222	1.84528	3.44558e-21	 0.00159041	0.00207341	1.59145e-05	 2.32272e-06	   
0.998947	0.0010528	2.10661	3.8831e-21	 0.00181454	0.00236059	2.41386e-05	 3.58233e-06	   
0.998809	0.0011912	2.38354	5.90727e-21	 0.00205117	0.00266126	3.50013e-05	 5.31216e-06	   
0.998663	0.0013374	2.67608	6.58344e-21	 0.00229987	0.00297408	4.88808e-05	 7.61148e-06	   
0.998509	0.0014914	2.98423	8.4907e-21	 0.0025601	0.00329752	6.61184e-05	 1.0581e-05	   
0.998347	0.0016531	3.30778	9.91435e-21	 0.00283122	0.00362979	8.6972e-05	 1.43191e-05	   
0.998177	0.0018226	3.64694	1.12271e-20	 0.00311256	0.00396865	0.000111565	 1.89187e-05	   
0.998	0.0019999	4.00171	1.34159e-20	 0.00340342	0.00431107	0.000139838	 2.44636e-05	   
0.997815	0.0021849	4.37189	1.29071e-20	 0.00370314	0.00465333	0.000171514	 3.10262e-05	   
0.997622	0.0023777	4.75767	2.16449e-20	 0.00401111	0.00499145	0.000206078	 3.86658e-05	   
0.997422	0.0025783	5.15906	2.02173e-20	 0.00432675	0.00532195	0.000242784	 4.74265e-05	   
0.997213	0.0027866	5.57586	2.75785e-20	 0.00464947	0.00564203	0.000280688	 5.73372e-05	   
0.996997	0.0030026	6.00807	2.73042e-20	 0.00497854	0.00594969	0.000318708	 6.84111e-05	   
0.996774	0.0032264	6.45588	3.36141e-20	 0.00531298	0.00624406	0.000355725	 8.06462e-05	   
0.996542	0.003458	6.9193	3.71374e-20	 0.00565134	0.00652521	0.000390677	 9.40261e-05	   
0.996303	0.0036972	7.39793	4.98501e-20	 0.00599167	0.00679172	0.000422666	 0.000108521	   
0.996056	0.0039442	7.89217	4.27773e-20	 0.00633145	0.00703622	0.000451022	 0.000124088	   
0.995801	0.0041989	8.40181	5.8408e-20	 0.00666764	0.00724221	0.000475309	 0.000140671	   
0.995539	0.0044614	8.92706	4.84152e-20	 0.00699693	0.00738556	0.000495271	 0.000158201	   
0.995269	0.0047315	9.46752	6.1396e-20	 0.00731601	0.007441	0.000510754	 0.000176589	   
0.994991	0.0050094	10.0236	7.19994e-20	 0.00762187	0.00739049	0.000521639	 0.000195734	   
0.994705	0.005295	10.5951	7.04658e-20	 0.00791216	0.00722885	0.000527853	 0.000215514	   
0.994412	0.0055882	11.1817	7.47218e-20	 0.00818539	0.00696501	0.00052945	 0.000235795	   
0.994111	0.0058892	11.784	8.51131e-20	 0.00844107	0.00661915	0.000526716	 0.000256434	   
0.993802	0.0061979	12.4017	8.6679e-20	 0.00867955	0.00621779	0.000520133	 0.000277281	   
0.993486	0.0065142	13.0346	1.23184e-19	 0.00890182	0.00578851	0.000510141	 0.000298189	   
0.993162	0.0068382	13.6829	1.21308e-19	 0.00910925	0.00535578	0.000496996	 0.000319019	   
0.99283	0.0071699	14.3467	9.63241e-20	 0.00930341	0.00493865	0.000481046	 0.000339657	   
0.992491	0.0075092	15.0256	1.39752e-19	 0.00948599	0.00455014	0.000462985	 0.000360014	   
0.992144	0.0078562	15.7199	1.2812e-19	 0.00965878	0.00419787	0.000443582	 0.000380043	   
0.991789	0.0082109	16.4296	1.33082e-19	 0.00982367	0.00388516	0.000423228	 0.000399729	   
0.991427	0.0085731	17.1544	1.37453e-19	 0.0099826	0.00361221	0.000401874	 0.000419091	   
0.991057	0.0089431	17.8947	1.44454e-19	 0.0101377	0.00337713	0.000379375	 0.000438159	   
0.990679	0.0093206	18.6501	1.48666e-19	 0.010291	0.00317681	0.000355859	 0.00045697	   
0.990294	0.0097058	19.4209	1.61814e-19	 0.0104449	0.00300748	0.000331824	 0.000475555	   
0.989901	0.0100986	20.2069	1.85949e-19	 0.0106015	0.00286506	0.000308015	 0.00049393	   
0.989501	0.010499	21.008	1.90141e-19	 0.0107636	0.00274542	0.000285227	 0.000512101	   
0.989093	0.0109071	21.8246	1.57861e-19	 0.0109334	0.00264451	0.000264067	 0.000530077	   
0.988677	0.0113227	22.6562	2.30779e-19	 0.0111121	0.00255869	0.00024475	 0.000547883	   
0.988254	0.0117459	23.503	2.24206e-19	 0.0112983	0.00248489	0.000227084	 0.000565568	   
0.987823	0.0121767	24.365	2.10015e-19	 0.0114869	0.00242063	0.000210738	 0.000583207	   
0.987385	0.012615	25.2421	2.28397e-19	 0.0116702	0.00236396	0.000195447	 0.000600887	   
0.986939	0.0130609	26.1343	2.3782e-19	 0.0118394	0.00231349	0.000180991	 0.000618689	   
0.986486	0.0135144	27.0417	2.18512e-19	 0.0119856	0.00226828	0.000167234	 0.000636658	   
0.986024	0.0139755	27.9644	2.37063e-19	 0.0121023	0.00222776	0.000154212	 0.000654782	   
0.985556	0.014444	28.9018	2.80364e-19	 0.0121868	0.00219157	0.00014212	 0.000672963	   
0.98508	0.0149201	29.8545	2.26188e-19	 0.0122421	0.0021595	0.000131175	 0.000691005	   
0.984596	0.0154038	30.8223	2.97287e-19	 0.0122763	0.00213144	0.000121417	 0.000708616	   
0.984105	0.0158949	31.805	2.78914e-19	 0.0123005	0.00210737	0.000112611	 0.000725429	   
0.983606	0.0163936	32.8029	2.69898e-19	 0.0123247	0.00208729	0.000104382	 0.000741051	   
0.9831	0.0168997	33.8156	2.72005e-19	 0.012355	0.00207111	9.64758e-05	 0.000755157	   
0.982587	0.0174134	34.8434	2.71707e-19	 0.0123914	0.00205845	8.8895e-05	 0.000767584	   
0.982066	0.0179345	35.8861	3.24591e-19	 0.0124294	0.00204857	8.17431e-05	 0.000778385	   
0.981537	0.0184631	36.9438	3.5361e-19	 0.0124643	0.00204027	7.50708e-05	 0.000787805	   
0.981001	0.0189992	38.0166	3.55016e-19	 0.0124957	0.00203217	6.89613e-05	 0.000796222	   
0.980457	0.0195427	39.1041	3.85363e-19	 0.0125285	0.00202311	6.35453e-05	 0.00080408	   
0.979906	0.0200936	40.2064	4.30911e-19	 0.0125691	0.00201256	5.88656e-05	 0.000811834	   
0.979348	0.020652	41.3237	3.80216e-19	 0.0126226	0.00200074	5.48372e-05	 0.000819898	   
0.978782	0.0212179	42.4561	4.31605e-19	 0.0126895	0.00198844	5.13063e-05	 0.000828608	   
0.978209	0.0217911	43.603	3.85261e-19	 0.0127657	0.00197666	4.81126e-05	 0.000838185	   
0.977628	0.0223717	44.7648	3.8823e-19	 0.0128444	0.00196625	4.51502e-05	 0.000848724	   
0.97704	0.0229598	45.9415	4.50199e-19	 0.01292	0.00195778	4.23689e-05	 0.000860192	   
0.976445	0.0235552	47.1329	4.41621e-19	 0.0129897	0.00195128	3.97476e-05	 0.000872463	   
0.975842	0.024158	48.3391	4.72628e-19	 0.0130522	0.00194604	3.73355e-05	 0.000885383	   
0.975232	0.0247682	49.5601	5.01164e-19	 0.0131057	0.001941	3.52764e-05	 0.000898845	   
0.974614	0.0253857	50.7957	4.83293e-19	 0.0131484	0.00193542	3.36909e-05	 0.000912818	   
0.973989	0.0260106	52.0461	4.59875e-19	 0.0131824	0.00192935	3.25694e-05	 0.000927351	   
0.973357	0.0266428	53.3111	4.70539e-19	 0.0132173	0.00192347	3.18036e-05	 0.000942585	   
0.972718	0.0272824	54.5909	4.82691e-19	 0.0132666	0.00191853	3.12318e-05	 0.000958713	   
0.972071	0.0279292	55.8851	5.32263e-19	 0.0133389	0.00191492	3.0673e-05	 0.000975857	   
0.971417	0.0285834	57.1941	5.66369e-19	 0.0134328	0.00191252	2.99973e-05	 0.000993978	   
0.970755	0.0292448	58.5175	6.52474e-19	 0.0135409	0.00191057	2.92061e-05	 0.00101291	   
0.970086	0.0299135	59.8556	5.20606e-19	 0.0136537	0.00190772	2.84326e-05	 0.00103246	   
0.96941	0.0305895	61.2082	6.20824e-19	 0.013759	0.0019024	2.78332e-05	 0.00105237	   
0.968727	0.0312728	62.5755	7.52777e-19	 0.013842	0.00189349	2.74827e-05	 0.00107243	   
0.968037	0.0319633	63.9571	5.84697e-19	 0.0138938	0.00188102	2.73214e-05	 0.00109246	   
0.967339	0.032661	65.3532	6.42003e-19	 0.0139194	0.00186626	2.71756e-05	 0.00111252	   
0.966634	0.033366	66.7639	6.26449e-19	 0.0139352	0.00185084	2.69159e-05	 0.00113282	   
0.965922	0.0340782	68.189	6.51423e-19	 0.0139577	0.00183584	2.65457e-05	 0.00115367	   
0.965202	0.0347975	69.6283	7.07851e-19	 0.0139926	0.00182167	2.61065e-05	 0.00117545	   
0.964476	0.0355241	71.0822	6.62494e-19	 0.0140342	0.00180827	2.56117e-05	 0.00119857	   
0.963742	0.0362578	72.5503	7.30934e-19	 0.0140728	0.00179526	2.50694e-05	 0.00122327	   
0.963001	0.0369987	74.0328	7.18438e-19	 0.0141013	0.00178213	2.45047e-05	 0.00124953	   
0.962253	0.0377468	75.5297	6.63495e-19	 0.014118	0.00176856	2.39698e-05	 0.00127722	   
0.961498	0.038502	77.0408	7.05025e-19	 0.0141242	0.0017545	2.35126e-05	 0.00130643	   
0.960736	0.0392643	78.5661	6.69591e-19	 0.0141194	0.00174011	2.31334e-05	 0.00133749	   
0.959966	0.0400337	80.1057	8.67311e-19	 0.0141009	0.00172557	2.27993e-05	 0.00137064	   
0.95919	0.0408102	81.6594	8.13524e-19	 0.0140667	0.001711	2.24919e-05	 0.00140565	   
0.958406	0.0415939	83.2276	8.40709e-19	 0.014017	0.00169673	2.21795e-05	 0.00144182	   
0.957615	0.0423846	84.8097	9.13585e-19	 0.0139562	0.00168365	2.18114e-05	 0.00147845	   
0.956818	0.0431823	86.4059	9.09087e-19	 0.0138934	0.00167295	2.13904e-05	 0.00151523	   
0.956013	0.0439871	88.0162	8.06064e-19	 0.0138371	0.0016653	2.0954e-05	 0.00155214	   
0.955201	0.044799	89.6408	9.48452e-19	 0.0137855	0.00166048	2.05363e-05	 0.00158951	   
0.954382	0.0456178	91.2792	8.18808e-19	 0.0137262	0.00165751	2.01816e-05	 0.00162815	   
0.953556	0.0464437	92.9318	8.67267e-19	 0.0136458	0.00165505	1.99497e-05	 0.00166934	   
0.952723	0.0472766	94.5984	9.35911e-19	 0.0135425	0.00165233	1.98794e-05	 0.00171411	   
0.951884	0.0481164	96.2788	9.62367e-19	 0.0134287	0.0016494	1.99462e-05	 0.00176224	   
0.951037	0.0489633	97.9734	9.07968e-19	 0.0133222	0.00164638	2.00922e-05	 0.00181196	   
0.950183	0.049817	99.6816	9.9407e-19	 0.0132383	0.00164295	2.02737e-05	 0.00186083	   
0.949322	0.0506777	101.404	9.46215e-19	 0.0131859	0.00163876	2.0501e-05	 0.00190721	   
0.948455	0.0515454	103.14	1.04704e-18	 0.0131623	0.00163392	2.08108e-05	 0.00195078	   
0.94758	0.0524199	104.89	1.05854e-18	 0.013154	0.00162915	2.11637e-05	 0.00199223	   
0.946699	0.0533014	106.654	1.07623e-18	 0.0131423	0.0016254	2.14634e-05	 0.0020328	   
0.94581	0.0541897	108.431	1.13017e-18	 0.0131151	0.00162337	2.16765e-05	 0.00207392	   
0.944915	0.0550849	110.222	1.00882e-18	 0.0130683	0.00162305	2.18765e-05	 0.00211661	   
0.944013	0.055987	112.028	9.89064e-19	 0.0129963	0.00162381	2.22039e-05	 0.00216158	   
0.943104	0.0568959	113.846	1.20546e-18	 0.0128953	0.00162506	2.27614e-05	 0.00220951	   
0.942188	0.0578116	115.678	1.09371e-18	 0.0127785	0.00162676	2.35464e-05	 0.00226095	   
0.941266	0.0587342	117.525	1.21232e-18	 0.0126795	0.00162942	2.44843e-05	 0.00231631	   
0.940337	0.0596635	119.384	1.18223e-18	 0.0126358	0.00163365	2.54951e-05	 0.00237602	   
0.9394	0.0605996	121.257	1.19559e-18	 0.0126665	0.00163984	2.65845e-05	 0.00244025	   
0.938457	0.0615425	123.144	1.16636e-18	 0.012758	0.00164825	2.78067e-05	 0.00250829	   
0.937508	0.0624921	125.044	1.44933e-18	 0.012871	0.00165944	2.91784e-05	 0.00257798	   
0.936551	0.0634485	126.958	1.27023e-18	 0.0129641	0.00167403	3.06451e-05	 0.00264657	   
0.935588	0.0644116	128.885	1.2852e-18	 0.0130127	0.00169201	3.19762e-05	 0.00271214	   
0.934619	0.0653814	130.825	1.00707e-18	 0.0130089	0.00171247	3.29735e-05	 0.00277405	   
0.933642	0.0663579	132.779	1.42982e-18	 0.0129552	0.00173377	3.37349e-05	 0.00283317	   
0.932659	0.067341	134.746	1.40181e-18	 0.0128586	0.00175444	3.44101e-05	 0.00289163	   
0.931669	0.0683308	136.727	1.3721e-18	 0.0127315	0.001774	3.49285e-05	 0.00295117	   
0.930673	0.0693273	138.721	1.63002e-18	 0.0125913	0.00179314	3.51022e-05	 0.00301184	   
0.92967	0.0703303	140.728	1.18979e-18	 0.0124502	0.0018132	3.49247e-05	 0.00307216	   
0.92866	0.07134	142.748	1.51312e-18	 0.0123095	0.00183567	3.46561e-05	 0.0031301	   
0.927644	0.0723563	144.782	1.47519e-18	 0.0121667	0.00186175	3.45805e-05	 0.00318339	   
0.926621	0.0733791	146.828	1.42864e-18	 0.0120241	0.00189192	3.46784e-05	 0.00323058	   
0.925592	0.0744085	148.888	1.71225e-18	 0.0118873	0.00192573	3.47172e-05	 0.00327274	   
0.924555	0.0754445	150.961	1.37227e-18	 0.0117602	0.00196181	3.46301e-05	 0.00331317	   
0.923513	0.076487	153.047	1.81604e-18	 0.0116582	0.00199877	3.45143e-05	 0.00335475	   
0.922464	0.0775359	155.146	1.45311e-18	 0.0116076	0.0020359	3.44821e-05	 0.00339814	   
0.921409	0.0785914	157.258	1.56637e-18	 0.0116114	0.0020729	3.46186e-05	 0.00344214	   
0.920347	0.0796534	159.383	1.77334e-18	 0.0116364	0.00210956	3.49155e-05	 0.00348535	   
0.919278	0.0807218	161.521	1.51332e-18	 0.0116437	0.00214583	3.52641e-05	 0.00352812	   
0.918203	0.0817966	163.671	1.80296e-18	 0.0116142	0.00218227	3.56665e-05	 0.00357259	   
0.917122	0.0828779	165.835	1.82893e-18	 0.011551	0.00222002	3.61548e-05	 0.00362194	   
0.916034	0.0839656	168.011	1.59182e-18	 0.0114733	0.00226007	3.65359e-05	 0.0036806	   
0.91494	0.0850597	170.201	1.60946e-18	 0.0113997	0.00230283	3.66146e-05	 0.00375304	   
0.91384	0.0861601	172.403	1.96773e-18	 0.0113282	0.00234849	3.63601e-05	 0.00384006	   
0.912733	0.0872669	174.617	1.99634e-18	 0.011239	0.00239732	3.5926e-05	 0.00393677	   
0.91162	0.0883801	176.845	1.55911e-18	 0.0111223	0.00244936	3.55107e-05	 0.00403463	   
0.910501	0.0894995	179.085	1.745e-18	 0.0109866	0.00250444	3.51467e-05	 0.00412582	   
0.909375	0.0906253	181.337	1.7678e-18	 0.0108384	0.00256241	3.46852e-05	 0.00420692	   
0.908243	0.0917574	183.602	1.73072e-18	 0.0106752	0.00262327	3.40152e-05	 0.00428011	   
0.907104	0.0928957	185.88	1.92519e-18	 0.0104986	0.00268707	3.32831e-05	 0.0043512	   
0.90596	0.0940402	188.17	1.75966e-18	 0.0103072	0.00275369	3.28045e-05	 0.00442739	   
0.904809	0.095191	190.473	2.15702e-18	 0.0101077	0.00282263	3.26197e-05	 0.00451385	   
0.903652	0.096348	192.788	1.69031e-18	 0.00991719	0.00289283	3.2509e-05	 0.00461022	   
0.902489	0.0975112	195.116	2.25828e-18	 0.00974021	0.0029632	3.23545e-05	 0.00471199	   
0.901319	0.0986806	197.456	1.93526e-18	 0.00956149	0.00303292	3.22474e-05	 0.00481556	   
0.900144	0.0998561	199.808	2.0974e-18	 0.00935934	0.00310158	3.22632e-05	 0.00491967	   
0.898962	0.101038	202.172	1.97178e-18	 0.00912031	0.00316984	3.22027e-05	 0.00502204	   
0.897774	0.102226	204.549	1.90134e-18	 0.00884824	0.00323808	3.19758e-05	 0.00511773	   
0.896581	0.103419	206.938	2.28479e-18	 0.0085674	0.00330507	3.18054e-05	 0.00520187	   
0.895381	0.104619	209.339	1.70983e-18	 0.00830758	0.00337021	3.18683e-05	 0.00527446	   
0.894175	0.105825	211.752	2.14536e-18	 0.00808325	0.00343587	3.20115e-05	 0.00534112	   
0.892962	0.107038	214.177	2.35434e-18	 0.0078922	0.00350596	3.20861e-05	 0.00540813	   
0.891744	0.108256	216.615	2.46155e-18	 0.00772685	0.00358275	3.20288e-05	 0.00547726	   
0.89052	0.10948	219.064	2.0416e-18	 0.00758029	0.00366451	3.19151e-05	 0.00554582	   
0.88929	0.11071	221.525	1.9002e-18	 0.00744254	0.00374653	3.1983e-05	 0.00560785	   
0.888054	0.111946	223.999	2.0437e-18	 0.0073096	0.00382533	3.23006e-05	 0.00565815	   
0.886812	0.113188	226.484	2.32113e-18	 0.00718706	0.0039003	3.2671e-05	 0.00569805	   
0.885564	0.114436	228.981	2.27114e-18	 0.00707497	0.00397251	3.29308e-05	 0.00573606	   
0.88431	0.11569	231.49	2.08471e-18	 0.00694857	0.00404357	3.30173e-05	 0.00578212	   
0.883051	0.116949	234.01	2.46806e-18	 0.00678564	0.00411443	3.29615e-05	 0.00584078	   
0.881785	0.118215	236.543	2.40897e-18	 0.00660838	0.0041858	3.28603e-05	 0.00591219	   
0.880514	0.119486	239.087	2.29885e-18	 0.00645792	0.00425847	3.29751e-05	 0.005998	   
0.879236	0.120764	241.643	2.22014e-18	 0.00635537	0.00433286	3.34813e-05	 0.00609788	   
0.877953	0.122047	244.21	2.35047e-18	 0.00629274	0.00440942	3.39612e-05	 0.00620273	   
0.876664	0.123336	246.789	2.30755e-18	 0.00623365	0.00448841	3.42574e-05	 0.00630278	   
0.87537	0.12463	249.38	2.2842e-18	 0.00613578	0.00456875	3.4486e-05	 0.00639955	   
0.87407	0.12593	251.981	2.71381e-18	 0.00599309	0.00464809	3.48356e-05	 0.00650388	   
0.872763	0.127237	254.595	2.3795e-18	 0.00584153	0.00472408	3.53744e-05	 0.00662315	   
0.871452	0.128548	257.22	2.38682e-18	 0.00570635	0.00479599	3.60775e-05	 0.00675002	   
0.870134	0.129866	259.856	2.65325e-18	 0.00557995	0.00486482	3.69557e-05	 0.00686602	   
0.868811	0.131189	262.504	2.65559e-18	 0.00545083	0.00493311	3.78294e-05	 0.00695733	   
0.867482	0.132518	265.162	2.59873e-18	 0.00531776	0.00500461	3.84223e-05	 0.00702329	   
0.866148	0.133852	267.833	2.26693e-18	 0.00517845	0.00508174	3.85829e-05	 0.0070692	   
0.864808	0.135192	270.514	2.29286e-18	 0.00502222	0.00516349	3.82886e-05	 0.00710063	   
0.863462	0.136538	273.206	2.8099e-18	 0.0048484	0.00524664	3.78333e-05	 0.00712992	   
0.862111	0.137889	275.91	2.22767e-18	 0.00467686	0.00532811	3.74957e-05	 0.00717782	   
0.860754	0.139246	278.625	2.39818e-18	 0.00453042	0.0054057	3.70982e-05	 0.00725882	   
0.859392	0.140608	281.35	2.60732e-18	 0.00441958	0.00547735	3.65312e-05	 0.00736823	   
0.858024	0.141976	284.087	2.56241e-18	 0.00434269	0.00554198	3.59655e-05	 0.00748725	   
0.856651	0.143349	286.835	2.24142e-18	 0.00428623	0.00560157	3.53109e-05	 0.00759764	   
0.855272	0.144728	289.594	2.62109e-18	 0.00422529	0.00565901	3.4798e-05	 0.00768695	   
0.853888	0.146112	292.363	2.67741e-18	 0.00413976	0.00571563	3.51412e-05	 0.00774573	   
0.852499	0.147501	295.143	2.51813e-18	 0.00402893	0.00577311	3.63817e-05	 0.00777199	   
0.851104	0.148896	297.935	3.06508e-18	 0.00390698	0.00583411	3.7492e-05	 0.00778386	   
0.849704	0.150296	300.736	2.74119e-18	 0.00379559	0.00589841	3.78334e-05	 0.00781253	   
0.848298	0.151702	303.549	2.92083e-18	 0.00371202	0.00596301	3.80079e-05	 0.00786841	   
0.846887	0.153113	306.372	2.9648e-18	 0.00366367	0.00602647	3.84713e-05	 0.00793123	   
0.845471	0.154529	309.206	2.89085e-18	 0.00364618	0.00609034	3.88623e-05	 0.00797672	   
0.844049	0.155951	312.05	2.61918e-18	 0.00364237	0.00615612	3.88303e-05	 0.00799487	   
0.842623	0.157377	314.905	2.77921e-18	 0.00363429	0.00622261	3.86828e-05	 0.00799312	   
0.841191	0.158809	317.771	2.8665e-18	 0.00361434	0.00628647	3.88604e-05	 0.00798736	   
0.839753	0.160247	320.646	3.62784e-18	 0.00358008	0.00634554	3.9353e-05	 0.00799016	   
0.838311	0.161689	323.533	3.19864e-18	 0.00352919	0.00640053	3.99842e-05	 0.00800706	   
0.836863	0.163137	326.429	2.68064e-18	 0.00346964	0.0064545	4.10597e-05	 0.00803145	   
0.835411	0.164589	329.336	3.21527e-18	 0.0034223	0.00651163	4.2325e-05	 0.00804966	   
0.833953	0.166047	332.253	2.95076e-18	 0.00339843	0.00657325	4.27911e-05	 0.00806046	   
0.83249	0.16751	335.18	3.01953e-18	 0.00339031	0.00663511	4.2494e-05	 0.00807887	   
0.831022	0.168978	338.118	2.90361e-18	 0.00338592	0.00669049	4.21531e-05	 0.00811701	   
0.829549	0.170451	341.065	2.64271e-18	 0.00337862	0.00673558	4.19086e-05	 0.00817222	   
0.828071	0.171929	344.023	3.13184e-18	 0.00336956	0.00676953	4.17292e-05	 0.00823569	   
0.826588	0.173412	346.991	3.16123e-18	 0.00335998	0.00679267	4.17141e-05	 0.00829615	   
0.825099	0.174901	349.968	3.1182e-18	 0.00334528	0.00680849	4.16855e-05	 0.00833876	   
0.823606	0.176394	352.956	2.52638e-18	 0.00333242	0.00682337	4.18379e-05	 0.00835895	   
0.822108	0.177892	355.953	2.55197e-18	 0.00334122	0.00684367	4.26208e-05	 0.00837332	   
0.820605	0.179395	358.96	2.99819e-18	 0.00338477	0.00687319	4.38891e-05	 0.00840375	   
0.819098	0.180902	361.977	3.20113e-18	 0.00346125	0.00691292	4.5295e-05	 0.00845409	   
0.817585	0.182415	365.004	2.99504e-18	 0.0035483	0.00696206	4.6536e-05	 0.00850761	   
0.816067	0.183933	368.041	3.0352e-18	 0.00362553	0.00701765	4.75559e-05	 0.00854804	   
0.814545	0.185455	371.087	2.93477e-18	 0.00369821	0.00707715	4.83759e-05	 0.00856831	   
0.813018	0.186982	374.143	3.4831e-18	 0.00377526	0.00714017	4.88961e-05	 0.00856247	   
0.811486	0.188514	377.208	3.15156e-18	 0.00384828	0.00720648	4.96199e-05	 0.00852416	   
0.809949	0.190051	380.283	2.92913e-18	 0.00390568	0.00727535	5.09062e-05	 0.00845709	   
0.808408	0.191592	383.368	2.72104e-18	 0.0039537	0.00734639	5.23352e-05	 0.00837894	   
0.806862	0.193138	386.461	3.20775e-18	 0.00401271	0.00742085	5.33561e-05	 0.00830957	   
0.805311	0.194689	389.564	3.25135e-18	 0.00408295	0.00750135	5.37643e-05	 0.00826144	   
0.803755	0.196245	392.677	3.76854e-18	 0.00414028	0.00758911	5.34377e-05	 0.00823817	   
0.802195	0.197805	395.798	3.21894e-18	 0.00417286	0.00768073	5.25952e-05	 0.00823827	   
0.800631	0.199369	398.929	3.45007e-18	 0.00419262	0.00776906	5.19427e-05	 0.00825856	   
0.799061	0.200939	402.069	3.41523e-18	 0.00422234	0.00784883	5.20384e-05	 0.00829518	   
0.797487	0.202513	405.219	3.15421e-18	 0.00424789	0.00791923	5.26589e-05	 0.00833446	   
0.795909	0.204091	408.377	3.53946e-18	 0.00424667	0.00798368	5.34331e-05	 0.0083511	   
0.794326	0.205674	411.544	3.24132e-18	 0.00423008	0.00804762	5.42173e-05	 0.00832978	   
0.792739	0.207261	414.721	3.17167e-18	 0.00423064	0.00811545	5.48899e-05	 0.00827974	   
0.791147	0.208853	417.906	3.35667e-18	 0.00427271	0.00818949	5.52925e-05	 0.00822058	   
0.789551	0.210449	421.1	3.43231e-18	 0.00434012	0.00826929	5.51083e-05	 0.0081724	   
0.78795	0.21205	424.303	3.42554e-18	 0.00438481	0.00835154	5.42953e-05	 0.00815424	   
0.786345	0.213655	427.515	3.43628e-18	 0.00439108	0.00843263	5.38831e-05	 0.00817572	   
0.784735	0.215265	430.735	3.71841e-18	 0.00439198	0.00851234	5.3982e-05	 0.008231	   
0.783121	0.216879	433.964	4.07834e-18	 0.00441969	0.00859406	5.40055e-05	 0.00829058	   
0.781503	0.218497	437.202	3.85239e-18	 0.00447811	0.00868056	5.39984e-05	 0.00831562	   
0.779881	0.220119	440.449	3.24798e-18	 0.00454538	0.00877336	5.40812e-05	 0.00829189	   
0.778254	0.221746	443.704	3.2907e-18	 0.00460392	0.00887302	5.43337e-05	 0.00824148	   
0.776623	0.223377	446.967	4.13687e-18	 0.00465158	0.00897673	5.43854e-05	 0.00820482	   
0.774988	0.225012	450.239	3.42079e-18	 0.00470324	0.00908023	5.44362e-05	 0.00822319	   
0.773349	0.226651	453.519	3.49001e-18	 0.00477768	0.00918409	5.49036e-05	 0.00831759	   
0.771705	0.228295	456.808	3.79213e-18	 0.0048623	0.00929288	5.577e-05	 0.00845489	   
0.770058	0.229942	460.105	3.71509e-18	 0.00494948	0.00941141	5.67115e-05	 0.00856461	   
0.768406	0.231594	463.41	3.99828e-18	 0.00505553	0.00954235	5.67681e-05	 0.00861463	   
0.76675	0.23325	466.723	4.22685e-18	 0.00518935	0.00968055	5.54493e-05	 0.0086271	   
0.76509	0.23491	470.045	3.99567e-18	 0.00532727	0.00981737	5.42264e-05	 0.0086405	   
0.763426	0.236574	473.374	3.86784e-18	 0.00545308	0.00995325	5.41041e-05	 0.00867871	   
0.761758	0.238242	476.711	4.30046e-18	 0.00558217	0.0100939	5.43374e-05	 0.00873669	   
0.760086	0.239914	480.057	3.19885e-18	 0.00574521	0.0102416	5.43543e-05	 0.0087984	   
0.75841	0.24159	483.41	4.02733e-18	 0.00593174	0.0103954	5.41133e-05	 0.00884967	   
0.75673	0.24327	486.772	4.74669e-18	 0.00608726	0.0105499	5.36724e-05	 0.00888541	   
0.755046	0.244954	490.141	3.6949e-18	 0.00619161	0.0106968	5.31265e-05	 0.00891216	   
0.753359	0.246641	493.518	3.54808e-18	 0.0062713	0.0108323	5.22601e-05	 0.00892959	   
0.751667	0.248333	496.903	3.48877e-18	 0.00635577	0.0109575	5.12351e-05	 0.00892091	   
0.749972	0.250028	500.295	3.05302e-18	 0.00645134	0.011077	5.08957e-05	 0.00887493	   
0.748273	0.251727	503.695	4.15276e-18	 0.00654567	0.0111996	5.1296e-05	 0.0088105	   
0.74657	0.25343	507.103	3.83728e-18	 0.0066283	0.0113361	5.19627e-05	 0.00875289	   
0.744863	0.255137	510.518	4.14091e-18	 0.00670874	0.0114932	5.25172e-05	 0.00870616	   
0.743153	0.256847	513.94	3.43335e-18	 0.00681351	0.011669	5.2524e-05	 0.00866953	   
0.741439	0.258561	517.37	4.32995e-18	 0.00692875	0.0118548	5.15408e-05	 0.008643	   
0.739721	0.260279	520.807	4.0345e-18	 0.00700724	0.0120361	5.05612e-05	 0.00861966	   
0.737999	0.262001	524.252	4.11726e-18	 0.00704228	0.0122023	5.08594e-05	 0.00859282	   
0.736274	0.263726	527.704	4.26453e-18	 0.00706864	0.0123529	5.23058e-05	 0.00856051	   
0.734545	0.265455	531.163	4.35701e-18	 0.00710871	0.0124938	5.46271e-05	 0.00852348	   
0.732813	0.267187	534.629	4.17953e-18	 0.00715958	0.0126332	5.6886e-05	 0.00848785	   
0.731077	0.268923	538.102	3.90243e-18	 0.00723782	0.0127765	5.80912e-05	 0.00846656	   
0.729338	0.270662	541.583	3.58566e-18	 0.00735738	0.012922	5.87198e-05	 0.00847361	   
0.727595	0.272405	545.07	4.2828e-18	 0.00750975	0.0130701	5.95635e-05	 0.00851602	   
0.725849	0.274151	548.564	4.3378e-18	 0.00767846	0.0132294	6.07841e-05	 0.00858515	   
0.724099	0.275901	552.065	4.12533e-18	 0.00785113	0.0134105	6.23446e-05	 0.00866136	   
0.722346	0.277654	555.573	4.50891e-18	 0.00800241	0.0136191	6.38148e-05	 0.00872692	   
0.720589	0.279411	559.088	4.10328e-18	 0.00808965	0.0138561	6.44335e-05	 0.00877464	   
0.71883	0.28117	562.61	4.99785e-18	 0.00813072	0.0141176	6.40844e-05	 0.00881509	   
0.717066	0.282934	566.138	4.3581e-18	 0.00819269	0.0143938	6.3953e-05	 0.00886624	   
0.7153	0.2847	569.672	3.70188e-18	 0.00832077	0.0146763	6.46083e-05	 0.008933	   
0.71353	0.28647	573.214	3.82927e-18	 0.00850517	0.0149611	6.56077e-05	 0.0090043	   
0.711757	0.288243	576.762	4.38912e-18	 0.00869952	0.0152458	6.56601e-05	 0.0090691	   
0.709981	0.290019	580.316	4.7638e-18	 0.00887803	0.0155302	6.55151e-05	 0.00912059	   
0.708201	0.291799	583.877	4.64311e-18	 0.00906872	0.0158151	6.59231e-05	 0.00914799	   
0.706418	0.293582	587.444	4.15137e-18	 0.00929553	0.0161017	6.60261e-05	 0.00915538	   
0.704633	0.295367	591.017	4.07726e-18	 0.00953301	0.0163927	6.55005e-05	 0.0091728	   
0.702844	0.297156	594.597	3.86986e-18	 0.00972235	0.0166958	6.4684e-05	 0.00922823	   
0.701052	0.298948	598.182	4.89453e-18	 0.00985861	0.0170212	6.41315e-05	 0.00932514	   
0.699257	0.300743	601.774	4.50797e-18	 0.00996939	0.0173751	6.32838e-05	 0.00943406	   
0.697458	0.302542	605.372	4.02324e-18	 0.0100811	0.0177555	6.20319e-05	 0.00950988	   
0.695657	0.304343	608.976	5.12151e-18	 0.0102282	0.0181541	6.14317e-05	 0.00953235	   
0.693853	0.306147	612.586	4.08628e-18	 0.0104068	0.0185613	6.14792e-05	 0.00952149	   
0.692046	0.307954	616.202	4.5309e-18	 0.0105962	0.0189652	6.15337e-05	 0.00950374	   
0.690236	0.309764	619.824	4.91728e-18	 0.0107926	0.0193527	6.15781e-05	 0.00949392	   
0.688423	0.311577	623.451	4.77906e-18	 0.0109975	0.0197188	6.19185e-05	 0.00950473	   
0.686608	0.313392	627.085	4.94771e-18	 0.0111635	0.0200742	6.33885e-05	 0.00953841	   
0.684789	0.315211	630.723	4.24773e-18	 0.0112794	0.0204469	6.57662e-05	 0.00958332	   
0.682967	0.317033	634.368	5.93576e-18	 0.0114229	0.0208599	6.65048e-05	 0.00963492	   
0.681143	0.318857	638.018	5.7296e-18	 0.0115975	0.0213126	6.49922e-05	 0.00970488	   
0.679316	0.320684	641.674	4.70163e-18	 0.011744	0.0217854	6.38e-05	 0.00979909	   
0.677487	0.322513	645.335	4.74485e-18	 0.0118582	0.0222536	6.39703e-05	 0.00990303	   
0.675654	0.324346	649.002	5.17441e-18	 0.0119862	0.0226991	6.49875e-05	 0.00999871	   
0.673819	0.326181	652.673	5.01855e-18	 0.0121527	0.0231188	6.61769e-05	 0.0100784	   
0.671981	0.328019	656.351	4.59514e-18	 0.0122939	0.0235267	6.79327e-05	 0.0101412	   
0.670141	0.329859	660.033	5.72084e-18	 0.0123472	0.0239466	6.92412e-05	 0.0101981	   
0.668298	0.331702	663.721	4.10871e-18	 0.012369	0.0243893	6.94207e-05	 0.0102636	   
0.666453	0.333547	667.414	4.39063e-18	 0.0124206	0.0248489	6.93095e-05	 0.010331	   
0.664605	0.335395	671.111	4.73654e-18	 0.0124628	0.0253181	6.91848e-05	 0.0103829	   
0.662754	0.337246	674.814	4.30275e-18	 0.0124394	0.0257941	6.93367e-05	 0.0104315	   
0.660901	0.339099	678.522	5.59981e-18	 0.0123662	0.0262752	7.00055e-05	 0.010513	   
0.659045	0.340955	682.235	4.42968e-18	 0.0123379	0.0267589	7.08908e-05	 0.0106422	   
0.657188	0.342812	685.952	5.27147e-18	 0.012392	0.0272486	7.05085e-05	 0.0107922	   
0.655327	0.344673	689.675	4.77215e-18	 0.0123933	0.0277547	6.89185e-05	 0.0109273	   
0.653465	0.346535	693.402	3.93078e-18	 0.0123197	0.0282781	6.7553e-05	 0.0110462	   
0.651599	0.348401	697.134	5.14346e-18	 0.0122245	0.0287957	6.69911e-05	 0.0111673	   
0.649732	0.350268	700.87	4.39481e-18	 0.012115	0.0292753	6.64154e-05	 0.0112923	   
0.647863	0.352137	704.611	4.69563e-18	 0.0120304	0.0297029	6.62946e-05	 0.011418	   
0.645991	0.354009	708.357	4.78796e-18	 0.0120342	0.0300968	6.7158e-05	 0.0115485	   
0.644117	0.355883	712.107	5.13761e-18	 0.0121574	0.0304948	6.85309e-05	 0.0116963	   
0.64224	0.35776	715.861	4.9885e-18	 0.0123653	0.030923	6.9887e-05	 0.0118754	   
0.640362	0.359638	719.62	4.24875e-18	 0.0125586	0.0313764	7.12073e-05	 0.0120683	   
0.638481	0.361519	723.383	4.63638e-18	 0.0127187	0.0318306	7.25414e-05	 0.0122356	   
0.636598	0.363402	727.15	4.36872e-18	 0.0129234	0.0322684	7.32993e-05	 0.012388	   
0.634714	0.365286	730.922	4.60589e-18	 0.013196	0.0326837	7.34036e-05	 0.0125763	   
0.632827	0.367173	734.697	5.01349e-18	 0.0135261	0.0330837	7.29407e-05	 0.0128139	   
0.630938	0.369062	738.477	5.35717e-18	 0.0138663	0.0334905	7.23545e-05	 0.0130698	   
0.629047	0.370953	742.261	5.58122e-18	 0.0141271	0.0339218	7.26296e-05	 0.0132987	   
0.627154	0.372846	746.048	5.11933e-18	 0.014293	0.0343856	7.25359e-05	 0.013455	   
0.625259	0.374741	749.84	5.36396e-18	 0.0144769	0.0348758	7.09342e-05	 0.0135149	   
0.623363	0.376637	753.635	5.85212e-18	 0.0147089	0.035373	6.86243e-05	 0.0135107	   
0.621464	0.378536	757.434	5.54417e-18	 0.0148977	0.035856	6.67697e-05	 0.0135041	   
0.619563	0.380437	761.237	4.57583e-18	 0.0150296	0.0363084	6.62162e-05	 0.0135137	   
0.617661	0.382339	765.043	4.99003e-18	 0.0151393	0.0367277	6.69114e-05	 0.0135259	   
0.615757	0.384243	768.853	5.0277e-18	 0.0152076	0.0371256	6.69884e-05	 0.0135433	   
0.613851	0.386149	772.667	5.47112e-18	 0.0152474	0.0375118	6.66406e-05	 0.0135966	   
0.611943	0.388057	776.484	5.61919e-18	 0.0152862	0.0378935	6.72822e-05	 0.0136976	   
0.610034	0.389966	780.304	5.22216e-18	 0.0153439	0.0382814	6.79364e-05	 0.0138015	   
0.608123	0.391877	784.128	4.76591e-18	 0.0154629	0.038681	6.68224e-05	 0.0138524	   
0.60621	0.39379	787.955	5.61618e-18	 0.0156283	0.0390884	6.50869e-05	 0.0138656	   
0.604296	0.395704	791.786	5.18468e-18	 0.0157529	0.0395046	6.43945e-05	 0.0139022	   
0.60238	0.39762	795.619	5.09153e-18	 0.0157862	0.0399448	6.3973e-05	 0.0139732	   
0.600463	0.399537	799.456	6.01817e-18	 0.0158021	0.0404208	6.34764e-05	 0.0140309	   
0.598544	0.401456	803.296	4.88497e-18	 0.0158771	0.0409357	6.29658e-05	 0.0140442	   
0.596623	0.403377	807.139	5.23489e-18	 0.0159449	0.041486	6.20931e-05	 0.014036	   
0.594701	0.405299	810.985	5.75372e-18	 0.0159907	0.042055	6.01274e-05	 0.0140143	   
0.592778	0.407222	814.833	5.72888e-18	 0.0160947	0.0426143	5.79341e-05	 0.0139246	   
0.590853	0.409147	818.685	5.04482e-18	 0.0162411	0.0431477	5.66679e-05	 0.0137216	   
0.588927	0.411073	822.539	5.47978e-18	 0.0163213	0.043657	5.61867e-05	 0.0134515	   
0.586999	0.413001	826.396	5.43266e-18	 0.0163228	0.0441472	5.57439e-05	 0.0131974	   
0.58507	0.41493	830.256	5.82445e-18	 0.0163151	0.0446282	5.46144e-05	 0.0129985	   
0.58314	0.41686	834.119	5.37224e-18	 0.0163472	0.0451067	5.34186e-05	 0.0128494	   
0.581208	0.418792	837.983	4.59529e-18	 0.0164389	0.045586	5.31118e-05	 0.0127481	   
0.579276	0.420724	841.851	5.1105e-18	 0.0165753	0.0460708	5.36117e-05	 0.0127206	   
0.577341	0.422659	845.721	5.30067e-18	 0.0167126	0.0465701	5.38921e-05	 0.0127776	   
0.575406	0.424594	849.593	4.63494e-18	 0.0167878	0.0470907	5.33221e-05	 0.0128851	   
0.57347	0.42653	853.468	7.22395e-18	 0.016803	0.0476274	5.27578e-05	 0.013002	   
0.571532	0.428468	857.344	6.24715e-18	 0.0168047	0.0481634	5.33866e-05	 0.0130986	   
0.569594	0.430406	861.224	5.0421e-18	 0.0168931	0.0486852	5.40955e-05	 0.0131475	   
0.567654	0.432346	865.105	5.37954e-18	 0.0171316	0.0491871	5.39081e-05	 0.0131273	   
0.565713	0.434287	868.988	5.30615e-18	 0.0174432	0.0496691	5.28331e-05	 0.0130437	   
0.563772	0.436228	872.874	6.31039e-18	 0.017726	0.0501362	5.10308e-05	 0.0129393	   
0.561829	0.438171	876.761	5.29245e-18	 0.0178881	0.0505912	4.92631e-05	 0.0128577	   
0.559885	0.440115	880.65	4.71536e-18	 0.0179131	0.0510278	4.85295e-05	 0.0128236	   
0.557941	0.442059	884.541	5.28959e-18	 0.0179085	0.0514462	4.81613e-05	 0.0128398	   
0.555995	0.444005	888.434	5.27184e-18	 0.0179836	0.0518565	4.78141e-05	 0.0128846	   
0.554049	0.445951	892.329	5.77369e-18	 0.0181223	0.0522653	4.83407e-05	 0.0129429	   
0.552102	0.447898	896.225	5.01498e-18	 0.0182089	0.0526782	4.91431e-05	 0.0130209	   
0.550153	0.449847	900.123	5.4002e-18	 0.01819	0.0530952	4.89676e-05	 0.0131237	   
0.548205	0.451795	904.022	6.37821e-18	 0.0181738	0.0534963	4.78787e-05	 0.0132462	   
0.546255	0.453745	907.923	4.77863e-18	 0.0182354	0.0538492	4.77131e-05	 0.0133697	   
0.544305	0.455695	911.826	5.10487e-18	 0.0182835	0.0541495	4.88604e-05	 0.0134712	   
0.542354	0.457646	915.73	4.61296e-18	 0.0181877	0.0544314	4.93779e-05	 0.0135357	   
0.540402	0.459598	919.635	4.27115e-18	 0.0179339	0.054719	4.90764e-05	 0.0135639	   
0.53845	0.46155	923.541	5.35618e-18	 0.0176689	0.0550048	4.94962e-05	 0.013573	   
0.536497	0.463503	927.449	5.55839e-18	 0.0175319	0.0552811	5.02898e-05	 0.0135788	   
0.534544	0.465456	931.357	4.34791e-18	 0.017569	0.0555498	5.07557e-05	 0.0136064	   
0.53259	0.46741	935.267	5.35182e-18	 0.017713	0.0558069	5.1381e-05	 0.0136817	   
0.530635	0.469365	939.178	5.55526e-18	 0.0178408	0.0560524	5.1478e-05	 0.0138028	   
0.52868	0.47132	943.09	5.29316e-18	 0.0178356	0.0562975	5.12533e-05	 0.0139473	   
0.526725	0.473275	947.003	5.27826e-18	 0.0176477	0.0565424	5.14168e-05	 0.0140936	   
0.524769	0.475231	950.917	4.95798e-18	 0.0173593	0.0567797	5.23073e-05	 0.0142208	   
0.522813	0.477187	954.831	6.24077e-18	 0.0170595	0.0570126	5.37184e-05	 0.0143226	   
0.520856	0.479144	958.746	5.77347e-18	 0.0167923	0.0572545	5.46159e-05	 0.0144068	   
0.518899	0.481101	962.662	5.99044e-18	 0.0165464	0.0575149	5.46994e-05	 0.0144616	   
0.516942	0.483058	966.578	6.07213e-18	 0.0162383	0.0577931	5.4844e-05	 0.0144859	   
0.514984	0.485016	970.496	6.3003e-18	 0.0159175	0.0580833	5.52695e-05	 0.0145207	   
0.513026	0.486974	974.413	5.22994e-18	 0.0156027	0.0583837	5.57739e-05	 0.0145914	   
0.511068	0.488932	978.331	4.88659e-18	 0.0151951	0.0587002	5.58407e-05	 0.0146703	   
0.50911	0.49089	982.249	5.83895e-18	 0.014742	0.0590286	5.54173e-05	 0.0147105	   
0.507151	0.492849	986.168	6.61078e-18	 0.0143093	0.0593518	5.58502e-05	 0.0147093	   
0.505193	0.494807	990.087	5.5693e-18	 0.0139284	0.0596578	5.6648e-05	 0.014693	   
0.503234	0.496766	994.006	6.18419e-18	 0.0136106	0.0599541	5.6239e-05	 0.0146571	   
0.501276	0.498724	997.925	5.28158e-18	 0.0133096	0.0602677	5.53068e-05	 0.0145754	   
0.499317	0.500683	1001.84	6.33457e-18	 0.0130003	0.0606188	5.49734e-05	 0.0144667	   
0.497358	0.502642	1005.76	6.41288e-18	 0.01268	0.0610046	5.53718e-05	 0.0144107	   
0.495399	0.504601	1009.68	6.05084e-18	 0.0123549	0.0614148	5.6394e-05	 0.0144528	   
0.493441	0.506559	1013.6	5.44449e-18	 0.0120112	0.0618381	5.79664e-05	 0.0145685	   
0.491482	0.508518	1017.52	6.08586e-18	 0.0115796	0.0622647	5.9641e-05	 0.0147046	   
0.489523	0.510477	1021.44	4.3208e-18	 0.0110853	0.0626971	6.13865e-05	 0.0148024	   
0.487565	0.512435	1025.36	5.64768e-18	 0.010696	0.0631459	6.28134e-05	 0.014829	   
0.485607	0.514393	1029.28	5.58616e-18	 0.0104773	0.0636116	6.37059e-05	 0.0147855	   
0.483649	0.516351	1033.2	5.92611e-18	 0.0102671	0.0640911	6.5415e-05	 0.0146962	   
0.481691	0.518309	1037.11	5.26729e-18	 0.00994092	0.0646027	6.81336e-05	 0.0145962	   
0.479733	0.520267	1041.03	4.97484e-18	 0.00951239	0.0651787	7.04014e-05	 0.0145255	   
0.477776	0.522224	1044.95	4.93031e-18	 0.00917269	0.0658238	7.07971e-05	 0.0144952	   
0.475819	0.524181	1048.86	6.47048e-18	 0.00894448	0.0665017	7.06708e-05	 0.0144731	   
0.473862	0.526138	1052.78	5.92974e-18	 0.00870737	0.0671693	7.11541e-05	 0.0144513	   
0.471906	0.528094	1056.69	5.38194e-18	 0.00839196	0.0678077	7.17443e-05	 0.014469	   
0.46995	0.53005	1060.61	5.59225e-18	 0.00808007	0.0684151	7.16918e-05	 0.0145867	   
0.467995	0.532005	1064.52	5.46464e-18	 0.00787088	0.0689802	7.1726e-05	 0.0148069	   
0.46604	0.53396	1068.43	7.0816e-18	 0.00774293	0.0694897	7.14535e-05	 0.0150294	   
0.464085	0.535915	1072.34	5.58234e-18	 0.00761489	0.0699396	7.03684e-05	 0.0151605	   
0.462131	0.537869	1076.25	5.48097e-18	 0.00744208	0.0703277	6.96817e-05	 0.0151871	   
0.460178	0.539822	1080.16	6.4489e-18	 0.0072579	0.0706566	6.96664e-05	 0.0151573	   
0.458225	0.541775	1084.07	6.10588e-18	 0.00713586	0.0709411	6.9697e-05	 0.0151146	   
0.456273	0.543727	1087.97	5.26329e-18	 0.00709797	0.0712013	7.02522e-05	 0.0150497	   
0.454321	0.545679	1091.88	4.65797e-18	 0.00706976	0.0714538	7.11801e-05	 0.0149263	   
0.45237	0.54763	1095.78	5.45712e-18	 0.00700692	0.0717087	7.20925e-05	 0.0147378	   
0.45042	0.54958	1099.69	5.88151e-18	 0.00695488	0.0719827	7.31271e-05	 0.0145258	   
0.44847	0.55153	1103.59	5.90017e-18	 0.00692595	0.0722956	7.46964e-05	 0.0143494	   
0.446522	0.553478	1107.49	5.73713e-18	 0.00688591	0.0726509	7.65395e-05	 0.0142277	   
0.444574	0.555427	1111.38	5.23368e-18	 0.00678127	0.0730345	7.77739e-05	 0.0141351	   
0.442626	0.557374	1115.28	5.97385e-18	 0.00662614	0.0734326	7.8467e-05	 0.01405	   
0.44068	0.55932	1119.17	5.39872e-18	 0.00650507	0.0738461	7.93409e-05	 0.0139776	   
0.438735	0.561265	1123.07	4.97636e-18	 0.0064802	0.0742798	8.07195e-05	 0.0139262	   
0.43679	0.56321	1126.96	6.48253e-18	 0.00656801	0.0747372	8.14968e-05	 0.0138861	   
0.434846	0.565154	1130.85	6.6826e-18	 0.006702	0.0752263	8.13914e-05	 0.0138314	   
0.432903	0.567097	1134.73	6.04597e-18	 0.00674839	0.0757479	8.14987e-05	 0.0137393	   
0.430962	0.569038	1138.62	5.43925e-18	 0.00668195	0.0762916	8.16668e-05	 0.0136217	   
0.429021	0.570979	1142.5	5.1158e-18	 0.00663318	0.0768369	8.10826e-05	 0.0135237	   
0.427081	0.572919	1146.38	5.31594e-18	 0.00661298	0.0773657	8.00018e-05	 0.0134784	   
0.425143	0.574857	1150.26	7.22841e-18	 0.00651939	0.0778817	7.88877e-05	 0.013491	   
0.423205	0.576795	1154.14	5.12411e-18	 0.00635991	0.0784049	7.84401e-05	 0.0135527	   
0.421269	0.578731	1158.02	6.08722e-18	 0.00623778	0.0789574	7.80686e-05	 0.0136497	   
0.419334	0.580666	1161.89	6.51657e-18	 0.00623471	0.0795483	7.73139e-05	 0.0137798	   
0.4174	0.5826	1165.76	6.58448e-18	 0.00628182	0.0801632	7.69071e-05	 0.013951	   
0.415467	0.584533	1169.62	6.50048e-18	 0.00630014	0.0807741	7.66464e-05	 0.0141473	   
0.413536	0.586464	1173.49	6.60101e-18	 0.00629286	0.0813628	7.57483e-05	 0.0143312	   
0.411605	0.588395	1177.35	4.63742e-18	 0.00624632	0.0819178	7.44521e-05	 0.0144849	   
0.409676	0.590324	1181.21	6.42173e-18	 0.00615038	0.0824317	7.34433e-05	 0.0146169	   
0.407749	0.592251	1185.07	5.81787e-18	 0.00604013	0.0829167	7.28342e-05	 0.0147511	   
0.405822	0.594178	1188.92	5.72789e-18	 0.00592483	0.0833932	7.22005e-05	 0.014905	   
0.403898	0.596102	1192.77	6.77857e-18	 0.00580289	0.0838719	7.10867e-05	 0.0150572	   
0.401974	0.598026	1196.62	6.20768e-18	 0.00569627	0.0843462	6.97818e-05	 0.0151763	   
0.400052	0.599948	1200.47	6.10219e-18	 0.00561974	0.0847964	6.85453e-05	 0.0152767	   
0.398132	0.601868	1204.31	4.75152e-18	 0.00556092	0.0852071	6.70418e-05	 0.0154148	   
0.396213	0.603787	1208.15	5.31541e-18	 0.00551326	0.0855759	6.50628e-05	 0.0156392	   
0.394295	0.605705	1211.99	5.61332e-18	 0.00551471	0.0859106	6.33008e-05	 0.0159315	   
0.392379	0.607621	1215.82	6.49481e-18	 0.00560204	0.0862277	6.22351e-05	 0.0162208	   
0.390465	0.609535	1219.65	5.86566e-18	 0.00575743	0.0865472	6.18508e-05	 0.0164566	   
0.388553	0.611447	1223.48	6.25852e-18	 0.00591676	0.0868806	6.15115e-05	 0.0166339	   
0.386642	0.613358	1227.3	6.35513e-18	 0.00601746	0.087225	6.04179e-05	 0.0167637	   
0.384732	0.615268	1231.12	5.91865e-18	 0.00605196	0.0875672	5.87928e-05	 0.0168538	   
0.382825	0.617175	1234.94	6.06456e-18	 0.0060744	0.0878903	5.74654e-05	 0.0169215	   
0.380919	0.619081	1238.75	6.72296e-18	 0.0061513	0.0881782	5.6158e-05	 0.0169939	   
0.379015	0.620985	1242.56	6.73368e-18	 0.00628678	0.0884242	5.43038e-05	 0.0170997	   
0.377113	0.622888	1246.37	6.54244e-18	 0.00640648	0.0886389	5.25026e-05	 0.0172625	   
0.375212	0.624788	1250.17	5.17586e-18	 0.00646454	0.0888458	5.10804e-05	 0.0174805	   
0.373314	0.626686	1253.97	5.62064e-18	 0.00649163	0.0890651	5.01103e-05	 0.017729	   
0.371417	0.628583	1257.77	6.28712e-18	 0.00653679	0.0892995	4.97197e-05	 0.0179836	   
0.369522	0.630478	1261.56	5.87209e-18	 0.00660121	0.0895321	4.94966e-05	 0.0182175	   
0.367629	0.632371	1265.35	5.83325e-18	 0.00663174	0.0897402	4.96477e-05	 0.0184026	   
0.365738	0.634262	1269.13	7.11809e-18	 0.00661228	0.0899236	5.01202e-05	 0.0185364	   
0.363849	0.636151	1272.91	6.18511e-18	 0.00660823	0.090107	5.06093e-05	 0.0186571	   
0.361963	0.638037	1276.68	6.55259e-18	 0.00668216	0.0903177	5.1146e-05	 0.0188035	   
0.360078	0.639922	1280.46	6.88e-18	 0.0067992	0.0905741	5.14307e-05	 0.0189708	   
0.358195	0.641805	1284.22	6.49857e-18	 0.00690045	0.0908877	5.09976e-05	 0.0191409	   
0.356315	0.643685	1287.99	6.27353e-18	 0.0070099	0.0912647	5.03059e-05	 0.0193041	   
0.354436	0.645564	1291.74	6.97084e-18	 0.00718883	0.0916937	4.98999e-05	 0.0194275	   
0.35256	0.64744	1295.5	5.30109e-18	 0.00745493	0.0921464	4.97182e-05	 0.0194985	   
0.350686	0.649314	1299.25	6.69687e-18	 0.00774239	0.0925993	4.98984e-05	 0.019563	   
0.348814	0.651186	1302.99	6.17038e-18	 0.00798498	0.0930398	5.01578e-05	 0.019654	   
0.346945	0.653055	1306.73	5.68002e-18	 0.00818501	0.0934595	5.06777e-05	 0.019739	   
0.345077	0.654923	1310.47	5.20861e-18	 0.00837203	0.0938579	5.15685e-05	 0.0197747	   
0.343212	0.656788	1314.2	6.19465e-18	 0.00855687	0.0942448	5.15622e-05	 0.0197677	   
0.34135	0.65865	1317.93	5.51544e-18	 0.00871649	0.0946289	5.06291e-05	 0.0197497	   
0.339489	0.660511	1321.65	6.78925e-18	 0.00880781	0.0950064	4.99451e-05	 0.0197408	   
0.337632	0.662368	1325.37	5.35189e-18	 0.0088394	0.0953636	4.96382e-05	 0.0197446	   
0.335776	0.664224	1329.08	6.5719e-18	 0.00886869	0.0956923	4.89338e-05	 0.0197536	   
0.333923	0.666077	1332.79	6.28083e-18	 0.00891911	0.095992	4.779e-05	 0.0197538	   
0.332073	0.667927	1336.49	6.91956e-18	 0.00897202	0.0962625	4.66408e-05	 0.019733	   
0.330225	0.669775	1340.19	6.44339e-18	 0.00901435	0.0965042	4.53597e-05	 0.0196957	   
0.328379	0.671621	1343.88	7.00833e-18	 0.00905753	0.0967194	4.42008e-05	 0.0196679	   
0.326537	0.673463	1347.57	5.34868e-18	 0.00907022	0.0969135	4.38789e-05	 0.0196742	   
0.324696	0.675304	1351.25	5.87488e-18	 0.00901771	0.0970979	4.4336e-05	 0.0197101	   
0.322859	0.677141	1354.93	5.81578e-18	 0.00893854	0.0972841	4.48131e-05	 0.0197501	   
0.321024	0.678976	1358.6	6.96909e-18	 0.00888119	0.0974791	4.46576e-05	 0.0197787	   
0.319191	0.680809	1362.27	5.4557e-18	 0.00884948	0.0976867	4.40348e-05	 0.0198039	   
0.317362	0.682638	1365.93	6.88068e-18	 0.00883601	0.0979081	4.35517e-05	 0.01984	   
0.315535	0.684465	1369.58	5.86424e-18	 0.00883031	0.0981425	4.35255e-05	 0.0198822	   
0.313711	0.686289	1373.23	6.00286e-18	 0.00885405	0.0983835	4.33895e-05	 0.0199057	   
0.311889	0.688111	1376.88	6.1149e-18	 0.00892741	0.0986172	4.28745e-05	 0.0199056	   
0.310071	0.689929	1380.52	5.74904e-18	 0.00899718	0.0988313	4.20548e-05	 0.0199079	   
0.308255	0.691745	1384.15	5.6748e-18	 0.00899727	0.0990222	4.0982e-05	 0.0199259	   
0.306442	0.693558	1387.78	5.84601e-18	 0.00891733	0.0991863	3.98844e-05	 0.0199427	   
0.304632	0.695368	1391.4	5.84847e-18	 0.0088138	0.0993134	3.88358e-05	 0.0199409	   
0.302826	0.697174	1395.02	5.98154e-18	 0.00880115	0.099399	3.8384e-05	 0.0199105	   
0.301022	0.698978	1398.62	4.85134e-18	 0.0088647	0.0994594	3.82299e-05	 0.0198422	   
0.299221	0.700779	1402.23	5.32636e-18	 0.00887602	0.0995241	3.79053e-05	 0.0197379	   
0.297423	0.702577	1405.83	7.06298e-18	 0.0087949	0.0996117	3.74472e-05	 0.01962	   
0.295628	0.704372	1409.42	6.62605e-18	 0.00865337	0.0997208	3.71224e-05	 0.0195182	   
0.293836	0.706164	1413	5.48344e-18	 0.00849187	0.0998439	3.68924e-05	 0.0194597	   
0.292047	0.707953	1416.58	5.59621e-18	 0.00837481	0.0999801	3.68086e-05	 0.019463	   
0.290261	0.709739	1420.16	6.11736e-18	 0.00834314	0.100134	3.72758e-05	 0.0195138	   
0.288479	0.711521	1423.72	7.1333e-18	 0.00833262	0.100315	3.82119e-05	 0.019568	   
0.286699	0.713301	1427.28	6.87736e-18	 0.00826133	0.100532	3.9181e-05	 0.0195948	   
0.284923	0.715077	1430.84	5.55631e-18	 0.00815576	0.100789	3.99815e-05	 0.019602	   
0.28315	0.71685	1434.38	5.91818e-18	 0.00809911	0.101082	4.06037e-05	 0.0196144	   
0.28138	0.718619	1437.93	5.19917e-18	 0.00811933	0.101407	4.12601e-05	 0.0196391	   
0.279614	0.720386	1441.46	5.6076e-18	 0.00815024	0.101762	4.19627e-05	 0.0196589	   
0.277851	0.722149	1444.99	5.70748e-18	 0.00812377	0.102144	4.23379e-05	 0.0196571	   
0.276091	0.723909	1448.51	7.38741e-18	 0.00804248	0.102545	4.26486e-05	 0.0196237	   
0.274335	0.725665	1452.02	6.62342e-18	 0.00796	0.102956	4.34473e-05	 0.0195393	   
0.272582	0.727418	1455.53	6.15975e-18	 0.00793183	0.103378	4.46196e-05	 0.0193842	   
0.270832	0.729168	1459.03	7.31037e-18	 0.00793675	0.103812	4.60291e-05	 0.0191649	   
0.269086	0.730914	1462.53	6.42283e-18	 0.00791479	0.104255	4.76589e-05	 0.0189177	   
0.267343	0.732657	1466.01	5.77147e-18	 0.00784154	0.104701	4.8962e-05	 0.018685	   
0.265604	0.734396	1469.49	6.17367e-18	 0.00770289	0.105148	4.92489e-05	 0.018492	   
0.263869	0.736131	1472.97	6.52433e-18	 0.00754375	0.105591	4.90628e-05	 0.0183389	   
0.262136	0.737864	1476.43	5.3144e-18	 0.00742041	0.106028	4.91575e-05	 0.0182145	   
0.260408	0.739592	1479.89	6.75293e-18	 0.00733247	0.106458	5.00008e-05	 0.0181148	   
0.258683	0.741317	1483.34	7.08964e-18	 0.00725994	0.106877	5.16135e-05	 0.0180419	   
0.256962	0.743038	1486.79	6.67845e-18	 0.00718716	0.107283	5.31452e-05	 0.0179908	   
0.255244	0.744756	1490.22	6.03067e-18	 0.00711435	0.107667	5.42149e-05	 0.0179465	   
0.25353	0.74647	1493.65	6.48994e-18	 0.0070482	0.108019	5.55017e-05	 0.0178864	   
0.25182	0.74818	1497.08	6.27031e-18	 0.00697242	0.108342	5.72355e-05	 0.0178008	   
0.250113	0.749887	1500.49	6.15757e-18	 0.00685477	0.108654	5.85777e-05	 0.0177159	   
0.248411	0.751589	1503.9	5.82942e-18	 0.00670482	0.108978	5.90548e-05	 0.0176801	   
0.246712	0.753288	1507.3	6.61857e-18	 0.00657971	0.109328	5.92761e-05	 0.0177225	   
0.245016	0.754984	1510.69	5.91986e-18	 0.00648925	0.109703	5.96715e-05	 0.0178198	   
0.243325	0.756675	1514.07	5.17782e-18	 0.00638653	0.110086	6.0118e-05	 0.0179202	   
0.241638	0.758362	1517.45	6.39418e-18	 0.0062399	0.110461	6.0687e-05	 0.0179995	   
0.239954	0.760046	1520.82	6.87898e-18	 0.00606032	0.110818	6.12728e-05	 0.0180715	   
0.238275	0.761726	1524.18	6.1709e-18	 0.00589357	0.111156	6.18832e-05	 0.0181556	   
0.236599	0.763401	1527.53	6.307e-18	 0.00578512	0.111473	6.24619e-05	 0.0182521	   
0.234927	0.765073	1530.88	7.34296e-18	 0.00573275	0.111769	6.27519e-05	 0.0183517	   
0.233259	0.766741	1534.21	6.9395e-18	 0.00570296	0.112048	6.33669e-05	 0.0184623	   
0.231596	0.768404	1537.54	7.32222e-18	 0.00566185	0.112314	6.49298e-05	 0.0186065	   
0.229936	0.770064	1540.86	6.35175e-18	 0.00560073	0.112571	6.69629e-05	 0.0187961	   
0.22828	0.77172	1544.18	7.44598e-18	 0.00555579	0.11282	6.87601e-05	 0.0190222	   
0.226629	0.773371	1547.48	6.72834e-18	 0.00555195	0.113063	7.03295e-05	 0.0192681	   
0.224981	0.775019	1550.78	6.45387e-18	 0.00558148	0.113306	7.1573e-05	 0.0195224	   
0.223338	0.776662	1554.07	6.1426e-18	 0.00561727	0.11355	7.23533e-05	 0.0197735	   
0.221699	0.778301	1557.35	6.35725e-18	 0.00563894	0.113791	7.29538e-05	 0.0200011	   
0.220064	0.779936	1560.62	6.65869e-18	 0.0056549	0.114021	7.40501e-05	 0.020187	   
0.218433	0.781567	1563.88	7.83108e-18	 0.00567233	0.114239	7.56659e-05	 0.0203316	   
0.216807	0.783193	1567.13	6.38258e-18	 0.00568664	0.114452	7.70493e-05	 0.0204512	   
0.215185	0.784815	1570.38	7.12336e-18	 0.00569575	0.114675	7.7745e-05	 0.0205625	   
0.213567	0.786433	1573.62	7.56038e-18	 0.00570005	0.114914	7.79911e-05	 0.0206761	   
0.211953	0.788047	1576.85	6.45552e-18	 0.00570359	0.115163	7.78452e-05	 0.0207988	   
0.210344	0.789656	1580.07	6.89575e-18	 0.00570544	0.11541	7.73405e-05	 0.0209326	   
0.208739	0.791261	1583.28	7.68241e-18	 0.00570266	0.115651	7.71694e-05	 0.0210755	   
0.207139	0.792861	1586.48	6.8044e-18	 0.00570386	0.115887	7.73733e-05	 0.0212203	   
0.205543	0.794457	1589.67	7.0163e-18	 0.00571717	0.116125	7.71952e-05	 0.0213493	   
0.203951	0.796049	1592.86	6.54453e-18	 0.00572694	0.116375	7.68501e-05	 0.0214357	   
0.202364	0.797636	1596.03	6.17391e-18	 0.00570588	0.116641	7.6983e-05	 0.0214615	   
0.200782	0.799218	1599.2	6.65707e-18	 0.00565106	0.116922	7.76462e-05	 0.0214331	   
0.199204	0.800797	1602.36	6.23406e-18	 0.0055832	0.117216	7.79998e-05	 0.0213793	   
0.19763	0.80237	1605.51	7.16294e-18	 0.00552648	0.117513	7.79937e-05	 0.0213351	   
0.196061	0.803939	1608.65	6.15376e-18	 0.0054998	0.117801	7.84781e-05	 0.0213236	   
0.194497	0.805503	1611.78	6.47155e-18	 0.00550797	0.118067	7.94404e-05	 0.0213445	   
0.192937	0.807063	1614.9	5.6386e-18	 0.00553247	0.118298	8.0336e-05	 0.0213812	   
0.191382	0.808618	1618.01	6.28342e-18	 0.00555563	0.11849	8.11746e-05	 0.0214181	   
0.189831	0.810169	1621.11	6.21416e-18	 0.00557674	0.118651	8.20816e-05	 0.0214426	   
0.188285	0.811715	1624.2	6.41308e-18	 0.00559611	0.118798	8.26626e-05	 0.0214395	   
0.186744	0.813256	1627.29	6.52714e-18	 0.00559824	0.118955	8.24687e-05	 0.0213989	   
0.185208	0.814792	1630.36	6.19779e-18	 0.00557369	0.11914	8.17288e-05	 0.0213352	   
0.183676	0.816324	1633.43	5.55775e-18	 0.00555333	0.11936	8.08711e-05	 0.0212867	   
0.18215	0.81785	1636.48	8.74729e-18	 0.00557037	0.119612	7.97991e-05	 0.0212873	   
0.180628	0.819372	1639.53	6.65353e-18	 0.0056144	0.119886	7.82134e-05	 0.0213429	   
0.17911	0.82089	1642.56	5.51773e-18	 0.00565688	0.120176	7.6208e-05	 0.0214366	   
0.177598	0.822402	1645.59	6.52442e-18	 0.00567052	0.120471	7.45007e-05	 0.0215526	   
0.176091	0.823909	1648.61	6.18125e-18	 0.00563823	0.120766	7.3352e-05	 0.021692	   
0.174588	0.825412	1651.61	5.63975e-18	 0.00557228	0.121053	7.20863e-05	 0.0218649	   
0.173091	0.826909	1654.61	7.48052e-18	 0.00550459	0.121329	7.00914e-05	 0.0220703	   
0.171598	0.828402	1657.6	6.38196e-18	 0.00545171	0.121595	6.79059e-05	 0.0222842	   
0.17011	0.82989	1660.57	6.92043e-18	 0.00541499	0.121852	6.63529e-05	 0.0224658	   
0.168627	0.831373	1663.54	6.33259e-18	 0.00539767	0.122101	6.56902e-05	 0.0225779	   
0.16715	0.83285	1666.5	6.88653e-18	 0.00540248	0.122342	6.56229e-05	 0.0226062	   
0.165677	0.834323	1669.44	6.2417e-18	 0.00541818	0.122576	6.54149e-05	 0.0225656	   
0.16421	0.83579	1672.38	7.77085e-18	 0.00541398	0.1228	6.47134e-05	 0.0224899	   
0.162747	0.837253	1675.31	7.38055e-18	 0.00537438	0.123011	6.41337e-05	 0.0224153	   
0.16129	0.838711	1678.22	5.8642e-18	 0.00532509	0.123206	6.42079e-05	 0.0223697	   
0.159837	0.840163	1681.13	6.40093e-18	 0.00529574	0.123379	6.47711e-05	 0.0223701	   
0.15839	0.84161	1684.02	6.54836e-18	 0.00528334	0.123526	6.52891e-05	 0.0224247	   
0.156948	0.843052	1686.91	8.49811e-18	 0.00526089	0.123641	6.55293e-05	 0.0225343	   
0.155511	0.844489	1689.78	6.66528e-18	 0.00521398	0.123715	6.55895e-05	 0.0226913	   
0.15408	0.84592	1692.65	6.76722e-18	 0.00515421	0.123743	6.53031e-05	 0.0228803	   
0.152654	0.847346	1695.5	6.63732e-18	 0.00509902	0.123724	6.4414e-05	 0.023082	   
0.151232	0.848768	1698.35	6.49993e-18	 0.00505375	0.123666	6.29515e-05	 0.0232787	   
0.149817	0.850183	1701.18	6.07345e-18	 0.00501293	0.123583	6.13319e-05	 0.0234566	   
0.148406	0.851594	1704	5.66652e-18	 0.00497262	0.12349	5.9956e-05	 0.0236021	   
0.147001	0.852999	1706.81	7.3518e-18	 0.00492964	0.123398	5.88889e-05	 0.0237003	   
0.145601	0.854399	1709.61	6.06794e-18	 0.00487157	0.123317	5.80991e-05	 0.0237417	   
0.144207	0.855793	1712.4	6.57649e-18	 0.0047828	0.12325	5.76394e-05	 0.0237311	   
0.142818	0.857182	1715.18	6.12146e-18	 0.00466456	0.1232	5.73449e-05	 0.0236892	   
0.141434	0.858565	1717.95	6.72269e-18	 0.00453775	0.123169	5.6692e-05	 0.023645	   
0.140056	0.859944	1720.71	7.0443e-18	 0.00442259	0.123154	5.53546e-05	 0.0236214	   
0.138684	0.861316	1723.46	7.88828e-18	 0.00432581	0.12315	5.37018e-05	 0.023624	   
0.137317	0.862683	1726.19	6.3319e-18	 0.00424405	0.123147	5.22012e-05	 0.0236426	   
0.135955	0.864045	1728.92	6.79665e-18	 0.00417239	0.123136	5.10275e-05	 0.0236619	   
0.134599	0.865401	1731.63	6.35974e-18	 0.00411129	0.123118	5.02728e-05	 0.0236711	   
0.133248	0.866752	1734.33	6.83652e-18	 0.00406622	0.1231	5.00636e-05	 0.0236661	   
0.131903	0.868097	1737.02	6.6996e-18	 0.00403699	0.123093	5.03067e-05	 0.0236469	   
0.130563	0.869436	1739.7	6.12806e-18	 0.00400918	0.123107	5.05461e-05	 0.0236132	   
0.12923	0.87077	1742.37	5.68352e-18	 0.00396882	0.12315	5.04307e-05	 0.0235641	   
0.127902	0.872098	1745.03	6.89269e-18	 0.00391615	0.123219	5.01334e-05	 0.0235015	   
0.126579	0.873421	1747.68	6.25133e-18	 0.00386031	0.123307	4.98777e-05	 0.023432	   
0.125262	0.874738	1750.31	6.41571e-18	 0.00381382	0.123403	4.96271e-05	 0.0233636	   
0.123951	0.876049	1752.94	5.79648e-18	 0.0037846	0.123499	4.93659e-05	 0.0233011	   
0.122645	0.877355	1755.55	5.63673e-18	 0.00376219	0.123588	4.91596e-05	 0.0232423	   
0.121345	0.878655	1758.15	6.9111e-18	 0.00372569	0.123663	4.89683e-05	 0.0231778	   
0.120052	0.879949	1760.74	6.92577e-18	 0.00367044	0.123721	4.8708e-05	 0.0230947	   
0.118763	0.881237	1763.32	5.17691e-18	 0.00360917	0.123758	4.84655e-05	 0.0229817	   
0.117481	0.882519	1765.88	6.36373e-18	 0.00355919	0.123773	4.84174e-05	 0.0228339	   
0.116204	0.883796	1768.44	6.53722e-18	 0.00353626	0.123769	4.84965e-05	 0.0226558	   
0.114933	0.885067	1770.98	6.85789e-18	 0.00354245	0.123755	4.8425e-05	 0.0224583	   
0.113668	0.886332	1773.51	6.43123e-18	 0.00355885	0.123735	4.81248e-05	 0.0222543	   
0.112409	0.887591	1776.03	6.99945e-18	 0.00356211	0.123714	4.78198e-05	 0.0220537	   
0.111156	0.888844	1778.54	6.57179e-18	 0.00354485	0.123687	4.76887e-05	 0.0218625	   
0.109909	0.890091	1781.03	6.8048e-18	 0.0035179	0.123652	4.77266e-05	 0.021683	   
0.108668	0.891332	1783.52	7.77094e-18	 0.00349474	0.123605	4.77981e-05	 0.0215149	   
0.107432	0.892568	1785.99	6.12436e-18	 0.00347632	0.123547	4.76841e-05	 0.0213565	   
0.106203	0.893797	1788.45	5.89202e-18	 0.0034519	0.123473	4.73483e-05	 0.0212048	   
0.104979	0.895021	1790.9	6.08994e-18	 0.0034099	0.12338	4.70006e-05	 0.0210558	   
0.103762	0.896238	1793.33	6.52089e-18	 0.00334767	0.123261	4.67935e-05	 0.0209061	   
0.102551	0.897449	1795.76	7.30764e-18	 0.00327542	0.123113	4.67284e-05	 0.0207543	   
0.101345	0.898655	1798.17	6.80675e-18	 0.0032113	0.122932	4.67696e-05	 0.0206018	   
0.100146	0.899854	1800.57	7.05647e-18	 0.00316885	0.122721	4.68796e-05	 0.0204534	   
0.0989528	0.901047	1802.96	7.64939e-18	 0.00314777	0.122483	4.70797e-05	 0.0203196	   
0.0977658	0.902234	1805.33	6.03703e-18	 0.00313607	0.122227	4.74734e-05	 0.0202148	   
0.0965849	0.903415	1807.69	6.92616e-18	 0.00311762	0.121959	4.80257e-05	 0.020151	   
0.0954101	0.90459	1810.04	7.54605e-18	 0.00307849	0.121688	4.84906e-05	 0.0201303	   
0.0942415	0.905759	1812.38	5.87072e-18	 0.00301496	0.121418	4.86626e-05	 0.0201439	   
0.093079	0.906921	1814.71	6.07344e-18	 0.00293885	0.121154	4.85302e-05	 0.0201763	   
0.0919228	0.908077	1817.02	6.95584e-18	 0.00286633	0.120896	4.82964e-05	 0.0202109	   
0.0907727	0.909227	1819.32	6.11749e-18	 0.00280543	0.12064	4.82729e-05	 0.0202331	   
0.0896289	0.910371	1821.61	7.29577e-18	 0.00275758	0.120384	4.86489e-05	 0.0202309	   
0.0884914	0.911509	1823.89	7.07654e-18	 0.00272222	0.120125	4.93203e-05	 0.0201959	   
0.0873602	0.91264	1826.15	6.10657e-18	 0.00269715	0.119858	4.99808e-05	 0.0201252	   
0.0862352	0.913765	1828.4	6.38686e-18	 0.00267771	0.119582	5.04323e-05	 0.020022	   
0.0851165	0.914883	1830.64	6.69395e-18	 0.00265881	0.119293	5.07138e-05	 0.0198941	   
0.0840042	0.915996	1832.87	6.03231e-18	 0.00263825	0.11899	5.095e-05	 0.0197508	   
0.0828982	0.917102	1835.08	6.01605e-18	 0.00261714	0.118672	5.11917e-05	 0.0195999	   
0.0817986	0.918201	1837.28	6.99862e-18	 0.00259852	0.118341	5.13915e-05	 0.0194471	   
0.0807053	0.919295	1839.47	7.16732e-18	 0.00258555	0.117998	5.15191e-05	 0.0192977	   
0.0796185	0.920382	1841.64	7.75964e-18	 0.00257845	0.117646	5.16658e-05	 0.0191576	   
0.078538	0.921462	1843.8	6.91582e-18	 0.00257287	0.117285	5.19377e-05	 0.0190337	   
0.077464	0.922536	1845.95	7.23284e-18	 0.00256262	0.116917	5.22563e-05	 0.0189319	   
0.0763965	0.923604	1848.09	8.55218e-18	 0.00254367	0.116547	5.24406e-05	 0.0188558	   
0.0753354	0.924665	1850.21	6.81148e-18	 0.00251597	0.116178	5.24192e-05	 0.0188034	   
0.0742808	0.925719	1852.32	6.2377e-18	 0.00248381	0.115816	5.22218e-05	 0.0187678	   
0.0732327	0.926767	1854.42	6.52654e-18	 0.00245516	0.115466	5.19227e-05	 0.0187396	   
0.0721911	0.927809	1856.5	6.8731e-18	 0.00243883	0.115133	5.1645e-05	 0.018711	   
0.071156	0.928844	1858.58	6.56418e-18	 0.00244069	0.114822	5.14776e-05	 0.0186781	   
0.0701275	0.929872	1860.63	5.7653e-18	 0.00246101	0.114536	5.13125e-05	 0.0186406	   
0.0691056	0.930894	1862.68	6.13308e-18	 0.002494	0.114276	5.08837e-05	 0.0185998	   
0.0680902	0.93191	1864.71	5.11683e-18	 0.00253002	0.114039	5.00531e-05	 0.0185562	   
0.0670815	0.932919	1866.73	6.79789e-18	 0.0025603	0.113821	4.89317e-05	 0.0185087	   
0.0660793	0.933921	1868.73	6.68762e-18	 0.00258061	0.113614	4.77442e-05	 0.0184545	   
0.0650838	0.934916	1870.73	6.70969e-18	 0.0025913	0.113411	4.66773e-05	 0.0183905	   
0.0640949	0.935905	1872.7	7.07132e-18	 0.0025953	0.113207	4.57901e-05	 0.0183145	   
0.0631127	0.936887	1874.67	7.10764e-18	 0.00259569	0.112997	4.50207e-05	 0.0182273	   
0.0621372	0.937863	1876.62	6.80085e-18	 0.00259395	0.112779	4.42745e-05	 0.018134	   
0.0611684	0.938832	1878.56	6.67662e-18	 0.00259019	0.112554	4.34864e-05	 0.0180427	   
0.0602063	0.939794	1880.49	6.60107e-18	 0.00258495	0.112325	4.26355e-05	 0.0179629	   
0.0592509	0.940749	1882.4	7.56533e-18	 0.00257992	0.112095	4.17594e-05	 0.0179025	   
0.0583022	0.941698	1884.3	7.05897e-18	 0.00257649	0.111867	4.09482e-05	 0.0178657	   
0.0573603	0.94264	1886.18	6.43408e-18	 0.00257426	0.111644	4.02816e-05	 0.0178524	   
0.0564252	0.943575	1888.05	6.66157e-18	 0.00257159	0.11143	3.97591e-05	 0.0178597	   
0.0554969	0.944503	1889.91	6.60695e-18	 0.00256702	0.111225	3.93178e-05	 0.0178835	   
0.0545754	0.945425	1891.75	6.65798e-18	 0.00255991	0.111029	3.89032e-05	 0.0179195	   
0.0536606	0.946339	1893.58	7.42349e-18	 0.00255079	0.110842	3.8502e-05	 0.0179645	   
0.0527528	0.947247	1895.4	6.78149e-18	 0.00254218	0.11066	3.81338e-05	 0.0180156	   
0.0518518	0.948148	1897.2	6.26862e-18	 0.00253885	0.110481	3.78222e-05	 0.0180706	   
0.0509576	0.949042	1898.99	6.10553e-18	 0.00254552	0.1103	3.7553e-05	 0.0181285	   
0.0500703	0.94993	1900.77	6.48945e-18	 0.00256226	0.110114	3.72583e-05	 0.0181897	   
0.0491899	0.95081	1902.53	5.9831e-18	 0.00258267	0.109921	3.68699e-05	 0.018256	   
0.0483164	0.951684	1904.28	6.70887e-18	 0.00259761	0.109717	3.63806e-05	 0.01833	   
0.0474498	0.95255	1906.01	6.89606e-18	 0.00259971	0.1095	3.58467e-05	 0.0184136	   
0.0465902	0.95341	1907.73	6.47334e-18	 0.00258519	0.109265	3.53553e-05	 0.0185069	   
0.0457375	0.954263	1909.44	5.81992e-18	 0.0025537	0.109009	3.49887e-05	 0.018608	   
0.0448918	0.955108	1911.13	7.27959e-18	 0.00250809	0.10873	3.47891e-05	 0.0187131	   
0.044053	0.955947	1912.81	6.8601e-18	 0.00245377	0.108425	3.47349e-05	 0.0188174	   
0.0432212	0.956779	1914.47	6.43621e-18	 0.00239747	0.108093	3.47529e-05	 0.0189161	   
0.0423965	0.957604	1916.12	7.02653e-18	 0.00234538	0.107737	3.47717e-05	 0.0190048	   
0.0415787	0.958421	1917.76	6.40914e-18	 0.00230154	0.107359	3.47594e-05	 0.0190804	   
0.040768	0.959232	1919.38	6.2858e-18	 0.00226746	0.106966	3.47208e-05	 0.0191407	   
0.0399643	0.960036	1920.99	6.80225e-18	 0.00224286	0.106563	3.4678e-05	 0.0191842	   
0.0391677	0.960832	1922.58	6.49532e-18	 0.00222676	0.106155	3.46544e-05	 0.0192096	   
0.0383781	0.961622	1924.16	6.28837e-18	 0.00221788	0.10575	3.46639e-05	 0.0192156	   
0.0375957	0.962404	1925.73	6.67392e-18	 0.00221431	0.105353	3.47072e-05	 0.0192007	   
0.0368203	0.96318	1927.28	6.96873e-18	 0.00221312	0.104969	3.47727e-05	 0.0191642	   
0.0360521	0.963948	1928.82	7.82146e-18	 0.00221069	0.104602	3.48382e-05	 0.0191061	   
0.0352909	0.964709	1930.34	6.68832e-18	 0.00220381	0.104257	3.48749e-05	 0.0190276	   
0.0345369	0.965463	1931.85	6.39702e-18	 0.00219079	0.103937	3.48602e-05	 0.0189316	   
0.03379	0.96621	1933.34	6.0477e-18	 0.00217188	0.103644	3.47921e-05	 0.0188223	   
0.0330503	0.96695	1934.82	7.32357e-18	 0.00214885	0.10338	3.469e-05	 0.0187052	   
0.0323178	0.967682	1936.29	6.0408e-18	 0.00212407	0.103146	3.45792e-05	 0.0185857	   
0.0315925	0.968408	1937.74	5.87624e-18	 0.00209962	0.10294	3.44706e-05	 0.0184691	   
0.0308743	0.969126	1939.18	6.03894e-18	 0.00207678	0.102765	3.43533e-05	 0.0183597	   
0.0301633	0.969837	1940.6	6.45024e-18	 0.00205589	0.102618	3.42028e-05	 0.0182605	   
0.0294596	0.97054	1942.01	6.45259e-18	 0.0020365	0.102501	3.39951e-05	 0.0181734	   
0.0287631	0.971237	1943.4	6.914e-18	 0.00201763	0.10241	3.37147e-05	 0.0180986	   
0.0280739	0.971926	1944.78	6.44657e-18	 0.00199813	0.102346	3.33576e-05	 0.0180355	   
0.0273919	0.972608	1946.15	6.58102e-18	 0.00197682	0.102305	3.29349e-05	 0.0179824	   
0.0267171	0.973283	1947.5	7.1766e-18	 0.00195273	0.102284	3.24737e-05	 0.0179371	   
0.0260497	0.97395	1948.83	6.70186e-18	 0.00192528	0.102281	3.20085e-05	 0.0178973	   
0.0253895	0.974611	1950.15	7.61386e-18	 0.00189436	0.102292	3.15657e-05	 0.0178608	   
0.0247366	0.975263	1951.46	7.54851e-18	 0.00186032	0.102314	3.11544e-05	 0.017826	   
0.024091	0.975909	1952.75	7.28683e-18	 0.00182378	0.102342	3.07694e-05	 0.0177924	   
0.0234528	0.976547	1954.03	7.11259e-18	 0.00178541	0.102374	3.04022e-05	 0.0177607	   
0.0228219	0.977178	1955.29	6.77952e-18	 0.00174586	0.102406	3.00483e-05	 0.017733	   
0.0221983	0.977802	1956.54	5.61104e-18	 0.00170571	0.102435	2.97078e-05	 0.0177121	   
0.0215821	0.978418	1957.77	7.3471e-18	 0.00166548	0.102458	2.9381e-05	 0.0177018	   
0.0209732	0.979027	1958.99	5.94016e-18	 0.00162564	0.102474	2.90637e-05	 0.0177055	   
0.0203717	0.979628	1960.19	7.20455e-18	 0.00158653	0.10248	2.87455e-05	 0.0177262	   
0.0197776	0.980222	1961.38	7.46793e-18	 0.00154831	0.102476	2.84108e-05	 0.0177652	   
0.0191909	0.980809	1962.56	6.3661e-18	 0.00151084	0.102462	2.80442e-05	 0.0178222	   
0.0186116	0.981388	1963.71	6.00938e-18	 0.00147365	0.102437	2.76349e-05	 0.0178944	   
0.0180397	0.98196	1964.86	6.47923e-18	 0.00143599	0.102402	2.7181e-05	 0.0179769	   
0.0174753	0.982525	1965.99	6.69215e-18	 0.00139703	0.102356	2.66889e-05	 0.0180629	   
0.0169182	0.983082	1967.1	6.89165e-18	 0.00135614	0.102301	2.61714e-05	 0.0181445	   
0.0163686	0.983631	1968.2	6.24348e-18	 0.00131322	0.102236	2.56439e-05	 0.0182143	   
0.0158265	0.984174	1969.29	7.04038e-18	 0.00126877	0.102161	2.51208e-05	 0.0182669	   
0.0152918	0.984708	1970.36	6.87893e-18	 0.00122375	0.102078	2.46125e-05	 0.0183004	   
0.0147646	0.985235	1971.41	7.04538e-18	 0.0011793	0.101987	2.41234e-05	 0.0183172	   
0.0142448	0.985755	1972.45	7.2939e-18	 0.00113643	0.101889	2.36516e-05	 0.0183237	   
0.0137326	0.986267	1973.48	7.48382e-18	 0.00109583	0.101786	2.31899e-05	 0.0183279	   
0.0132278	0.986772	1974.49	7.34019e-18	 0.0010578	0.101678	2.27281e-05	 0.0183371	   
0.0127306	0.987269	1975.48	6.36776e-18	 0.00102228	0.101567	2.2256e-05	 0.0183543	   
0.0122409	0.987759	1976.46	6.94841e-18	 0.000988933	0.101455	2.17665e-05	 0.0183771	   
0.0117587	0.988241	1977.43	7.51391e-18	 0.000957259	0.101345	2.1256e-05	 0.0183978	   
0.011284	0.988716	1978.38	6.73874e-18	 0.000926699	0.101237	2.0724e-05	 0.018406	   
0.0108168	0.989183	1979.31	6.51505e-18	 0.000896721	0.101134	2.01708e-05	 0.0183936	   
0.0103573	0.989643	1980.23	6.17423e-18	 0.000866881	0.101037	1.95969e-05	 0.0183593	   
0.00990522	0.990095	1981.14	6.62666e-18	 0.000836852	0.100948	1.90028e-05	 0.0183105	   
0.00946075	0.990539	1982.03	6.88424e-18	 0.000806433	0.100869	1.83892e-05	 0.018261	   
0.00902385	0.990976	1982.9	6.94896e-18	 0.000775531	0.100801	1.77574e-05	 0.0182255	   
0.00859453	0.991405	1983.76	6.8246e-18	 0.000744143	0.100745	1.71089e-05	 0.0182137	   
0.0081728	0.991827	1984.6	6.80853e-18	 0.000712326	0.100701	1.64456e-05	 0.0182275	   
0.00775866	0.992241	1985.43	6.57072e-18	 0.000680177	0.10067	1.57695e-05	 0.0182624	   
0.00735212	0.992648	1986.24	6.64591e-18	 0.000647815	0.100652	1.5083e-05	 0.0183113	   
0.00695319	0.993047	1987.04	6.71906e-18	 0.00061536	0.100646	1.43884e-05	 0.0183671	   
0.00656188	0.993438	1987.83	5.93119e-18	 0.000582932	0.100652	1.36883e-05	 0.0184241	   
0.00617819	0.993822	1988.59	6.90531e-18	 0.000550638	0.100667	1.29851e-05	 0.0184787	   
0.00580213	0.994198	1989.35	6.14302e-18	 0.000518573	0.100691	1.22811e-05	 0.0185288	   
0.00543371	0.994566	1990.08	6.70308e-18	 0.000486819	0.100721	1.15782e-05	 0.0185736	   
0.00507293	0.994927	1990.8	6.90794e-18	 0.000455444	0.100756	1.08779e-05	 0.0186128	   
0.0047198	0.99528	1991.51	6.46807e-18	 0.000424503	0.100795	1.01816e-05	 0.0186468	   
0.00437432	0.995626	1992.2	5.76456e-18	 0.000394044	0.100835	9.49025e-06	 0.0186758	   
0.00403651	0.995963	1992.88	7.91923e-18	 0.000364104	0.100875	8.80461e-06	 0.0187006	   
0.00370637	0.996294	1993.54	6.92108e-18	 0.000334715	0.100915	8.1255e-06	 0.0187215	   
0.0033839	0.996616	1994.18	5.58551e-18	 0.000305902	0.100953	7.45364e-06	 0.0187391	   
0.00306911	0.996931	1994.81	7.00915e-18	 0.000277687	0.100989	6.78979e-06	 0.0187539	   
0.00276202	0.997238	1995.43	6.359e-18	 0.000250089	0.101022	6.13477e-06	 0.0187662	   
0.00246261	0.997537	1996.03	7.45391e-18	 0.000223121	0.101052	5.48942e-06	 0.0187765	   
0.0021709	0.997829	1996.61	6.10057e-18	 0.000196798	0.101079	4.85462e-06	 0.0187849	   
0.00188689	0.998113	1997.18	8.07126e-18	 0.00017113	0.101102	4.23129e-06	 0.0187918	   
0.00161059	0.998389	1997.73	7.76667e-18	 0.000146126	0.101122	3.62033e-06	 0.0187974	   
0.00134201	0.998658	1998.27	6.62852e-18	 0.000121795	0.101139	3.02261e-06	 0.0188019	   
0.00108114	0.998919	1998.79	6.39414e-18	 9.81436e-05	0.101152	2.43899e-06	 0.0188053	   
0.000828004	0.999172	1999.3	6.93063e-18	 7.51779e-05	0.101162	1.87024e-06	 0.0188079	   
0.000582593	0.999417	1999.79	6.59645e-18	 5.29028e-05	0.10117	1.31711e-06	 0.0188097	   
0.000344915	0.999655	2000.27	7.07061e-18	 3.13229e-05	0.101175	7.80222e-07	 0.0188109	   
0.000114976	0.999885	2000.73	7.34559e-18	 1.04418e-05	0.101177	2.60157e-07	 0.0188114	   
