# Postprocessed results of turbulent pipe flow 
# Velocity fluctuations 
# ------------------------------------------------------------------
# uTau = 0.0241079 
# nu = 1.20482e-05 
# ------------------------------------------------------------------
# r	 1-r	 y+	 urur	 utut	 uzuz	 urut	 uruz	 utuz	 
# ------------------------------------------------------------------
1	0	0	1.99608e-11	 1.12187e-06	4.29792e-06	3.05187e-10	 1.27975e-09	  4.99604e-07	 
0.999955	4.48e-05	0.0896428	1.99608e-11	 1.12187e-06	4.29792e-06	3.05187e-10	 1.27975e-09	  4.99604e-07	 
0.999903	9.74e-05	0.194893	4.267e-10	 5.1497e-06	2.03882e-05	3.18703e-09	 1.3304e-08	  2.37176e-06	 
0.999842	0.0001579	0.315951	2.77692e-09	 1.31415e-05	5.32855e-05	1.38492e-08	 5.79828e-08	  6.36902e-06	 
0.999774	0.0002261	0.452416	1.11216e-08	 2.63807e-05	0.000111548	4.12102e-08	 1.72505e-07	  1.31047e-05	 
0.999698	0.0003022	0.604689	3.3329e-08	 4.619e-05	0.000196552	9.94502e-08	 4.21435e-07	  2.36148e-05	 
0.999614	0.000386	0.772369	8.31833e-08	 7.08955e-05	0.000325625	2.14362e-07	 8.93488e-07	  3.90688e-05	 
0.999522	0.0004777	0.955857	1.82721e-07	 0.000106039	0.000492444	4.10207e-07	 1.69529e-06	  6.12977e-05	 
0.999423	0.0005771	1.15475	3.61679e-07	 0.000147704	0.000725465	7.41238e-07	 3.07577e-06	  9.10281e-05	 
0.999316	0.0006843	1.36925	6.59067e-07	 0.000197999	0.00101253	1.25042e-06	 5.16983e-06	  0.000129823	 
0.999201	0.0007994	1.59956	1.13173e-06	 0.000260156	0.00138312	2.03719e-06	 8.33684e-06	  0.000185596	 
0.999078	0.0009222	1.84528	1.83386e-06	 0.000328307	0.0018235	3.19695e-06	 1.26564e-05	  0.000250349	 
0.998947	0.0010528	2.10661	2.82044e-06	 0.000408144	0.00238287	4.85825e-06	 1.85769e-05	  0.000329196	 
0.998809	0.0011912	2.38354	4.18246e-06	 0.000497346	0.00303813	7.14639e-06	 2.71635e-05	  0.000428172	 
0.998663	0.0013374	2.67608	6.06133e-06	 0.000595688	0.00379431	1.00416e-05	 3.76936e-05	  0.000551341	 
0.998509	0.0014914	2.98423	8.44745e-06	 0.000698165	0.00473058	1.39894e-05	 5.05508e-05	  0.000692913	 
0.998347	0.0016531	3.30778	1.16074e-05	 0.00081188	0.00567129	1.8995e-05	 6.65825e-05	  0.000869354	 
0.998177	0.0018226	3.64694	1.53649e-05	 0.000949487	0.00678222	2.55763e-05	 8.4819e-05	  0.00105539	 
0.998	0.0019999	4.00171	1.96176e-05	 0.00105517	0.00779256	3.29999e-05	 0.000107159	  0.00128041	 
0.997815	0.0021849	4.37189	2.54025e-05	 0.00120114	0.00917355	4.101e-05	 0.000132228	  0.00154541	 
0.997622	0.0023777	4.75767	3.17172e-05	 0.00134646	0.0104419	5.09237e-05	 0.000157835	  0.00182906	 
0.997422	0.0025783	5.15906	3.94613e-05	 0.00149423	0.0116421	6.2533e-05	 0.00018434	  0.00214218	 
0.997213	0.0027866	5.57586	4.75915e-05	 0.00164421	0.0131327	7.65727e-05	 0.000213469	  0.00241511	 
0.996997	0.0030026	6.00807	5.78941e-05	 0.00180666	0.0143784	9.02234e-05	 0.000239427	  0.00279609	 
0.996774	0.0032264	6.45588	6.67912e-05	 0.00201202	0.0156058	0.000105758	 0.000269027	  0.00317708	 
0.996542	0.003458	6.9193	7.9873e-05	 0.00216322	0.0165155	0.000122498	 0.000293625	  0.00358767	 
0.996303	0.0036972	7.39793	9.21092e-05	 0.00229097	0.0177108	0.00013844	 0.000315961	  0.00392255	 
0.996056	0.0039442	7.89217	0.000107747	 0.00246087	0.0187098	0.000155361	 0.00032955	  0.00435649	 
0.995801	0.0041989	8.40181	0.000122011	 0.00267249	0.0197617	0.000173831	 0.000347121	  0.00480871	 
0.995539	0.0044614	8.92706	0.000137636	 0.00286807	0.0203742	0.00019041	 0.000356515	  0.00517561	 
0.995269	0.0047315	9.46752	0.000156737	 0.0030023	0.021117	0.000207198	 0.000358097	  0.00552315	 
0.994991	0.0050094	10.0236	0.000170831	 0.00320255	0.0211279	0.000223934	 0.000360082	  0.00594036	 
0.994705	0.005295	10.5951	0.000192065	 0.00343187	0.021785	0.000239104	 0.000357766	  0.00627934	 
0.994412	0.0055882	11.1817	0.000215721	 0.00360166	0.0218548	0.000251032	 0.000349944	  0.00660515	 
0.994111	0.0058892	11.784	0.000234337	 0.00377863	0.0219706	0.000270915	 0.000344161	  0.00694334	 
0.993802	0.0061979	12.4017	0.00025457	 0.00395368	0.0218541	0.000279375	 0.000336211	  0.00729576	 
0.993486	0.0065142	13.0346	0.000281951	 0.00416856	0.0218338	0.000292991	 0.000328247	  0.00744569	 
0.993162	0.0068382	13.6829	0.000302367	 0.00433119	0.021476	0.000299002	 0.000327186	  0.00778911	 
0.99283	0.0071699	14.3467	0.000329187	 0.00451067	0.0216703	0.000307088	 0.000327705	  0.00790952	 
0.992491	0.0075092	15.0256	0.000351866	 0.00462656	0.0216218	0.000311202	 0.000333829	  0.00815063	 
0.992144	0.0078562	15.7199	0.000374009	 0.00479371	0.0213001	0.000313297	 0.000346689	  0.00823735	 
0.991789	0.0082109	16.4296	0.000400556	 0.00497686	0.0210597	0.000317751	 0.000367155	  0.00841642	 
0.991427	0.0085731	17.1544	0.000430232	 0.00506166	0.0208571	0.000316931	 0.000388726	  0.00866504	 
0.991057	0.0089431	17.8947	0.00045594	 0.0052445	0.0210025	0.000323159	 0.000419348	  0.00884623	 
0.990679	0.0093206	18.6501	0.000477696	 0.00542085	0.0206104	0.000321243	 0.000448374	  0.00891841	 
0.990294	0.0097058	19.4209	0.00051317	 0.00554636	0.0206322	0.000320738	 0.000491919	  0.00892441	 
0.989901	0.0100986	20.2069	0.00054225	 0.00585859	0.0206847	0.000324583	 0.000528135	  0.00898512	 
0.989501	0.010499	21.008	0.000575741	 0.00582032	0.0201766	0.000317268	 0.000571071	  0.00927279	 
0.989093	0.0109071	21.8246	0.000606857	 0.00606913	0.0202286	0.000319285	 0.00059805	  0.00921551	 
0.988677	0.0113227	22.6562	0.000635499	 0.00615444	0.0200629	0.000320448	 0.00064542	  0.00917947	 
0.988254	0.0117459	23.503	0.000661233	 0.00641724	0.0195971	0.000316678	 0.000673704	  0.00932784	 
0.987823	0.0121767	24.365	0.00069271	 0.00641984	0.019717	0.000311253	 0.000711736	  0.00921779	 
0.987385	0.012615	25.2421	0.000725801	 0.00658478	0.0196001	0.000315373	 0.000730564	  0.0093236	 
0.986939	0.0130609	26.1343	0.000746811	 0.00670143	0.0194565	0.000310718	 0.000770857	  0.00928352	 
0.986486	0.0135144	27.0417	0.000792529	 0.00680488	0.0190964	0.000310504	 0.000799352	  0.00912259	 
0.986024	0.0139755	27.9644	0.000814144	 0.00690643	0.0194444	0.00031122	 0.000842265	  0.00915302	 
0.985556	0.014444	28.9018	0.000847952	 0.00698918	0.019016	0.000308136	 0.000863702	  0.00900013	 
0.98508	0.0149201	29.8545	0.000877095	 0.00720508	0.0190816	0.000310209	 0.000892923	  0.00901277	 
0.984596	0.0154038	30.8223	0.000902798	 0.00723727	0.0190931	0.000312874	 0.000923362	  0.00898686	 
0.984105	0.0158949	31.805	0.000949189	 0.00728182	0.0194991	0.000307445	 0.00093774	  0.00902488	 
0.983606	0.0163936	32.8029	0.000969935	 0.00730858	0.0197043	0.000310621	 0.000962181	  0.00888075	 
0.9831	0.0168997	33.8156	0.00100162	 0.00735916	0.0196633	0.000310152	 0.000983046	  0.00886036	 
0.982587	0.0174134	34.8434	0.0010366	 0.00756512	0.0198049	0.000318614	 0.00100778	  0.00881896	 
0.982066	0.0179345	35.8861	0.00105575	 0.00754363	0.019856	0.000313486	 0.0010376	  0.00890936	 
0.981537	0.0184631	36.9438	0.00108694	 0.00784473	0.020249	0.000322865	 0.00104305	  0.00882721	 
0.981001	0.0189992	38.0166	0.00114339	 0.00790897	0.020391	0.000331236	 0.00106418	  0.00879909	 
0.980457	0.0195427	39.1041	0.00118395	 0.00799525	0.0206644	0.000330445	 0.00108893	  0.00876595	 
0.979906	0.0200936	40.2064	0.00123135	 0.0082126	0.0204129	0.000330487	 0.0011072	  0.00879177	 
0.979348	0.020652	41.3237	0.00125745	 0.00837724	0.0207513	0.000334824	 0.00114921	  0.00888978	 
0.978782	0.0212179	42.4561	0.00131887	 0.00852409	0.0211175	0.000340987	 0.00114371	  0.0088833	 
0.978209	0.0217911	43.603	0.00132022	 0.00852467	0.0214912	0.000338481	 0.00117019	  0.00886992	 
0.977628	0.0223717	44.7648	0.00138501	 0.00869378	0.0220134	0.000346061	 0.00117693	  0.00909329	 
0.97704	0.0229598	45.9415	0.00141947	 0.00867884	0.0225957	0.00034722	 0.0011771	  0.00926747	 
0.976445	0.0235552	47.1329	0.00147812	 0.00869631	0.0234054	0.000340824	 0.00118796	  0.00924349	 
0.975842	0.024158	48.3391	0.00151597	 0.00899911	0.023751	0.000348356	 0.00119174	  0.00925021	 
0.975232	0.0247682	49.5601	0.00154353	 0.0089909	0.0243369	0.000351062	 0.00120959	  0.00930252	 
0.974614	0.0253857	50.7957	0.00161966	 0.00909366	0.0251732	0.000353221	 0.0012196	  0.00925379	 
0.973989	0.0260106	52.0461	0.00165118	 0.00918038	0.0252209	0.000355246	 0.00123499	  0.00928527	 
0.973357	0.0266428	53.3111	0.0017072	 0.00927288	0.0254819	0.000356734	 0.00123822	  0.00937148	 
0.972718	0.0272824	54.5909	0.00173345	 0.00937833	0.0263917	0.000365322	 0.00125907	  0.00927418	 
0.972071	0.0279292	55.8851	0.00179021	 0.00962856	0.0265557	0.000373267	 0.00125187	  0.00949237	 
0.971417	0.0285834	57.1941	0.00183876	 0.00958206	0.0273752	0.000375968	 0.00124897	  0.00956672	 
0.970755	0.0292448	58.5175	0.00187977	 0.00952022	0.0275961	0.000381588	 0.00128604	  0.00950391	 
0.970086	0.0299135	59.8556	0.00192728	 0.00966589	0.0282414	0.000388604	 0.00128854	  0.00966567	 
0.96941	0.0305895	61.2082	0.00196785	 0.00967278	0.0287969	0.000390135	 0.0012863	  0.00957369	 
0.968727	0.0312728	62.5755	0.00202929	 0.00974049	0.0293944	0.000403167	 0.00127886	  0.00969721	 
0.968037	0.0319633	63.9571	0.0020874	 0.0096561	0.0301987	0.000402386	 0.00129639	  0.00988189	 
0.967339	0.032661	65.3532	0.00210854	 0.00943307	0.0304195	0.000414751	 0.00131947	  0.00984413	 
0.966634	0.033366	66.7639	0.0021771	 0.00944073	0.0313089	0.000417098	 0.00132987	  0.00992955	 
0.965922	0.0340782	68.189	0.00221787	 0.00932983	0.031675	0.000420144	 0.00131377	  0.00996311	 
0.965202	0.0347975	69.6283	0.00227013	 0.00931414	0.0327217	0.00042127	 0.00133692	  0.00994841	 
0.964476	0.0355241	71.0822	0.00232002	 0.00944486	0.0325485	0.000432866	 0.00135668	  0.00989629	 
0.963742	0.0362578	72.5503	0.00235593	 0.00929547	0.032895	0.000438685	 0.00136464	  0.00999595	 
0.963001	0.0369987	74.0328	0.00235877	 0.00903852	0.033358	0.000444729	 0.0013809	  0.00984247	 
0.962253	0.0377468	75.5297	0.0024555	 0.00910525	0.0339744	0.000456299	 0.00138816	  0.0100602	 
0.961498	0.038502	77.0408	0.00249938	 0.00913676	0.0340126	0.000460084	 0.00142469	  0.0102257	 
0.960736	0.0392643	78.5661	0.00252763	 0.00916165	0.0345934	0.00046811	 0.00142753	  0.0102016	 
0.959966	0.0400337	80.1057	0.00258919	 0.00917877	0.0342221	0.000474481	 0.00141417	  0.0101842	 
0.95919	0.0408102	81.6594	0.00260883	 0.00930078	0.0349172	0.000476858	 0.0014297	  0.0104431	 
0.958406	0.0415939	83.2276	0.00265157	 0.00934528	0.0347075	0.000488203	 0.00146182	  0.0104338	 
0.957615	0.0423846	84.8097	0.00270894	 0.00925144	0.0352028	0.000488343	 0.00145349	  0.010477	 
0.956818	0.0431823	86.4059	0.00275611	 0.00939641	0.0356217	0.000492838	 0.00147512	  0.0105561	 
0.956013	0.0439871	88.0162	0.00279975	 0.00905607	0.0359696	0.000497989	 0.00149812	  0.0104395	 
0.955201	0.044799	89.6408	0.00282171	 0.00911654	0.0357757	0.000502336	 0.00147101	  0.0103117	 
0.954382	0.0456178	91.2792	0.00285677	 0.00919299	0.0358899	0.00051698	 0.00150312	  0.0101482	 
0.953556	0.0464437	92.9318	0.00293546	 0.00933774	0.0362653	0.000521699	 0.00151104	  0.0101965	 
0.952723	0.0472766	94.5984	0.00302234	 0.00935402	0.0368697	0.000529625	 0.00153477	  0.0101353	 
0.951884	0.0481164	96.2788	0.00301458	 0.00944656	0.0368464	0.000536726	 0.00153465	  0.0102804	 
0.951037	0.0489633	97.9734	0.00306148	 0.00944912	0.0370356	0.000552144	 0.00151986	  0.0100893	 
0.950183	0.049817	99.6816	0.00314451	 0.00935714	0.0374954	0.000559804	 0.0015881	  0.0103255	 
0.949322	0.0506777	101.404	0.00318842	 0.00931064	0.0370753	0.000563481	 0.00161137	  0.0103503	 
0.948455	0.0515454	103.14	0.00322147	 0.00915281	0.0368017	0.000576935	 0.00160667	  0.0104109	 
0.94758	0.0524199	104.89	0.00323961	 0.00916045	0.0371988	0.000578318	 0.00160711	  0.0104613	 
0.946699	0.0533014	106.654	0.00329619	 0.00909845	0.0372764	0.000592348	 0.00163706	  0.0105436	 
0.94581	0.0541897	108.431	0.00333735	 0.00919469	0.0368418	0.000598607	 0.00166095	  0.0104233	 
0.944915	0.0550849	110.222	0.00337688	 0.00906905	0.037507	0.000607011	 0.00167262	  0.0103669	 
0.944013	0.055987	112.028	0.00340192	 0.0092431	0.0369121	0.00061649	 0.00168826	  0.0104245	 
0.943104	0.0568959	113.846	0.00346109	 0.00934537	0.0366314	0.000627395	 0.0017034	  0.010392	 
0.942188	0.0578116	115.678	0.0034824	 0.00949396	0.037261	0.000633775	 0.00173343	  0.0105022	 
0.941266	0.0587342	117.525	0.00352856	 0.00953246	0.0366779	0.000646466	 0.00174079	  0.0104907	 
0.940337	0.0596635	119.384	0.00359376	 0.00954489	0.0372051	0.000646997	 0.00174904	  0.0103559	 
0.9394	0.0605996	121.257	0.00359854	 0.00957779	0.0374454	0.00066116	 0.00175019	  0.0106278	 
0.938457	0.0615425	123.144	0.00364867	 0.00946962	0.0370607	0.000670731	 0.00179559	  0.0106434	 
0.937508	0.0624921	125.044	0.00370525	 0.00957646	0.0375463	0.000689506	 0.00182646	  0.0105193	 
0.936551	0.0634485	126.958	0.00374112	 0.00969983	0.0372688	0.000692578	 0.00182151	  0.0107439	 
0.935588	0.0644116	128.885	0.00378703	 0.00972209	0.037564	0.000711891	 0.00184871	  0.0108069	 
0.934619	0.0653814	130.825	0.00384717	 0.00988237	0.0378762	0.00073222	 0.00187928	  0.0108726	 
0.933642	0.0663579	132.779	0.0038453	 0.00984824	0.0381017	0.000738216	 0.0018971	  0.0106732	 
0.932659	0.067341	134.746	0.00391898	 0.00963445	0.0384413	0.000753937	 0.00191058	  0.0107564	 
0.931669	0.0683308	136.727	0.00394481	 0.00977625	0.0380059	0.000747248	 0.00195915	  0.010854	 
0.930673	0.0693273	138.721	0.00392196	 0.00984936	0.0387478	0.000766841	 0.00196488	  0.0108892	 
0.92967	0.0703303	140.728	0.00403661	 0.00983998	0.0390142	0.000781015	 0.0019798	  0.0108084	 
0.92866	0.07134	142.748	0.0040192	 0.00991325	0.0384897	0.000785531	 0.00198427	  0.0106964	 
0.927644	0.0723563	144.782	0.00409314	 0.00962287	0.0389898	0.000807373	 0.00203022	  0.0107442	 
0.926621	0.0733791	146.828	0.00410595	 0.00952358	0.0389175	0.000816375	 0.00205089	  0.0108654	 
0.925592	0.0744085	148.888	0.00410044	 0.00941246	0.0387859	0.000835685	 0.00207713	  0.0108739	 
0.924555	0.0754445	150.961	0.00415239	 0.00939456	0.0387894	0.000847152	 0.00209257	  0.0108375	 
0.923513	0.076487	153.047	0.00416281	 0.00939039	0.0384841	0.000852497	 0.00210179	  0.0109548	 
0.922464	0.0775359	155.146	0.0041874	 0.00938809	0.0391535	0.000865243	 0.00209677	  0.010833	 
0.921409	0.0785914	157.258	0.00415426	 0.00937255	0.038906	0.000871763	 0.00209759	  0.0108674	 
0.920347	0.0796534	159.383	0.00424149	 0.00930527	0.03894	0.000887661	 0.00216064	  0.0107688	 
0.919278	0.0807218	161.521	0.00424197	 0.00923605	0.0389774	0.000888241	 0.00215998	  0.0108382	 
0.918203	0.0817966	163.671	0.00430353	 0.00922151	0.0392625	0.000909965	 0.00218532	  0.0106021	 
0.917122	0.0828779	165.835	0.00428144	 0.0091171	0.0395121	0.000921191	 0.00217442	  0.0104451	 
0.916034	0.0839656	168.011	0.00433824	 0.0090885	0.0392182	0.000943587	 0.00226433	  0.0104899	 
0.91494	0.0850597	170.201	0.00428411	 0.00916777	0.039657	0.000937194	 0.00225119	  0.0105349	 
0.91384	0.0861601	172.403	0.00443272	 0.00923784	0.0403523	0.00096495	 0.00227379	  0.0104069	 
0.912733	0.0872669	174.617	0.00447175	 0.00932452	0.0404388	0.000976328	 0.00230559	  0.0102899	 
0.91162	0.0883801	176.845	0.0044739	 0.00944228	0.0414936	0.000986916	 0.00238514	  0.0103722	 
0.910501	0.0894995	179.085	0.00452396	 0.00977673	0.0413128	0.00100683	 0.00238475	  0.0102614	 
0.909375	0.0906253	181.337	0.00457518	 0.00965297	0.0414478	0.0010268	 0.00239377	  0.010109	 
0.908243	0.0917574	183.602	0.00464802	 0.00982561	0.0411699	0.00101308	 0.00240026	  0.010066	 
0.907104	0.0928957	185.88	0.00468434	 0.00981412	0.0415242	0.0010421	 0.00240317	  0.0100816	 
0.90596	0.0940402	188.17	0.00477051	 0.00975008	0.0416094	0.00104591	 0.00244629	  0.00986495	 
0.904809	0.095191	190.473	0.00476287	 0.00999146	0.0412133	0.00105611	 0.0024238	  0.00996869	 
0.903652	0.096348	192.788	0.0048513	 0.0100214	0.0410528	0.00107383	 0.00241166	  0.0100651	 
0.902489	0.0975112	195.116	0.00490416	 0.0100483	0.0411323	0.0010613	 0.00246248	  0.00985445	 
0.901319	0.0986806	197.456	0.00489429	 0.0101332	0.0418114	0.00107626	 0.00247038	  0.00983281	 
0.900144	0.0998561	199.808	0.00497383	 0.010227	0.0418824	0.00109451	 0.00250882	  0.00977238	 
0.898962	0.101038	202.172	0.00503946	 0.0102252	0.0427542	0.00110209	 0.00253527	  0.00985156	 
0.897774	0.102226	204.549	0.00507804	 0.0102191	0.0426297	0.00110862	 0.00254892	  0.0096942	 
0.896581	0.103419	206.938	0.0051794	 0.0105422	0.0423738	0.00111186	 0.00258525	  0.00973409	 
0.895381	0.104619	209.339	0.0051752	 0.0106833	0.0428076	0.00112389	 0.00255292	  0.00985128	 
0.894175	0.105825	211.752	0.00520358	 0.0108942	0.0427282	0.001133	 0.00256294	  0.0097761	 
0.892962	0.107038	214.177	0.00534037	 0.0110916	0.0436576	0.00114882	 0.00256722	  0.00980493	 
0.891744	0.108256	216.615	0.0053527	 0.0110458	0.0431324	0.00115755	 0.00259948	  0.0100381	 
0.89052	0.10948	219.064	0.00528498	 0.0110784	0.0436154	0.00116609	 0.00262003	  0.0099105	 
0.88929	0.11071	221.525	0.00527843	 0.0112661	0.0429286	0.00115821	 0.00261127	  0.0101129	 
0.888054	0.111946	223.999	0.00538269	 0.0114459	0.0425988	0.00117981	 0.00263856	  0.0101694	 
0.886812	0.113188	226.484	0.00537438	 0.0115023	0.0427648	0.00117179	 0.00263876	  0.0102524	 
0.885564	0.114436	228.981	0.00543594	 0.0117473	0.0431989	0.00119048	 0.0026185	  0.010296	 
0.88431	0.11569	231.49	0.0054531	 0.0116226	0.0441134	0.00119203	 0.00263115	  0.0100672	 
0.883051	0.116949	234.01	0.00552365	 0.0117175	0.0447173	0.0012046	 0.00267573	  0.00975546	 
0.881785	0.118215	236.543	0.00558932	 0.0117776	0.0453986	0.00119103	 0.00273318	  0.00982196	 
0.880514	0.119486	239.087	0.00557185	 0.0119002	0.0467935	0.00119187	 0.00275381	  0.00967868	 
0.879236	0.120764	241.643	0.00565223	 0.0121499	0.0473079	0.00118139	 0.00275722	  0.00963568	 
0.877953	0.122047	244.21	0.00571037	 0.0121677	0.0487602	0.00117847	 0.00282474	  0.00955179	 
0.876664	0.123336	246.789	0.00584108	 0.0123856	0.0493424	0.00117587	 0.00284518	  0.00945874	 
0.87537	0.12463	249.38	0.00589081	 0.0122488	0.0495964	0.00117459	 0.00278196	  0.00932097	 
0.87407	0.12593	251.981	0.00589791	 0.0122166	0.0489292	0.00117996	 0.00280185	  0.00940382	 
0.872763	0.127237	254.595	0.00595944	 0.0121928	0.0492357	0.00116541	 0.00281587	  0.00934856	 
0.871452	0.128548	257.22	0.00607684	 0.0122243	0.0489804	0.00118378	 0.00280179	  0.00922772	 
0.870134	0.129866	259.856	0.0061767	 0.0122235	0.0497066	0.00118128	 0.0027878	  0.00908102	 
0.868811	0.131189	262.504	0.0062078	 0.012468	0.0498528	0.00117772	 0.00284065	  0.00912574	 
0.867482	0.132518	265.162	0.00628917	 0.0124493	0.050414	0.00116437	 0.00283903	  0.00916814	 
0.866148	0.133852	267.833	0.00620396	 0.0127294	0.0509076	0.00118189	 0.00293394	  0.00929619	 
0.864808	0.135192	270.514	0.00619943	 0.0126347	0.0521366	0.00121527	 0.00294048	  0.00937822	 
0.863462	0.136538	273.206	0.00633672	 0.0124346	0.052465	0.00123094	 0.00294103	  0.00925849	 
0.862111	0.137889	275.91	0.0063065	 0.0126227	0.0521734	0.00121412	 0.00294979	  0.00937773	 
0.860754	0.139246	278.625	0.00627695	 0.0125675	0.0528087	0.00124227	 0.00294005	  0.00945157	 
0.859392	0.140608	281.35	0.00643444	 0.0127529	0.0537508	0.00126623	 0.00296889	  0.00947969	 
0.858024	0.141976	284.087	0.0065244	 0.0126664	0.0538658	0.00126705	 0.00300649	  0.0094188	 
0.856651	0.143349	286.835	0.00655161	 0.0129073	0.0552543	0.00126866	 0.00301363	  0.00953967	 
0.855272	0.144728	289.594	0.00673413	 0.0127247	0.0555784	0.0012817	 0.00303236	  0.00974798	 
0.853888	0.146112	292.363	0.00673659	 0.01245	0.0550322	0.00128984	 0.00302768	  0.0097738	 
0.852499	0.147501	295.143	0.00684259	 0.0123533	0.0555763	0.00130314	 0.00303879	  0.00987906	 
0.851104	0.148896	297.935	0.00671713	 0.0124969	0.0562027	0.00130007	 0.00310456	  0.0099489	 
0.849704	0.150296	300.736	0.00679151	 0.0124098	0.0578782	0.00131842	 0.00313098	  0.0100865	 
0.848298	0.151702	303.549	0.00693271	 0.0126607	0.0576863	0.00130358	 0.00318695	  0.0101635	 
0.846887	0.153113	306.372	0.00695593	 0.0125572	0.0592116	0.00130521	 0.00317174	  0.0103079	 
0.845471	0.154529	309.206	0.00699288	 0.0126798	0.0609738	0.00132907	 0.0032411	  0.0104546	 
0.844049	0.155951	312.05	0.0069565	 0.0122075	0.0616967	0.00131201	 0.00328362	  0.0107015	 
0.842623	0.157377	314.905	0.00702926	 0.0123361	0.0630265	0.00131464	 0.00328643	  0.0109633	 
0.841191	0.158809	317.771	0.00706355	 0.0123077	0.0632369	0.00131839	 0.00332668	  0.0109408	 
0.839753	0.160247	320.646	0.00704839	 0.0122492	0.0649673	0.00131972	 0.00334381	  0.011292	 
0.838311	0.161689	323.533	0.00716517	 0.0122918	0.0657647	0.00134383	 0.00337593	  0.0112779	 
0.836863	0.163137	326.429	0.00710301	 0.0121478	0.0645158	0.00133656	 0.00344124	  0.0111982	 
0.835411	0.164589	329.336	0.00716003	 0.012141	0.0655312	0.00135706	 0.00348883	  0.0113815	 
0.833953	0.166047	332.253	0.00715759	 0.0121645	0.0649326	0.00139673	 0.00350841	  0.011286	 
0.83249	0.16751	335.18	0.00719993	 0.012211	0.0649768	0.00138889	 0.00350489	  0.0112935	 
0.831022	0.168978	338.118	0.00728885	 0.0123685	0.0653149	0.00142838	 0.00345299	  0.0113461	 
0.829549	0.170451	341.065	0.00739875	 0.0125039	0.0661156	0.00143369	 0.00343241	  0.0114385	 
0.828071	0.171929	344.023	0.00739184	 0.0126066	0.0643738	0.00143808	 0.00340385	  0.0114084	 
0.826588	0.173412	346.991	0.00752576	 0.0129344	0.0640887	0.00148179	 0.0034738	  0.011722	 
0.825099	0.174901	349.968	0.0074317	 0.0131641	0.0636286	0.00148499	 0.00352515	  0.0118444	 
0.823606	0.176394	352.956	0.00750596	 0.0132189	0.063774	0.00149419	 0.00362285	  0.0118923	 
0.822108	0.177892	355.953	0.00740514	 0.0132847	0.0633008	0.00149955	 0.00365351	  0.012056	 
0.820605	0.179395	358.96	0.00750846	 0.0135349	0.0636729	0.00150287	 0.00373526	  0.0121984	 
0.819098	0.180902	361.977	0.00745482	 0.0139409	0.0638755	0.00150003	 0.00372783	  0.0119825	 
0.817585	0.182415	365.004	0.00758146	 0.0140702	0.0634395	0.00147194	 0.00377458	  0.0121379	 
0.816067	0.183933	368.041	0.00765986	 0.0142254	0.0636045	0.00150776	 0.00380396	  0.012065	 
0.814545	0.185455	371.087	0.00769248	 0.0143825	0.0636017	0.00150852	 0.00376426	  0.0123588	 
0.813018	0.186982	374.143	0.00755601	 0.014491	0.0653811	0.00153959	 0.00382339	  0.0124298	 
0.811486	0.188514	377.208	0.0077077	 0.0142966	0.0651471	0.00155133	 0.00379677	  0.0123885	 
0.809949	0.190051	380.283	0.00753714	 0.0143562	0.0655441	0.0015532	 0.00385425	  0.012754	 
0.808408	0.191592	383.368	0.00756015	 0.0144864	0.0648692	0.00155309	 0.00389751	  0.013059	 
0.806862	0.193138	386.461	0.0075175	 0.0141406	0.0648461	0.0015566	 0.00390105	  0.0133655	 
0.805311	0.194689	389.564	0.00750161	 0.0141354	0.0641781	0.00158334	 0.00402944	  0.0133761	 
0.803755	0.196245	392.677	0.00741294	 0.0142525	0.0654251	0.00159144	 0.00404189	  0.0133432	 
0.802195	0.197805	395.798	0.00731835	 0.0141129	0.0650215	0.00162306	 0.00408624	  0.0130737	 
0.800631	0.199369	398.929	0.00752779	 0.014018	0.0651052	0.00164077	 0.00406476	  0.013196	 
0.799061	0.200939	402.069	0.00752145	 0.014007	0.0650755	0.00168265	 0.00410131	  0.0133848	 
0.797487	0.202513	405.219	0.00762483	 0.0140549	0.0647404	0.00168933	 0.00412114	  0.0131742	 
0.795909	0.204091	408.377	0.00749265	 0.0143138	0.0634846	0.00170034	 0.0041497	  0.0128591	 
0.794326	0.205674	411.544	0.00759625	 0.0146403	0.0628985	0.0017164	 0.00418105	  0.012657	 
0.792739	0.207261	414.721	0.00750284	 0.0147332	0.0627315	0.00176262	 0.0042677	  0.0125559	 
0.791147	0.208853	417.906	0.00738679	 0.0144915	0.0623785	0.00177832	 0.00425109	  0.0124329	 
0.789551	0.210449	421.1	0.0074022	 0.0146412	0.0625856	0.00177915	 0.0042818	  0.0124365	 
0.78795	0.21205	424.303	0.00729168	 0.0146575	0.0639016	0.00179279	 0.00426795	  0.0124257	 
0.786345	0.213655	427.515	0.007261	 0.014704	0.0642188	0.00178026	 0.00438169	  0.0122506	 
0.784735	0.215265	430.735	0.00738532	 0.0145302	0.0636601	0.0017839	 0.0043877	  0.0120416	 
0.783121	0.216879	433.964	0.00726884	 0.0145261	0.0638121	0.00179915	 0.00436113	  0.0117623	 
0.781503	0.218497	437.202	0.00729107	 0.0147714	0.062755	0.00181057	 0.00443476	  0.0118349	 
0.779881	0.220119	440.449	0.00736374	 0.0146264	0.0626122	0.00180554	 0.00436436	  0.0117107	 
0.778254	0.221746	443.704	0.00717967	 0.014706	0.0635118	0.00182795	 0.00442346	  0.0115956	 
0.776623	0.223377	446.967	0.00726775	 0.0147396	0.0649996	0.00183999	 0.00440658	  0.0116546	 
0.774988	0.225012	450.239	0.00728323	 0.0149058	0.0655466	0.00182322	 0.00451904	  0.0113089	 
0.773349	0.226651	453.519	0.00723922	 0.0148227	0.0655801	0.00184886	 0.00445486	  0.0113012	 
0.771705	0.228295	456.808	0.00733955	 0.0147569	0.0655284	0.00182948	 0.00448229	  0.0112063	 
0.770058	0.229942	460.105	0.00747837	 0.0147191	0.064708	0.00184261	 0.00447323	  0.0113043	 
0.768406	0.231594	463.41	0.00759323	 0.0148155	0.0656343	0.00185372	 0.0044553	  0.0113654	 
0.76675	0.23325	466.723	0.00752572	 0.0147242	0.0649027	0.00182245	 0.0045491	  0.0109742	 
0.76509	0.23491	470.045	0.00739444	 0.0151857	0.0667028	0.00179661	 0.00458895	  0.010871	 
0.763426	0.236574	473.374	0.00744488	 0.0153191	0.0665473	0.00177748	 0.00458396	  0.0109149	 
0.761758	0.238242	476.711	0.0074484	 0.0155072	0.0660734	0.00176983	 0.00463671	  0.0110329	 
0.760086	0.239914	480.057	0.00749568	 0.0155602	0.0647112	0.0017376	 0.0047626	  0.0109708	 
0.75841	0.24159	483.41	0.00757292	 0.0155804	0.0641137	0.00171736	 0.00478223	  0.0109729	 
0.75673	0.24327	486.772	0.00751156	 0.0154052	0.0640606	0.00170621	 0.00478604	  0.0112251	 
0.755046	0.244954	490.141	0.00764984	 0.0155895	0.0650427	0.00170835	 0.00484721	  0.0112196	 
0.753359	0.246641	493.518	0.00772238	 0.0152873	0.0648236	0.00170688	 0.00493176	  0.0114646	 
0.751667	0.248333	496.903	0.00763297	 0.015459	0.0647844	0.00172082	 0.00489684	  0.0114392	 
0.749972	0.250028	500.295	0.00762448	 0.0155308	0.0654403	0.00173841	 0.00488486	  0.0114613	 
0.748273	0.251727	503.695	0.00753412	 0.015549	0.0648689	0.00174845	 0.00479589	  0.011565	 
0.74657	0.25343	507.103	0.00743263	 0.0160033	0.0649683	0.0017739	 0.00482046	  0.0116384	 
0.744863	0.255137	510.518	0.00725135	 0.0160498	0.0654406	0.00179671	 0.0049131	  0.0117245	 
0.743153	0.256847	513.94	0.00725212	 0.0159265	0.0664678	0.00183212	 0.00492419	  0.0117464	 
0.741439	0.258561	517.37	0.00712321	 0.015982	0.0663607	0.00185596	 0.00509644	  0.0119834	 
0.739721	0.260279	520.807	0.00704993	 0.0159188	0.0679924	0.00187623	 0.0051253	  0.0119731	 
0.737999	0.262001	524.252	0.00702371	 0.0157957	0.0680054	0.00188047	 0.00514672	  0.01219	 
0.736274	0.263726	527.704	0.00698958	 0.0158579	0.0672754	0.00189915	 0.00519888	  0.0121308	 
0.734545	0.265455	531.163	0.00689048	 0.0156523	0.067979	0.00198455	 0.0052068	  0.0120658	 
0.732813	0.267187	534.629	0.00686479	 0.0158142	0.067363	0.00195526	 0.00535856	  0.0121656	 
0.731077	0.268923	538.102	0.00691448	 0.0156864	0.0678701	0.00196587	 0.00551797	  0.0122267	 
0.729338	0.270662	541.583	0.00692402	 0.0155829	0.0674555	0.00199627	 0.00552777	  0.0121706	 
0.727595	0.272405	545.07	0.0070062	 0.0155754	0.0666393	0.00195125	 0.00568486	  0.0123446	 
0.725849	0.274151	548.564	0.00705986	 0.0155831	0.0680591	0.00191296	 0.00568759	  0.0122777	 
0.724099	0.275901	552.065	0.0070507	 0.015478	0.0686642	0.00193936	 0.00573287	  0.0123406	 
0.722346	0.277654	555.573	0.00698109	 0.0154545	0.0696992	0.0019499	 0.00580906	  0.0120724	 
0.720589	0.279411	559.088	0.00684352	 0.0150221	0.0695815	0.00199823	 0.00586742	  0.011668	 
0.71883	0.28117	562.61	0.00695877	 0.0151568	0.0699637	0.00202756	 0.00588949	  0.0117131	 
0.717066	0.282934	566.138	0.00692477	 0.015079	0.0686346	0.0020344	 0.00607654	  0.0116875	 
0.7153	0.2847	569.672	0.00686912	 0.015086	0.0692603	0.00205272	 0.00599959	  0.0115103	 
0.71353	0.28647	573.214	0.00694356	 0.0152312	0.0690134	0.00207636	 0.00606392	  0.0113666	 
0.711757	0.288243	576.762	0.00703951	 0.0149278	0.0680482	0.00209696	 0.00621138	  0.0111049	 
0.709981	0.290019	580.316	0.00696544	 0.0150608	0.06884	0.00208754	 0.00619713	  0.0109213	 
0.708201	0.291799	583.877	0.0067999	 0.0150877	0.0696192	0.00210989	 0.00614156	  0.010757	 
0.706418	0.293582	587.444	0.00686732	 0.0151386	0.0691304	0.00217231	 0.00622709	  0.0105579	 
0.704633	0.295367	591.017	0.00682309	 0.014992	0.0697546	0.00216069	 0.00614495	  0.0107677	 
0.702844	0.297156	594.597	0.00684896	 0.0150381	0.0688866	0.00219786	 0.00606942	  0.0106152	 
0.701052	0.298948	598.182	0.0069431	 0.0151481	0.0689928	0.00218622	 0.00605686	  0.0104484	 
0.699257	0.300743	601.774	0.00697954	 0.0147528	0.0701063	0.00219151	 0.00609684	  0.0105036	 
0.697458	0.302542	605.372	0.00711695	 0.0148194	0.0697618	0.00215942	 0.00601384	  0.0104706	 
0.695657	0.304343	608.976	0.00708544	 0.0149932	0.0693194	0.0022024	 0.00604917	  0.0104713	 
0.693853	0.306147	612.586	0.00690451	 0.0152217	0.0683922	0.00218308	 0.00587388	  0.0105411	 
0.692046	0.307954	616.202	0.00686935	 0.015192	0.0697044	0.00217306	 0.00586947	  0.0106871	 
0.690236	0.309764	619.824	0.00691972	 0.0151423	0.0703417	0.00216222	 0.00588298	  0.0108325	 
0.688423	0.311577	623.451	0.00681443	 0.0152195	0.0701356	0.00212902	 0.00593732	  0.0108804	 
0.686608	0.313392	627.085	0.00685646	 0.0153978	0.0703675	0.00211317	 0.00596148	  0.010903	 
0.684789	0.315211	630.723	0.00685453	 0.0154661	0.0711725	0.00213016	 0.00602718	  0.0109607	 
0.682967	0.317033	634.368	0.00691096	 0.0154825	0.0707516	0.00211598	 0.00596745	  0.0109075	 
0.681143	0.318857	638.018	0.00690422	 0.0156988	0.0697832	0.00209799	 0.00604178	  0.0109962	 
0.679316	0.320684	641.674	0.00698409	 0.0154988	0.0681145	0.00207192	 0.00608355	  0.0109293	 
0.677487	0.322513	645.335	0.00694799	 0.0155093	0.0675703	0.00202251	 0.00591042	  0.0110745	 
0.675654	0.324346	649.002	0.00705234	 0.0155809	0.0666501	0.00199432	 0.00592871	  0.0110064	 
0.673819	0.326181	652.673	0.00720863	 0.0156406	0.0669938	0.00197611	 0.00587557	  0.0108887	 
0.671981	0.328019	656.351	0.00713313	 0.0159452	0.0663926	0.00194465	 0.00579587	  0.01063	 
0.670141	0.329859	660.033	0.00709682	 0.0163125	0.0657493	0.00194027	 0.00582248	  0.0105402	 
0.668298	0.331702	663.721	0.00716501	 0.0161279	0.0658285	0.00188612	 0.00579843	  0.0103421	 
0.666453	0.333547	667.414	0.00717687	 0.0160785	0.0647643	0.00191801	 0.00589295	  0.0102366	 
0.664605	0.335395	671.111	0.00726249	 0.0164009	0.0633437	0.00190027	 0.00583864	  0.0100199	 
0.662754	0.337246	674.814	0.00734158	 0.0165468	0.0634892	0.00190573	 0.00581016	  0.0101463	 
0.660901	0.339099	678.522	0.00732716	 0.0166919	0.0629363	0.00188947	 0.00578421	  0.0100468	 
0.659045	0.340955	682.235	0.0074721	 0.0169699	0.0619792	0.0018263	 0.00569431	  0.00988611	 
0.657188	0.342812	685.952	0.00761527	 0.0174874	0.0615345	0.0018628	 0.0057178	  0.0100491	 
0.655327	0.344673	689.675	0.00767127	 0.0176643	0.0619181	0.00187735	 0.00567248	  0.0101476	 
0.653465	0.346535	693.402	0.00779997	 0.0179393	0.0626569	0.00186601	 0.00573951	  0.00997466	 
0.651599	0.348401	697.134	0.00799875	 0.0176688	0.0627128	0.00187298	 0.00567335	  0.00987666	 
0.649732	0.350268	700.87	0.00804019	 0.0177971	0.0629071	0.00190067	 0.00576368	  0.00964854	 
0.647863	0.352137	704.611	0.00806604	 0.0171878	0.06356	0.00189649	 0.0056567	  0.00935493	 
0.645991	0.354009	708.357	0.00810575	 0.01715	0.063271	0.00189155	 0.00566749	  0.00943105	 
0.644117	0.355883	712.107	0.00827201	 0.0164359	0.0625446	0.00188559	 0.00562632	  0.00950245	 
0.64224	0.35776	715.861	0.00834741	 0.0162383	0.0616234	0.00191271	 0.00569147	  0.00949815	 
0.640362	0.359638	719.62	0.00846332	 0.0158913	0.061581	0.00187911	 0.00563401	  0.00952906	 
0.638481	0.361519	723.383	0.0086383	 0.0154817	0.0616472	0.00188203	 0.00569243	  0.00943181	 
0.636598	0.363402	727.15	0.00866189	 0.0155509	0.0617884	0.00188233	 0.00560188	  0.00944092	 
0.634714	0.365286	730.922	0.00887067	 0.0158299	0.0621852	0.00186376	 0.00558495	  0.00944146	 
0.632827	0.367173	734.697	0.00892341	 0.0158704	0.0608416	0.00189054	 0.00558383	  0.00935077	 
0.630938	0.369062	738.477	0.00924766	 0.0163434	0.060383	0.00185875	 0.00559612	  0.00934122	 
0.629047	0.370953	742.261	0.00963257	 0.0160561	0.0605139	0.00185318	 0.0056957	  0.0090535	 
0.627154	0.372846	746.048	0.00978978	 0.0163886	0.0603163	0.00186018	 0.00576494	  0.00897863	 
0.625259	0.374741	749.84	0.00976084	 0.0162561	0.0591874	0.00187908	 0.00575463	  0.00893649	 
0.623363	0.376637	753.635	0.00977904	 0.0165656	0.0577906	0.00187437	 0.00575302	  0.00866285	 
0.621464	0.378536	757.434	0.00995079	 0.0168923	0.0574181	0.00187906	 0.00582046	  0.008707	 
0.619563	0.380437	761.237	0.0101783	 0.0169812	0.0571059	0.00185759	 0.00582003	  0.00847932	 
0.617661	0.382339	765.043	0.0102962	 0.0169121	0.0571645	0.00183483	 0.00585685	  0.00820419	 
0.615757	0.384243	768.853	0.0103305	 0.0169432	0.0575982	0.00184503	 0.00583675	  0.00811878	 
0.613851	0.386149	772.667	0.0104657	 0.0167386	0.0563812	0.00184909	 0.0058726	  0.00792006	 
0.611943	0.388057	776.484	0.0105759	 0.0165283	0.0562907	0.00182002	 0.00596715	  0.00779199	 
0.610034	0.389966	780.304	0.0106024	 0.0167317	0.0559382	0.00179371	 0.00598971	  0.00767601	 
0.608123	0.391877	784.128	0.0106942	 0.0166982	0.0557186	0.00177515	 0.00615733	  0.0077487	 
0.60621	0.39379	787.955	0.010674	 0.0172725	0.055177	0.00175473	 0.00612747	  0.00765048	 
0.604296	0.395704	791.786	0.0105838	 0.0169388	0.0558097	0.00175612	 0.00616525	  0.00746458	 
0.60238	0.39762	795.619	0.0107137	 0.0171668	0.0563717	0.00172046	 0.00609182	  0.00748701	 
0.600463	0.399537	799.456	0.0106098	 0.01716	0.0558755	0.00171811	 0.00620872	  0.00730201	 
0.598544	0.401456	803.296	0.0105979	 0.0171394	0.0543808	0.00168426	 0.00617966	  0.00739132	 
0.596623	0.403377	807.139	0.0105276	 0.0172514	0.0539065	0.0016903	 0.0061865	  0.00706462	 
0.594701	0.405299	810.985	0.0103761	 0.0171894	0.0542532	0.0016928	 0.0062245	  0.00701196	 
0.592778	0.407222	814.833	0.0104082	 0.0170648	0.055087	0.00171708	 0.00629657	  0.00696645	 
0.590853	0.409147	818.685	0.0100181	 0.0171699	0.0541975	0.00170115	 0.00635285	  0.00701843	 
0.588927	0.411073	822.539	0.00994846	 0.0169337	0.05391	0.00172319	 0.00632625	  0.00709676	 
0.586999	0.413001	826.396	0.00971912	 0.016864	0.0538878	0.00170811	 0.00623931	  0.00713914	 
0.58507	0.41493	830.256	0.0096439	 0.0167897	0.0538641	0.00171849	 0.00632718	  0.00698042	 
0.58314	0.41686	834.119	0.00950758	 0.0166236	0.0526715	0.00167587	 0.00631193	  0.00704382	 
0.581208	0.418792	837.983	0.00931803	 0.0163125	0.0524066	0.00167768	 0.00627196	  0.00706857	 
0.579276	0.420724	841.851	0.00930092	 0.0158693	0.0525672	0.00166562	 0.00628786	  0.00709956	 
0.577341	0.422659	845.721	0.00922653	 0.0159827	0.0516327	0.00162648	 0.00635694	  0.00722993	 
0.575406	0.424594	849.593	0.00932437	 0.0157867	0.0521392	0.00162879	 0.00636796	  0.00745192	 
0.57347	0.42653	853.468	0.00942407	 0.0158191	0.0511484	0.00163501	 0.00637276	  0.00735319	 
0.571532	0.428468	857.344	0.0094648	 0.0155311	0.0511388	0.00163175	 0.0064035	  0.00747263	 
0.569594	0.430406	861.224	0.00942414	 0.015111	0.05053	0.0016097	 0.00636945	  0.00742547	 
0.567654	0.432346	865.105	0.00946545	 0.0149243	0.0497069	0.00160647	 0.00621332	  0.00740103	 
0.565713	0.434287	868.988	0.00958216	 0.0149736	0.0497309	0.00157281	 0.00628094	  0.00732551	 
0.563772	0.436228	872.874	0.0095275	 0.0152847	0.049527	0.00151832	 0.00624391	  0.00746159	 
0.561829	0.438171	876.761	0.00956367	 0.0152337	0.049872	0.00152021	 0.00625444	  0.00745427	 
0.559885	0.440115	880.65	0.00964394	 0.015232	0.0486755	0.00150832	 0.00607857	  0.00740587	 
0.557941	0.442059	884.541	0.00954504	 0.015334	0.04889	0.00151102	 0.00617431	  0.00742457	 
0.555995	0.444005	888.434	0.00973157	 0.0154203	0.048933	0.00144988	 0.00621217	  0.0073679	 
0.554049	0.445951	892.329	0.00979555	 0.0150905	0.0491699	0.00146842	 0.00618599	  0.00742062	 
0.552102	0.447898	896.225	0.00975709	 0.0151193	0.0482011	0.00147657	 0.00616533	  0.00740276	 
0.550153	0.449847	900.123	0.00977004	 0.0148858	0.0478128	0.00149224	 0.00617293	  0.00752143	 
0.548205	0.451795	904.022	0.0098293	 0.0144854	0.0481692	0.00149944	 0.00615443	  0.00733758	 
0.546255	0.453745	907.923	0.0100566	 0.0144193	0.0476664	0.00149157	 0.00624711	  0.00730384	 
0.544305	0.455695	911.826	0.0100137	 0.0144456	0.0469682	0.00148074	 0.00631047	  0.00724917	 
0.542354	0.457646	915.73	0.0100532	 0.0143464	0.0468219	0.00146101	 0.00623609	  0.00711385	 
0.540402	0.459598	919.635	0.0101249	 0.0143111	0.0470981	0.00146001	 0.00643348	  0.00702036	 
0.53845	0.46155	923.541	0.0100348	 0.0142452	0.0469654	0.00148097	 0.00651182	  0.00700292	 
0.536497	0.463503	927.449	0.00998624	 0.0138895	0.0463356	0.00148206	 0.0064068	  0.00712621	 
0.534544	0.465456	931.357	0.00996262	 0.0137361	0.0464074	0.00149529	 0.00629942	  0.00717119	 
0.53259	0.46741	935.267	0.0100864	 0.0136857	0.0460224	0.00147297	 0.00630692	  0.0071368	 
0.530635	0.469365	939.178	0.0102227	 0.0138405	0.0469858	0.00144808	 0.00623897	  0.00705117	 
0.52868	0.47132	943.09	0.0102909	 0.0138255	0.0475481	0.00140109	 0.00630686	  0.00694406	 
0.526725	0.473275	947.003	0.0104339	 0.0138943	0.0467404	0.00140463	 0.00627851	  0.00693078	 
0.524769	0.475231	950.917	0.0105348	 0.0137458	0.0468009	0.00138436	 0.00625132	  0.00695372	 
0.522813	0.477187	954.831	0.0106496	 0.0140517	0.0459098	0.00140359	 0.00628822	  0.00677033	 
0.520856	0.479144	958.746	0.0106216	 0.0140101	0.0462065	0.00141618	 0.0061974	  0.00649619	 
0.518899	0.481101	962.662	0.0105739	 0.0141294	0.0457243	0.00138131	 0.00617536	  0.00638599	 
0.516942	0.483058	966.578	0.0105468	 0.0139957	0.0450809	0.00136487	 0.00617765	  0.00628624	 
0.514984	0.485016	970.496	0.0106565	 0.0137547	0.0457555	0.0014016	 0.00608066	  0.00626484	 
0.513026	0.486974	974.413	0.010865	 0.0135587	0.0448406	0.00139474	 0.00599422	  0.0063296	 
0.511068	0.488932	978.331	0.0109072	 0.0135808	0.0454725	0.00142339	 0.00605454	  0.00620463	 
0.50911	0.49089	982.249	0.0111953	 0.0134168	0.0458616	0.00143756	 0.0060034	  0.00616841	 
0.507151	0.492849	986.168	0.0112342	 0.013175	0.0469244	0.00144828	 0.00605619	  0.00620098	 
0.505193	0.494807	990.087	0.0113707	 0.0130533	0.0467645	0.00146591	 0.00605647	  0.00627756	 
0.503234	0.496766	994.006	0.0115563	 0.0131021	0.0459914	0.00144815	 0.00609536	  0.00631751	 
0.501276	0.498724	997.925	0.0116349	 0.0130248	0.046007	0.00145508	 0.00608708	  0.00635	 
0.499317	0.500683	1001.84	0.0114908	 0.0132524	0.0460966	0.00145514	 0.00614528	  0.00622675	 
0.497358	0.502642	1005.76	0.0114601	 0.0134374	0.0450229	0.00142361	 0.00610153	  0.00639951	 
0.495399	0.504601	1009.68	0.0114885	 0.0133434	0.0443409	0.00144835	 0.00605573	  0.00639528	 
0.493441	0.506559	1013.6	0.0117351	 0.0134501	0.0450643	0.00145547	 0.0061373	  0.00636698	 
0.491482	0.508518	1017.52	0.011832	 0.0136433	0.0448632	0.0014261	 0.00626661	  0.00643376	 
0.489523	0.510477	1021.44	0.0120103	 0.0136861	0.0442374	0.0014367	 0.00624982	  0.00625235	 
0.487565	0.512435	1025.36	0.0121454	 0.0140632	0.0448077	0.00143539	 0.00631077	  0.00623061	 
0.485607	0.514393	1029.28	0.0121997	 0.0136444	0.0442175	0.00144808	 0.00618739	  0.00645141	 
0.483649	0.516351	1033.2	0.0123343	 0.014159	0.0434814	0.00144466	 0.00614013	  0.00643589	 
0.481691	0.518309	1037.11	0.0122836	 0.0139122	0.0436983	0.00144676	 0.00617174	  0.00650524	 
0.479733	0.520267	1041.03	0.012401	 0.0140504	0.0431196	0.00142652	 0.00607488	  0.00647077	 
0.477776	0.522224	1044.95	0.0124342	 0.0143534	0.0427845	0.00140725	 0.00622438	  0.00652268	 
0.475819	0.524181	1048.86	0.0124544	 0.0145781	0.0428749	0.00141193	 0.00623138	  0.00659023	 
0.473862	0.526138	1052.78	0.0123164	 0.0148439	0.043153	0.00142011	 0.00606531	  0.00654422	 
0.471906	0.528094	1056.69	0.0122515	 0.0148841	0.0439953	0.00142048	 0.00599561	  0.00663051	 
0.46995	0.53005	1060.61	0.0122753	 0.0146895	0.0438852	0.00140999	 0.00605983	  0.0067285	 
0.467995	0.532005	1064.52	0.0124525	 0.0146966	0.0439853	0.00141539	 0.00605806	  0.00692521	 
0.46604	0.53396	1068.43	0.0125635	 0.0148743	0.0435908	0.00141361	 0.00607176	  0.00689848	 
0.464085	0.535915	1072.34	0.0126917	 0.0148594	0.0444167	0.00140957	 0.00607555	  0.00685231	 
0.462131	0.537869	1076.25	0.0127819	 0.0149168	0.0442748	0.00141128	 0.00604471	  0.00695343	 
0.460178	0.539822	1080.16	0.012913	 0.015138	0.0438332	0.00139516	 0.00600033	  0.00696958	 
0.458225	0.541775	1084.07	0.0128779	 0.015421	0.0439013	0.00141722	 0.00607921	  0.00697216	 
0.456273	0.543727	1087.97	0.0127336	 0.0153396	0.0449185	0.00141839	 0.00613134	  0.00675664	 
0.454321	0.545679	1091.88	0.0127884	 0.0154192	0.0442502	0.00141404	 0.00613441	  0.00681895	 
0.45237	0.54763	1095.78	0.0129032	 0.0157857	0.043426	0.00140547	 0.00622583	  0.00672321	 
0.45042	0.54958	1099.69	0.0126498	 0.0157829	0.0438337	0.00143766	 0.00633906	  0.00700718	 
0.44847	0.55153	1103.59	0.0123561	 0.0154273	0.0438331	0.00144873	 0.00626229	  0.00708025	 
0.446522	0.553478	1107.49	0.0124047	 0.0156145	0.0444554	0.001461	 0.00638789	  0.00706228	 
0.444574	0.555427	1111.38	0.0122366	 0.0156996	0.0451517	0.00151165	 0.00638605	  0.00708208	 
0.442626	0.557374	1115.28	0.0121438	 0.0159337	0.0449271	0.0015475	 0.00643406	  0.00713905	 
0.44068	0.55932	1119.17	0.0120109	 0.0164204	0.0457923	0.00159423	 0.00645633	  0.00725667	 
0.438735	0.561265	1123.07	0.0122976	 0.0169194	0.0463986	0.00160162	 0.0064892	  0.00741755	 
0.43679	0.56321	1126.96	0.0121946	 0.0170539	0.0463284	0.00161023	 0.00647378	  0.00725673	 
0.434846	0.565154	1130.85	0.0120201	 0.0172355	0.0468357	0.00163017	 0.00665737	  0.00735487	 
0.432903	0.567097	1134.73	0.0122648	 0.0170868	0.047585	0.00160616	 0.00665072	  0.00750654	 
0.430962	0.569038	1138.62	0.0120336	 0.0167626	0.0472249	0.00163423	 0.00659253	  0.00750214	 
0.429021	0.570979	1142.5	0.0120402	 0.0166722	0.0471874	0.00165023	 0.00656922	  0.00750567	 
0.427081	0.572919	1146.38	0.0120396	 0.0168995	0.0466416	0.00169044	 0.00642955	  0.00758382	 
0.425143	0.574857	1150.26	0.0122713	 0.0174944	0.0472835	0.00168189	 0.00641883	  0.00751879	 
0.423205	0.576795	1154.14	0.0123229	 0.0175478	0.0468872	0.00171873	 0.00635827	  0.0074868	 
0.421269	0.578731	1158.02	0.0126107	 0.0177063	0.048142	0.00172667	 0.00622856	  0.00759513	 
0.419334	0.580666	1161.89	0.0126515	 0.017569	0.0476935	0.00168488	 0.00630264	  0.00772862	 
0.4174	0.5826	1165.76	0.0129794	 0.0174436	0.0482994	0.00164588	 0.00640334	  0.00782246	 
0.415467	0.584533	1169.62	0.0129686	 0.0180637	0.0479089	0.00161491	 0.00633344	  0.00795662	 
0.413536	0.586464	1173.49	0.0132367	 0.0183805	0.0490608	0.00159758	 0.00642306	  0.0078025	 
0.411605	0.588395	1177.35	0.0134124	 0.0182859	0.0495113	0.00155582	 0.00651125	  0.00795057	 
0.409676	0.590324	1181.21	0.0134051	 0.0183844	0.0501794	0.00155834	 0.0066161	  0.00800431	 
0.407749	0.592251	1185.07	0.0135283	 0.018506	0.0505108	0.00153896	 0.00676391	  0.00812743	 
0.405822	0.594178	1188.92	0.0140057	 0.0184935	0.0511922	0.00155231	 0.00685098	  0.00812444	 
0.403898	0.596102	1192.77	0.0140579	 0.0182767	0.0520477	0.00154442	 0.00678496	  0.00811591	 
0.401974	0.598026	1196.62	0.0142974	 0.018108	0.0529925	0.00156639	 0.00687835	  0.00804751	 
0.400052	0.599948	1200.47	0.014435	 0.0180608	0.0529882	0.00155489	 0.0070065	  0.00788917	 
0.398132	0.601868	1204.31	0.0145919	 0.0181295	0.0532417	0.00156357	 0.00687834	  0.00781491	 
0.396213	0.603787	1208.15	0.0147567	 0.0184094	0.0537873	0.00158221	 0.00693724	  0.00784229	 
0.394295	0.605705	1211.99	0.0150231	 0.0184664	0.0541862	0.00159871	 0.00697873	  0.00794562	 
0.392379	0.607621	1215.82	0.0152996	 0.0185253	0.0551219	0.00158091	 0.00680779	  0.00801316	 
0.390465	0.609535	1219.65	0.0153265	 0.0183414	0.0545646	0.00159924	 0.00697218	  0.0080528	 
0.388553	0.611447	1223.48	0.0155425	 0.0181816	0.0551451	0.00163308	 0.00706694	  0.00816941	 
0.386642	0.613358	1227.3	0.0157185	 0.0180232	0.055548	0.00162515	 0.00709559	  0.00827784	 
0.384732	0.615268	1231.12	0.0158177	 0.018135	0.0549578	0.00162541	 0.00701092	  0.00824113	 
0.382825	0.617175	1234.94	0.0158866	 0.0183275	0.0548116	0.00161792	 0.00697775	  0.00823144	 
0.380919	0.619081	1238.75	0.0158648	 0.0186415	0.0559004	0.00161284	 0.00701175	  0.00811263	 
0.379015	0.620985	1242.56	0.0162005	 0.0187614	0.0554947	0.00162113	 0.00694192	  0.00790866	 
0.377113	0.622888	1246.37	0.0160115	 0.0188562	0.055516	0.0016037	 0.0069532	  0.00788778	 
0.375212	0.624788	1250.17	0.0160696	 0.0187332	0.0552871	0.0016076	 0.00689247	  0.00792985	 
0.373314	0.626686	1253.97	0.0163409	 0.0188173	0.0551134	0.00157819	 0.00684234	  0.0081669	 
0.371417	0.628583	1257.77	0.0166747	 0.0189386	0.0551328	0.00157039	 0.00672338	  0.00829586	 
0.369522	0.630478	1261.56	0.0167855	 0.0188985	0.0557045	0.00154868	 0.00663494	  0.00834564	 
0.367629	0.632371	1265.35	0.0166896	 0.0191047	0.0566554	0.00158022	 0.00659096	  0.0084745	 
0.365738	0.634262	1269.13	0.0170713	 0.0196477	0.0566969	0.0015389	 0.0065177	  0.00878421	 
0.363849	0.636151	1272.91	0.0168077	 0.0197573	0.0571277	0.00153062	 0.00643381	  0.00866587	 
0.361963	0.638037	1276.68	0.0171996	 0.0199956	0.0579664	0.00153074	 0.00643625	  0.00879236	 
0.360078	0.639922	1280.46	0.0170542	 0.0200648	0.0570729	0.00151169	 0.00637566	  0.0087529	 
0.358195	0.641805	1284.22	0.0171623	 0.0201722	0.0570219	0.00149745	 0.00641588	  0.00873202	 
0.356315	0.643685	1287.99	0.0174364	 0.020246	0.057536	0.00148571	 0.00644331	  0.00877091	 
0.354436	0.645564	1291.74	0.0172713	 0.02011	0.0573404	0.00146713	 0.00638942	  0.00875758	 
0.35256	0.64744	1295.5	0.0174145	 0.0200385	0.0577007	0.00145077	 0.00652779	  0.00879736	 
0.350686	0.649314	1299.25	0.0173556	 0.019787	0.0576566	0.00143153	 0.00644405	  0.00871431	 
0.348814	0.651186	1302.99	0.0176178	 0.0192925	0.0574049	0.00141678	 0.00648984	  0.00882748	 
0.346945	0.653055	1306.73	0.0177541	 0.0192773	0.0578097	0.00139443	 0.00652871	  0.00875548	 
0.345077	0.654923	1310.47	0.0175503	 0.0195115	0.0581856	0.00139475	 0.00663748	  0.00873248	 
0.343212	0.656788	1314.2	0.0177675	 0.0193663	0.0585192	0.00140568	 0.00664144	  0.00884159	 
0.34135	0.65865	1317.93	0.017821	 0.0191203	0.0592189	0.00139378	 0.00664832	  0.00895902	 
0.339489	0.660511	1321.65	0.0177741	 0.0189644	0.0602447	0.00139288	 0.00668972	  0.0089118	 
0.337632	0.662368	1325.37	0.0178977	 0.0194138	0.06044	0.00139923	 0.00665684	  0.00900454	 
0.335776	0.664224	1329.08	0.017898	 0.0191334	0.0610918	0.00137863	 0.00669718	  0.00901795	 
0.333923	0.666077	1332.79	0.0177047	 0.019263	0.0603278	0.00138384	 0.00662185	  0.00903508	 
0.332073	0.667927	1336.49	0.0179025	 0.0191636	0.0602473	0.00136293	 0.00661195	  0.00896075	 
0.330225	0.669775	1340.19	0.0178541	 0.019184	0.0600817	0.00137768	 0.00659403	  0.00902999	 
0.328379	0.671621	1343.88	0.0177461	 0.0192549	0.0608143	0.00138058	 0.0065349	  0.00899263	 
0.326537	0.673463	1347.57	0.0178468	 0.019102	0.0613243	0.00140477	 0.00651961	  0.00899259	 
0.324696	0.675304	1351.25	0.0176236	 0.0191785	0.0605199	0.00139298	 0.00645011	  0.00916391	 
0.322859	0.677141	1354.93	0.0178429	 0.0189997	0.0595555	0.00140686	 0.00641861	  0.00912657	 
0.321024	0.678976	1358.6	0.0177975	 0.0189861	0.0596423	0.00139587	 0.00642199	  0.00912102	 
0.319191	0.680809	1362.27	0.0176288	 0.0194924	0.0592366	0.00136069	 0.00634503	  0.00926991	 
0.317362	0.682638	1365.93	0.0174908	 0.019906	0.0589866	0.00132342	 0.00627382	  0.00891949	 
0.315535	0.684465	1369.58	0.0178031	 0.0200791	0.0593466	0.00131831	 0.00627457	  0.00904572	 
0.313711	0.686289	1373.23	0.0178808	 0.0203881	0.0589363	0.00131359	 0.00637203	  0.00901862	 
0.311889	0.688111	1376.88	0.0177679	 0.0204227	0.0582593	0.00132331	 0.00647614	  0.00904283	 
0.310071	0.689929	1380.52	0.017602	 0.0206783	0.0583403	0.00130673	 0.00634459	  0.00905128	 
0.308255	0.691745	1384.15	0.0176885	 0.0204681	0.0566461	0.00129277	 0.00625906	  0.00900687	 
0.306442	0.693558	1387.78	0.0176134	 0.0207005	0.0560669	0.0012477	 0.00635897	  0.00916339	 
0.304632	0.695368	1391.4	0.0176765	 0.0206314	0.0566002	0.00122918	 0.00624054	  0.00901703	 
0.302826	0.697174	1395.02	0.0179539	 0.0208181	0.0575385	0.00122197	 0.00619461	  0.00902321	 
0.301022	0.698978	1398.62	0.0178638	 0.020631	0.0563072	0.00124368	 0.00634727	  0.00895893	 
0.299221	0.700779	1402.23	0.0178502	 0.0208607	0.0562181	0.00124173	 0.00620559	  0.00908723	 
0.297423	0.702577	1405.83	0.0182061	 0.0209554	0.0557601	0.00125891	 0.00610766	  0.00916256	 
0.295628	0.704372	1409.42	0.0177336	 0.0211886	0.055633	0.00124479	 0.00618819	  0.00900592	 
0.293836	0.706164	1413	0.0178658	 0.0212694	0.0554108	0.00124685	 0.00608191	  0.00874479	 
0.292047	0.707953	1416.58	0.0179934	 0.0219365	0.0553119	0.00123001	 0.0061277	  0.00878201	 
0.290261	0.709739	1420.16	0.0184828	 0.0212717	0.0555643	0.00124484	 0.00612798	  0.0086698	 
0.288479	0.711521	1423.72	0.0183498	 0.0214502	0.0542457	0.00125366	 0.00609629	  0.00868679	 
0.286699	0.713301	1427.28	0.0188161	 0.0214587	0.0548797	0.00125364	 0.00607796	  0.00887822	 
0.284923	0.715077	1430.84	0.0188688	 0.0211956	0.0550308	0.00123847	 0.00610706	  0.00891856	 
0.28315	0.71685	1434.38	0.0188003	 0.0210458	0.0551735	0.00121919	 0.0061674	  0.00894114	 
0.28138	0.718619	1437.93	0.0188918	 0.0209329	0.0545977	0.00120961	 0.0060029	  0.00888465	 
0.279614	0.720386	1441.46	0.0186131	 0.0210868	0.0542397	0.00119115	 0.00612249	  0.00870313	 
0.277851	0.722149	1444.99	0.0187815	 0.0208121	0.0553448	0.00119542	 0.0061772	  0.00866801	 
0.276091	0.723909	1448.51	0.0191297	 0.0206592	0.0558001	0.00121788	 0.00627009	  0.00862236	 
0.274335	0.725665	1452.02	0.0189729	 0.0207459	0.0554952	0.00119102	 0.00626556	  0.00856098	 
0.272582	0.727418	1455.53	0.0187956	 0.0212386	0.056089	0.00120599	 0.00622183	  0.00867355	 
0.270832	0.729168	1459.03	0.0184672	 0.0213628	0.0558338	0.00123791	 0.00623889	  0.00869538	 
0.269086	0.730914	1462.53	0.0186353	 0.0213928	0.0556343	0.00122376	 0.00625163	  0.00881864	 
0.267343	0.732657	1466.01	0.018407	 0.0213829	0.0553152	0.00122988	 0.0062777	  0.00916105	 
0.265604	0.734396	1469.49	0.018339	 0.0213421	0.0560981	0.00121111	 0.0062717	  0.0091015	 
0.263869	0.736131	1472.97	0.0183664	 0.0211412	0.0562524	0.00120006	 0.00627638	  0.00941407	 
0.262136	0.737864	1476.43	0.0183741	 0.0209844	0.057432	0.00119415	 0.00639991	  0.00949802	 
0.260408	0.739592	1479.89	0.0184602	 0.0206822	0.0571652	0.00118355	 0.00629564	  0.00960682	 
0.258683	0.741317	1483.34	0.018119	 0.0205079	0.0557268	0.00118358	 0.00624421	  0.00962668	 
0.256962	0.743038	1486.79	0.0184253	 0.0204929	0.0570789	0.00117154	 0.00623972	  0.00975952	 
0.255244	0.744756	1490.22	0.0183209	 0.0208305	0.0573504	0.00116222	 0.00628307	  0.00963621	 
0.25353	0.74647	1493.65	0.0184238	 0.0208407	0.0561149	0.00114495	 0.00627502	  0.00954684	 
0.25182	0.74818	1497.08	0.0181773	 0.0210196	0.0576272	0.00113228	 0.00619193	  0.00953936	 
0.250113	0.749887	1500.49	0.0180313	 0.021069	0.0571834	0.00112027	 0.00609107	  0.00952794	 
0.248411	0.751589	1503.9	0.0180065	 0.0212637	0.0581473	0.00111069	 0.00608804	  0.00936955	 
0.246712	0.753288	1507.3	0.0181109	 0.0216129	0.0578301	0.00110027	 0.00607763	  0.00907165	 
0.245016	0.754984	1510.69	0.018206	 0.0226149	0.0575475	0.00107973	 0.00602165	  0.00907541	 
0.243325	0.756675	1514.07	0.0182661	 0.0223003	0.058127	0.0010973	 0.00601154	  0.00905155	 
0.241638	0.758362	1517.45	0.0181697	 0.0223683	0.0583857	0.00108701	 0.00589151	  0.00890517	 
0.239954	0.760046	1520.82	0.0181228	 0.0219573	0.0577856	0.00107999	 0.00584704	  0.00870611	 
0.238275	0.761726	1524.18	0.0184449	 0.0224291	0.0582544	0.00107068	 0.00574057	  0.00850717	 
0.236599	0.763401	1527.53	0.018599	 0.0229258	0.0588621	0.00107748	 0.0057905	  0.00864134	 
0.234927	0.765073	1530.88	0.0184423	 0.0232147	0.0589836	0.00108993	 0.00581818	  0.00857021	 
0.233259	0.766741	1534.21	0.0189522	 0.0232921	0.0591179	0.00108187	 0.00597288	  0.00852305	 
0.231596	0.768404	1537.54	0.0187719	 0.0230407	0.0593499	0.00109077	 0.00581415	  0.00832702	 
0.229936	0.770064	1540.86	0.0190256	 0.02261	0.0591025	0.00109035	 0.00570575	  0.00831683	 
0.22828	0.77172	1544.18	0.0195388	 0.0228084	0.0588688	0.00107684	 0.00559647	  0.00847427	 
0.226629	0.773371	1547.48	0.0193535	 0.0231632	0.0584266	0.00108352	 0.00539714	  0.00846565	 
0.224981	0.775019	1550.78	0.0195301	 0.0230245	0.0575962	0.00107928	 0.00544889	  0.00841544	 
0.223338	0.776662	1554.07	0.020061	 0.0230957	0.0580211	0.00107562	 0.00537352	  0.00837119	 
0.221699	0.778301	1557.35	0.0200806	 0.022925	0.0580421	0.00108551	 0.00540644	  0.00824043	 
0.220064	0.779936	1560.62	0.020257	 0.0234141	0.0584305	0.0010714	 0.00537731	  0.00827016	 
0.218433	0.781567	1563.88	0.0204629	 0.0232705	0.0580763	0.00106972	 0.00534005	  0.00840422	 
0.216807	0.783193	1567.13	0.020535	 0.0233939	0.05734	0.0010745	 0.00525461	  0.00838968	 
0.215185	0.784815	1570.38	0.0207659	 0.0233139	0.0579068	0.00107098	 0.00529828	  0.00839071	 
0.213567	0.786433	1573.62	0.0208595	 0.0235044	0.0576526	0.00105751	 0.00534991	  0.00824331	 
0.211953	0.788047	1576.85	0.0209438	 0.0237599	0.0575709	0.0010541	 0.00537485	  0.00809834	 
0.210344	0.789656	1580.07	0.0212546	 0.0238802	0.0565337	0.00105235	 0.0053573	  0.00796726	 
0.208739	0.791261	1583.28	0.0210877	 0.023882	0.0575264	0.00105491	 0.00535857	  0.00788856	 
0.207139	0.792861	1586.48	0.0214388	 0.0231183	0.0574569	0.00103859	 0.00523749	  0.00785579	 
0.205543	0.794457	1589.67	0.021316	 0.0232882	0.0574406	0.00105379	 0.00531149	  0.00779064	 
0.203951	0.796049	1592.86	0.0217156	 0.0230421	0.0580959	0.00104813	 0.00517212	  0.00770322	 
0.202364	0.797636	1596.03	0.0216985	 0.02298	0.0580278	0.00104143	 0.00526187	  0.00753876	 
0.200782	0.799218	1599.2	0.0212459	 0.0224425	0.0584682	0.00101501	 0.00523695	  0.00753616	 
0.199204	0.800797	1602.36	0.0212054	 0.0225732	0.0588624	0.00103743	 0.00525145	  0.00743334	 
0.19763	0.80237	1605.51	0.0213895	 0.0225458	0.0592647	0.00103096	 0.00522929	  0.00738801	 
0.196061	0.803939	1608.65	0.0209393	 0.0225609	0.0596164	0.00102813	 0.00525699	  0.00728178	 
0.194497	0.805503	1611.78	0.021263	 0.0228411	0.0604418	0.00102537	 0.00521262	  0.00723187	 
0.192937	0.807063	1614.9	0.0212478	 0.0231086	0.0608635	0.00101477	 0.00515446	  0.00714082	 
0.191382	0.808618	1618.01	0.0213378	 0.0231961	0.0616348	0.00102661	 0.00515254	  0.00693359	 
0.189831	0.810169	1621.11	0.0211743	 0.0230661	0.0612714	0.00101378	 0.00510079	  0.00692441	 
0.188285	0.811715	1624.2	0.0214775	 0.0234037	0.0614442	0.000991295	 0.00507631	  0.00682399	 
0.186744	0.813256	1627.29	0.0213353	 0.0229618	0.0612979	0.000992609	 0.00501748	  0.00669002	 
0.185208	0.814792	1630.36	0.0212512	 0.0228952	0.0619628	0.000967085	 0.00509682	  0.00667343	 
0.183676	0.816324	1633.43	0.0211639	 0.0229928	0.0625834	0.000957035	 0.00499466	  0.0065069	 
0.18215	0.81785	1636.48	0.0211956	 0.0229634	0.0627113	0.000936916	 0.00499132	  0.00644294	 
0.180628	0.819372	1639.53	0.0214375	 0.023327	0.0619889	0.000942573	 0.00487879	  0.00642269	 
0.17911	0.82089	1642.56	0.021153	 0.0230808	0.0614979	0.000949092	 0.00481491	  0.00639486	 
0.177598	0.822402	1645.59	0.0212983	 0.0230471	0.0626227	0.000953039	 0.00465626	  0.00651654	 
0.176091	0.823909	1648.61	0.0212258	 0.0230661	0.0635388	0.000943676	 0.00466088	  0.00640246	 
0.174588	0.825412	1651.61	0.0211372	 0.0235319	0.0634288	0.000935095	 0.00458985	  0.006256	 
0.173091	0.826909	1654.61	0.0211621	 0.0235468	0.063974	0.000943085	 0.00446666	  0.00616987	 
0.171598	0.828402	1657.6	0.0213638	 0.023238	0.0638535	0.000937807	 0.00442279	  0.00610107	 
0.17011	0.82989	1660.57	0.0216164	 0.0230698	0.0640613	0.000934966	 0.00431161	  0.00605659	 
0.168627	0.831373	1663.54	0.0220976	 0.0225533	0.0633017	0.000920455	 0.00419748	  0.00608367	 
0.16715	0.83285	1666.5	0.0215845	 0.0228124	0.0628318	0.000920211	 0.0041423	  0.00595099	 
0.165677	0.834323	1669.44	0.0218607	 0.0221375	0.0646501	0.000915887	 0.00408359	  0.00601028	 
0.16421	0.83579	1672.38	0.0212563	 0.021753	0.0640088	0.000907782	 0.00408196	  0.00593352	 
0.162747	0.837253	1675.31	0.0214254	 0.0214378	0.0636664	0.000901386	 0.00402207	  0.00582075	 
0.16129	0.838711	1678.22	0.0216081	 0.0209931	0.065109	0.000901589	 0.00400189	  0.00573461	 
0.159837	0.840163	1681.13	0.0214613	 0.0210371	0.0630595	0.000873752	 0.00395616	  0.00563592	 
0.15839	0.84161	1684.02	0.0215479	 0.0210658	0.0632096	0.000883124	 0.00387322	  0.0055011	 
0.156948	0.843052	1686.91	0.021721	 0.0209216	0.0630339	0.000878133	 0.00381995	  0.00546501	 
0.155511	0.844489	1689.78	0.0213736	 0.0211306	0.0629038	0.000873108	 0.00376122	  0.00537358	 
0.15408	0.84592	1692.65	0.0218541	 0.0208489	0.0619081	0.00086252	 0.00374893	  0.00510562	 
0.152654	0.847346	1695.5	0.0215827	 0.0208688	0.061754	0.000884392	 0.00374406	  0.00519493	 
0.151232	0.848768	1698.35	0.0215616	 0.0206039	0.0604916	0.000871711	 0.0037304	  0.00502349	 
0.149817	0.850183	1701.18	0.0214529	 0.0205576	0.0603907	0.00087651	 0.00367854	  0.00496099	 
0.148406	0.851594	1704	0.0216954	 0.0208564	0.0600508	0.000856497	 0.00365419	  0.00488653	 
0.147001	0.852999	1706.81	0.0216823	 0.0208304	0.0580148	0.000848723	 0.00361052	  0.00485961	 
0.145601	0.854399	1709.61	0.0219436	 0.0211041	0.0584655	0.000837823	 0.00354225	  0.00482749	 
0.144207	0.855793	1712.4	0.0217029	 0.0210298	0.0586463	0.000852341	 0.00349308	  0.00481501	 
0.142818	0.857182	1715.18	0.0222573	 0.0208992	0.0572358	0.000853164	 0.00346191	  0.00471381	 
0.141434	0.858565	1717.95	0.0220177	 0.0208169	0.0571115	0.000841955	 0.00341263	  0.00459653	 
0.140056	0.859944	1720.71	0.0222854	 0.0204658	0.0565585	0.000853386	 0.00336208	  0.00455924	 
0.138684	0.861316	1723.46	0.022205	 0.0203495	0.0561505	0.000855298	 0.00330316	  0.00443959	 
0.137317	0.862683	1726.19	0.0223703	 0.0206148	0.0548438	0.000850838	 0.00330914	  0.00441113	 
0.135955	0.864045	1728.92	0.0224357	 0.0206877	0.0554608	0.000838452	 0.00323446	  0.00436342	 
0.134599	0.865401	1731.63	0.0221594	 0.0209741	0.0558686	0.000836936	 0.00321984	  0.00432913	 
0.133248	0.866752	1734.33	0.0224633	 0.0211886	0.0549987	0.000819094	 0.0031871	  0.0043061	 
0.131903	0.868097	1737.02	0.0229125	 0.0215726	0.0543298	0.000812223	 0.00312083	  0.00429428	 
0.130563	0.869436	1739.7	0.0224708	 0.0214699	0.0538641	0.000803971	 0.00314023	  0.00432014	 
0.12923	0.87077	1742.37	0.0224617	 0.0214572	0.0529871	0.000817804	 0.0031289	  0.00420928	 
0.127902	0.872098	1745.03	0.02259	 0.0216408	0.0531659	0.000791735	 0.00311505	  0.00421291	 
0.126579	0.873421	1747.68	0.0226587	 0.0219791	0.052359	0.000801116	 0.00308248	  0.00421341	 
0.125262	0.874738	1750.31	0.0226134	 0.022418	0.0524282	0.000799665	 0.00304971	  0.00416499	 
0.123951	0.876049	1752.94	0.0228813	 0.0225434	0.0521676	0.000789023	 0.00299723	  0.00429178	 
0.122645	0.877355	1755.55	0.0225178	 0.02259	0.0520953	0.000785806	 0.00295652	  0.00426262	 
0.121345	0.878655	1758.15	0.0224419	 0.0224637	0.0525033	0.000787852	 0.00290223	  0.004254	 
0.120052	0.879949	1760.74	0.0226151	 0.0225727	0.0518159	0.000771036	 0.00291198	  0.00425435	 
0.118763	0.881237	1763.32	0.0223321	 0.0222541	0.0510297	0.000761781	 0.00287499	  0.00427447	 
0.117481	0.882519	1765.88	0.0220092	 0.0225576	0.0501219	0.000756529	 0.00285624	  0.00435486	 
0.116204	0.883796	1768.44	0.0220815	 0.022424	0.049536	0.000753524	 0.00278558	  0.00432999	 
0.114933	0.885067	1770.98	0.0218208	 0.0225136	0.0494676	0.000751248	 0.00279343	  0.00443191	 
0.113668	0.886332	1773.51	0.0218484	 0.0225128	0.0494611	0.000741262	 0.00274681	  0.00438716	 
0.112409	0.887591	1776.03	0.0211812	 0.0222378	0.0491181	0.000742774	 0.00274418	  0.00430353	 
0.111156	0.888844	1778.54	0.0211613	 0.0225038	0.0490852	0.000736854	 0.00271603	  0.00430862	 
0.109909	0.890091	1781.03	0.0211056	 0.0220872	0.0497349	0.000729078	 0.00269798	  0.00432662	 
0.108668	0.891332	1783.52	0.0212094	 0.0216017	0.0491484	0.00072041	 0.00266208	  0.00435911	 
0.107432	0.892568	1785.99	0.0206738	 0.0214645	0.0492432	0.000717401	 0.00260513	  0.00437335	 
0.106203	0.893797	1788.45	0.020977	 0.0211136	0.0490472	0.000714987	 0.00260566	  0.00436067	 
0.104979	0.895021	1790.9	0.0205182	 0.0212617	0.0487807	0.000713718	 0.00252884	  0.00435612	 
0.103762	0.896238	1793.33	0.0203963	 0.0206883	0.0491527	0.00071234	 0.00254411	  0.00437188	 
0.102551	0.897449	1795.76	0.0201871	 0.0210428	0.048619	0.000714775	 0.00250598	  0.00440514	 
0.101345	0.898655	1798.17	0.0199396	 0.0209943	0.048349	0.000703006	 0.0024574	  0.00441664	 
0.100146	0.899854	1800.57	0.0197799	 0.0209298	0.0478589	0.000685505	 0.00244046	  0.00440967	 
0.0989528	0.901047	1802.96	0.019649	 0.0209574	0.0481337	0.000689977	 0.00243624	  0.00447612	 
0.0977658	0.902234	1805.33	0.0193619	 0.0209272	0.0491836	0.00066031	 0.00237514	  0.00447741	 
0.0965849	0.903415	1807.69	0.0194353	 0.0209611	0.0483429	0.000667358	 0.0023563	  0.00454127	 
0.0954101	0.90459	1810.04	0.0189939	 0.0210157	0.0484806	0.000652731	 0.00232869	  0.00454332	 
0.0942415	0.905759	1812.38	0.0192312	 0.0209212	0.0485355	0.000654108	 0.00226548	  0.00456143	 
0.093079	0.906921	1814.71	0.0188815	 0.0205202	0.0476631	0.000641972	 0.00225101	  0.00450511	 
0.0919228	0.908077	1817.02	0.0191216	 0.0205803	0.0481872	0.000651698	 0.00223476	  0.00449181	 
0.0907727	0.909227	1819.32	0.0187542	 0.0206066	0.0489205	0.000637341	 0.00220542	  0.00446771	 
0.0896289	0.910371	1821.61	0.0191306	 0.0207467	0.0494203	0.000645601	 0.00217421	  0.00451849	 
0.0884914	0.911509	1823.89	0.0190177	 0.020627	0.0498959	0.000644238	 0.00214778	  0.00445083	 
0.0873602	0.91264	1826.15	0.0187637	 0.0205283	0.0496374	0.000646533	 0.00210607	  0.00448018	 
0.0862352	0.913765	1828.4	0.0188711	 0.0208103	0.0500944	0.000645694	 0.00211031	  0.00451393	 
0.0851165	0.914883	1830.64	0.0184722	 0.0215359	0.0497217	0.000624936	 0.00206586	  0.00450064	 
0.0840042	0.915996	1832.87	0.0184183	 0.0208995	0.0499832	0.000608721	 0.00205767	  0.00444587	 
0.0828982	0.917102	1835.08	0.0181119	 0.0208001	0.049735	0.000595581	 0.00205051	  0.00437123	 
0.0817986	0.918201	1837.28	0.0179386	 0.0201303	0.0492916	0.000582245	 0.00204328	  0.00428978	 
0.0807053	0.919295	1839.47	0.0177577	 0.0201605	0.0484643	0.000580764	 0.00203844	  0.00427869	 
0.0796185	0.920382	1841.64	0.0176671	 0.0203774	0.0484104	0.000556501	 0.00200093	  0.00418046	 
0.078538	0.921462	1843.8	0.0174603	 0.0204691	0.0487737	0.000561193	 0.0020212	  0.00419281	 
0.077464	0.922536	1845.95	0.0172469	 0.0207084	0.0482957	0.000555606	 0.00195891	  0.00416467	 
0.0763965	0.923604	1848.09	0.0169662	 0.0205408	0.0481666	0.000548433	 0.00195456	  0.0041304	 
0.0753354	0.924665	1850.21	0.016894	 0.0199185	0.0482976	0.000538705	 0.00194212	  0.00412287	 
0.0742808	0.925719	1852.32	0.0173169	 0.0199177	0.0487033	0.000532056	 0.00189913	  0.00412765	 
0.0732327	0.926767	1854.42	0.0174768	 0.0196874	0.0492539	0.00052804	 0.00189609	  0.00403956	 
0.0721911	0.927809	1856.5	0.0172646	 0.0197968	0.0492185	0.000526473	 0.00188266	  0.00400823	 
0.071156	0.928844	1858.58	0.0175064	 0.0197356	0.049011	0.000515947	 0.0018517	  0.00398625	 
0.0701275	0.929872	1860.63	0.0173651	 0.0202318	0.0486772	0.000505947	 0.00182944	  0.00392217	 
0.0691056	0.930894	1862.68	0.0171943	 0.0197088	0.0479989	0.000495491	 0.00181948	  0.00385415	 
0.0680902	0.93191	1864.71	0.017414	 0.0197591	0.0479507	0.000493906	 0.00180769	  0.0038229	 
0.0670815	0.932919	1866.73	0.0171806	 0.0194391	0.0478109	0.000480163	 0.00181077	  0.00375143	 
0.0660793	0.933921	1868.73	0.0170377	 0.0194538	0.0479691	0.000470596	 0.00178433	  0.00371903	 
0.0650838	0.934916	1870.73	0.017247	 0.0191249	0.0476231	0.000470368	 0.00173412	  0.00363312	 
0.0640949	0.935905	1872.7	0.0168427	 0.0190142	0.0476595	0.000452828	 0.00174724	  0.00363645	 
0.0631127	0.936887	1874.67	0.0167421	 0.019044	0.0465114	0.000450547	 0.00172949	  0.00361027	 
0.0621372	0.937863	1876.62	0.016341	 0.0191655	0.0471276	0.000449967	 0.00172631	  0.00354511	 
0.0611684	0.938832	1878.56	0.0164589	 0.0189376	0.0463978	0.000438957	 0.00170556	  0.00355961	 
0.0602063	0.939794	1880.49	0.0162552	 0.0187948	0.0459524	0.000430343	 0.00167078	  0.00355513	 
0.0592509	0.940749	1882.4	0.0159149	 0.0188538	0.0460092	0.000429415	 0.00166501	  0.00355334	 
0.0583022	0.941698	1884.3	0.0157614	 0.0188954	0.0454929	0.000423085	 0.00166393	  0.00352231	 
0.0573603	0.94264	1886.18	0.01588	 0.0187362	0.044629	0.000419175	 0.00166113	  0.00354828	 
0.0564252	0.943575	1888.05	0.0157781	 0.0182902	0.044769	0.000419442	 0.00165829	  0.00357159	 
0.0554969	0.944503	1889.91	0.0157532	 0.0185219	0.0443663	0.000405862	 0.0016281	  0.00355162	 
0.0545754	0.945425	1891.75	0.0156157	 0.0185334	0.045036	0.000399377	 0.00158298	  0.00349299	 
0.0536606	0.946339	1893.58	0.0154678	 0.0184936	0.0442465	0.000394469	 0.00155086	  0.00347634	 
0.0527528	0.947247	1895.4	0.0154185	 0.0182113	0.0440006	0.000381867	 0.0015537	  0.00339079	 
0.0518518	0.948148	1897.2	0.0152394	 0.0181449	0.0439827	0.000374773	 0.00150582	  0.00336889	 
0.0509576	0.949042	1898.99	0.015093	 0.017982	0.0430739	0.000361942	 0.00147172	  0.00336592	 
0.0500703	0.94993	1900.77	0.015271	 0.0180368	0.0418456	0.000350386	 0.00147233	  0.00335348	 
0.0491899	0.95081	1902.53	0.015241	 0.0177616	0.041475	0.000337025	 0.00144232	  0.00331792	 
0.0483164	0.951684	1904.28	0.0151001	 0.0175934	0.0405504	0.000330183	 0.00143826	  0.0033155	 
0.0474498	0.95255	1906.01	0.0152065	 0.0173561	0.0405255	0.000321784	 0.00141291	  0.00332661	 
0.0465902	0.95341	1907.73	0.0152393	 0.0173778	0.0398789	0.00031304	 0.00141516	  0.00330409	 
0.0457375	0.954263	1909.44	0.014996	 0.0172024	0.0401139	0.000309658	 0.00140779	  0.00331472	 
0.0448918	0.955108	1911.13	0.0151058	 0.01694	0.0395129	0.0003007	 0.00139789	  0.00330194	 
0.044053	0.955947	1912.81	0.0148991	 0.0171044	0.0391901	0.000301276	 0.00138528	  0.00334354	 
0.0432212	0.956779	1914.47	0.0148708	 0.017143	0.03866	0.000296098	 0.00134994	  0.00333071	 
0.0423965	0.957604	1916.12	0.0149853	 0.0169655	0.0388259	0.000285362	 0.0013326	  0.00325891	 
0.0415787	0.958421	1917.76	0.0148162	 0.0167839	0.0376839	0.000282179	 0.00131634	  0.0031982	 
0.040768	0.959232	1919.38	0.0149134	 0.0170342	0.0373062	0.000274812	 0.00128653	  0.00321789	 
0.0399643	0.960036	1920.99	0.0149799	 0.0171745	0.0367144	0.000265083	 0.00123153	  0.00320239	 
0.0391677	0.960832	1922.58	0.014968	 0.0170281	0.0367439	0.000258773	 0.00119706	  0.0031231	 
0.0383781	0.961622	1924.16	0.015004	 0.0170538	0.0359698	0.00025928	 0.00117977	  0.0030524	 
0.0375957	0.962404	1925.73	0.0149506	 0.0172215	0.0352176	0.000252252	 0.00116686	  0.00303825	 
0.0368203	0.96318	1927.28	0.0148423	 0.0170071	0.0357107	0.000244379	 0.00114484	  0.00303857	 
0.0360521	0.963948	1928.82	0.0149848	 0.017134	0.0354348	0.000236792	 0.00113033	  0.00297541	 
0.0352909	0.964709	1930.34	0.014741	 0.0171344	0.0355976	0.000231777	 0.00110203	  0.00294475	 
0.0345369	0.965463	1931.85	0.014664	 0.0169062	0.0357332	0.000223859	 0.00107896	  0.00292281	 
0.03379	0.96621	1933.34	0.01438	 0.0169609	0.0356019	0.000216249	 0.0010592	  0.00282043	 
0.0330503	0.96695	1934.82	0.0143583	 0.0168663	0.0357451	0.000210494	 0.0010295	  0.00278647	 
0.0323178	0.967682	1936.29	0.0142869	 0.0161242	0.0363886	0.000204721	 0.00100268	  0.00273729	 
0.0315925	0.968408	1937.74	0.0140748	 0.0158886	0.0362947	0.000201824	 0.000973684	  0.00267853	 
0.0308743	0.969126	1939.18	0.013904	 0.0158482	0.0367284	0.000188532	 0.000937316	  0.00260278	 
0.0301633	0.969837	1940.6	0.0138564	 0.015515	0.0360083	0.000182698	 0.000898701	  0.00251504	 
0.0294596	0.97054	1942.01	0.013563	 0.0155223	0.0360332	0.000177349	 0.000883232	  0.00252339	 
0.0287631	0.971237	1943.4	0.0134786	 0.0152281	0.0358945	0.000173957	 0.000857456	  0.00247301	 
0.0280739	0.971926	1944.78	0.0136857	 0.014977	0.0357475	0.000162293	 0.000843032	  0.00237458	 
0.0273919	0.972608	1946.15	0.0134299	 0.014677	0.035901	0.000158043	 0.000830226	  0.00237478	 
0.0267171	0.973283	1947.5	0.0133928	 0.0145795	0.0358673	0.000153077	 0.000814297	  0.00234303	 
0.0260497	0.97395	1948.83	0.0132094	 0.0142722	0.0353146	0.000147406	 0.000799696	  0.00232997	 
0.0253895	0.974611	1950.15	0.0132104	 0.0143646	0.0358164	0.000140942	 0.000771238	  0.00224613	 
0.0247366	0.975263	1951.46	0.0130673	 0.0142837	0.0349491	0.000135923	 0.000759681	  0.00223903	 
0.024091	0.975909	1952.75	0.0133873	 0.0141453	0.0349051	0.000129572	 0.000738564	  0.0021687	 
0.0234528	0.976547	1954.03	0.0132435	 0.0140352	0.0348749	0.000122502	 0.00073512	  0.00214428	 
0.0228219	0.977178	1955.29	0.0132278	 0.0141535	0.0344827	0.000119382	 0.000708578	  0.00210933	 
0.0221983	0.977802	1956.54	0.0134032	 0.0142818	0.0342332	0.000113148	 0.000700836	  0.00204425	 
0.0215821	0.978418	1957.77	0.0134171	 0.0144187	0.0335553	0.000107906	 0.000672171	  0.00199807	 
0.0209732	0.979027	1958.99	0.0136532	 0.0144581	0.033372	0.000102346	 0.000654818	  0.00194701	 
0.0203717	0.979628	1960.19	0.0138614	 0.0144957	0.0330477	9.75967e-05	 0.000632585	  0.00188144	 
0.0197776	0.980222	1961.38	0.013564	 0.0143982	0.0331482	9.25117e-05	 0.000627397	  0.00183465	 
0.0191909	0.980809	1962.56	0.013658	 0.0145376	0.0325595	8.78254e-05	 0.000603027	  0.00178391	 
0.0186116	0.981388	1963.71	0.0136156	 0.0145671	0.0321535	8.4583e-05	 0.000587106	  0.00172012	 
0.0180397	0.98196	1964.86	0.0136618	 0.0146175	0.0319979	7.95467e-05	 0.000569143	  0.00167763	 
0.0174753	0.982525	1965.99	0.0135961	 0.0145833	0.0317692	7.59343e-05	 0.000554445	  0.00164934	 
0.0169182	0.983082	1967.1	0.0136515	 0.0146239	0.0315576	7.27898e-05	 0.000545646	  0.00159172	 
0.0163686	0.983631	1968.2	0.0139084	 0.0146851	0.031073	6.82134e-05	 0.000525195	  0.00154356	 
0.0158265	0.984174	1969.29	0.0137192	 0.0148458	0.0314182	6.48534e-05	 0.000506946	  0.00149989	 
0.0152918	0.984708	1970.36	0.0137014	 0.014753	0.0310982	6.19291e-05	 0.000494511	  0.00145229	 
0.0147646	0.985235	1971.41	0.0137734	 0.0148808	0.0317119	5.86479e-05	 0.000480727	  0.00141184	 
0.0142448	0.985755	1972.45	0.0137713	 0.015014	0.0319618	5.49483e-05	 0.00045877	  0.00138261	 
0.0137326	0.986267	1973.48	0.0138228	 0.0149818	0.032071	5.22907e-05	 0.000441193	  0.00134128	 
0.0132278	0.986772	1974.49	0.0138234	 0.0148778	0.032255	4.88578e-05	 0.000427826	  0.00127038	 
0.0127306	0.987269	1975.48	0.013934	 0.0148066	0.0326847	4.50387e-05	 0.000415817	  0.00124297	 
0.0122409	0.987759	1976.46	0.0141559	 0.0150869	0.0323019	4.22531e-05	 0.000400347	  0.00118398	 
0.0117587	0.988241	1977.43	0.0140848	 0.0146741	0.0328386	3.93474e-05	 0.000388359	  0.00117387	 
0.011284	0.988716	1978.38	0.0142154	 0.0145597	0.0329219	3.66194e-05	 0.000375487	  0.00112386	 
0.0108168	0.989183	1979.31	0.0143114	 0.0147369	0.0327447	3.42359e-05	 0.000360016	  0.00108928	 
0.0103573	0.989643	1980.23	0.0144614	 0.0144864	0.0327741	3.0914e-05	 0.000344634	  0.00103769	 
0.00990522	0.990095	1981.14	0.0143653	 0.0146618	0.03265	2.92412e-05	 0.000329039	  0.0010099	 
0.00946075	0.990539	1982.03	0.0145025	 0.014609	0.0326028	2.67525e-05	 0.000319893	  0.000965395	 
0.00902385	0.990976	1982.9	0.0146623	 0.0146953	0.0318912	2.45107e-05	 0.000303685	  0.000934355	 
0.00859453	0.991405	1983.76	0.0148782	 0.0145541	0.0314925	2.23024e-05	 0.000290299	  0.00088353	 
0.0081728	0.991827	1984.6	0.0148662	 0.0146022	0.0319435	2.03223e-05	 0.000275169	  0.000851422	 
0.00775866	0.992241	1985.43	0.014838	 0.0148275	0.031367	1.82608e-05	 0.000268337	  0.000801891	 
0.00735212	0.992648	1986.24	0.0148185	 0.0148361	0.0319418	1.67281e-05	 0.000252482	  0.000767188	 
0.00695319	0.993047	1987.04	0.0148889	 0.0148332	0.0320945	1.48174e-05	 0.000241417	  0.000725207	 
0.00656188	0.993438	1987.83	0.0148597	 0.0150019	0.0314746	1.33097e-05	 0.000225478	  0.000691396	 
0.00617819	0.993822	1988.59	0.0150184	 0.0148475	0.0319342	1.19859e-05	 0.000216168	  0.000659036	 
0.00580213	0.994198	1989.35	0.0150902	 0.0147846	0.0318375	1.05819e-05	 0.000200886	  0.000622475	 
0.00543371	0.994566	1990.08	0.0149951	 0.0148238	0.0322486	9.23972e-06	 0.000187756	  0.000583872	 
0.00507293	0.994927	1990.8	0.0149799	 0.0150166	0.0319002	8.14658e-06	 0.000176852	  0.000549587	 
0.0047198	0.99528	1991.51	0.0150705	 0.0148615	0.0319224	7.03422e-06	 0.000161647	  0.000507814	 
0.00437432	0.995626	1992.2	0.0149579	 0.0149042	0.0325685	6.07244e-06	 0.000150938	  0.000473037	 
0.00403651	0.995963	1992.88	0.0151461	 0.0151162	0.0322937	5.19092e-06	 0.000140945	  0.000439631	 
0.00370637	0.996294	1993.54	0.0150143	 0.0149362	0.0321309	4.40069e-06	 0.000128004	  0.000403591	 
0.0033839	0.996616	1994.18	0.0149578	 0.0148914	0.032252	3.69729e-06	 0.000116355	  0.000365027	 
0.00306911	0.996931	1994.81	0.0151095	 0.0149478	0.0320351	3.05232e-06	 0.000105232	  0.000329249	 
0.00276202	0.997238	1995.43	0.015044	 0.0150881	0.03232	2.46698e-06	 9.49833e-05	  0.000300526	 
0.00246261	0.997537	1996.03	0.015209	 0.0151566	0.0330149	1.93607e-06	 8.54263e-05	  0.000265567	 
0.0021709	0.997829	1996.61	0.0150854	 0.0151095	0.0323746	1.51109e-06	 7.42214e-05	  0.000234747	 
0.00188689	0.998113	1997.18	0.0150852	 0.0150393	0.0323859	1.14813e-06	 6.52836e-05	  0.000205617	 
0.00161059	0.998389	1997.73	0.0151453	 0.0150063	0.0325154	8.38727e-07	 5.52067e-05	  0.00017446	 
0.00134201	0.998658	1998.27	0.0147934	 0.0150066	0.0326891	5.89452e-07	 4.60587e-05	  0.000146945	 
0.00108114	0.998919	1998.79	0.0150103	 0.0151227	0.0325938	3.83497e-07	 3.7113e-05	  0.000119125	 
0.000828004	0.999172	1999.3	0.0149033	 0.0150616	0.0328231	2.23249e-07	 2.8769e-05	  8.96922e-05	 
0.000582593	0.999417	1999.79	0.0152415	 0.0149769	0.0326693	1.10872e-07	 2.03361e-05	  6.36901e-05	 
0.000344915	0.999655	2000.27	0.0150274	 0.0150483	0.0325605	3.91135e-08	 1.18582e-05	  3.75421e-05	 
0.000114976	0.999885	2000.73	0.015013	 0.0150882	0.0324128	4.32134e-09	 3.87364e-06	  1.25297e-05	 
